5 46915 11421
5 40827
2 16325
5 23208
1 16726
2 5315
1 19822
2 14348
5 14678
1 34857
2 12285
1 1300
2 32003
1 22512
5 25180
3 32503
4 16132
1 21472
5 13990
1 20099
1 2005
5 7369
4 24440
1 40615
1 11186
4 8972
5 3193
2 8223
2 37879
1 16861
4 20533
2 37770
3 25745
2 45011
2 3452
3 4904
1 42738
5 29802
4 25503
1 6046
1 16276
4 16098
4 645
2 18841
3 666
5 11462
2 4960
1 42162
3 696
5 33954
4 17466
3 10537
2 895
3 2576
4 15842
3 31375
1 26424
5 22953
3 9751
5 29631
5 9386
3 4000
4 18984
2 17520
5 5287
2 18982
4 28321
3 15875
5 28321
3 29959
4 34671
2 19019
5 12966
3 5618
2 14013
1 32955
4 14913
1 342
5 13861
1 966
2 26695
3 15978
3 44594
1 11199
5 32579
2 39411
1 12667
3 36183
2 22982
3 24413
3 6263
5 24084
1 37654
3 30514
3 38259
3 25129
1 12249
1 21820
2 22549
1 32545
5 18026
1 40774
4 16573
4 4468
5 31698
2 9509
3 2810
5 18452
1 5389
4 8553
3 25853
5 9858
3 31878
4 33171
3 3821
3 427
2 25963
2 17127
4 43942
1 41104
1 41879
2 18803
2 33567
3 38319
3 30859
1 31335
5 38053
3 36491
3 44078
3 1597
2 18985
1 7318
5 17977
3 26565
4 31595
1 40919
3 37957
1 36459
1 43396
2 29346
4 8868
2 4513
5 18781
1 9901
3 11519
1 12064
1 1376
4 10823
2 8169
4 35368
4 15630
1 3033
4 26450
2 25875
3 19071
1 9865
5 3747
1 27668
5 7972
4 34820
2 38585
1 17086
3 4898
3 12231
5 18197
3 36891
1 26376
3 34514
5 44333
5 40352
5 30698
1 28087
4 30494
4 46669
4 18015
1 24008
4 13541
4 45474
4 40017
4 30987
4 2079
3 24444
5 15603
2 37769
3 4907
1 43393
1 15495
4 46521
2 45303
4 12317
1 4522
1 46281
1 36594
4 122
3 30030
5 25638
1 13177
3 5990
5 42235
1 9682
3 45597
2 42632
1 2880
2 44272
1 30754
4 807
5 2595
4 44278
2 41208
2 38416
1 39747
4 34022
2 3556
4 43470
5 1485
1 40171
1 23519
2 6608
5 1137
2 45608
2 24567
2 9475
3 45245
5 46819
2 8051
5 40511
1 24772
2 28201
5 5390
2 29480
5 8566
5 11298
4 7252
5 40229
1 29765
4 18566
3 8378
3 22677
4 43560
5 2639
2 5382
5 8183
2 17923
1 40853
2 3131
2 27398
2 39269
5 12793
3 28622
5 31136
2 3549
5 8826
3 46309
4 32835
2 13202
1 37910
2 44862
1 41172
5 17021
1 32237
4 10326
1 353
2 36739
5 46434
5 36605
5 38229
2 18667
3 22666
1 41169
5 10564
1 39922
5 3481
4 38701
5 23075
3 43530
5 28769
1 28883
1 7032
2 36856
4 6835
2 5119
5 10952
4 22851
3 13468
2 28009
1 5595
3 40276
2 5127
5 31218
3 10613
2 21814
2 17079
5 12780
5 43667
4 40845
4 41866
1 45236
1 21038
3 26349
4 31032
1 15333
5 12707
1 5037
5 33728
2 19129
1 40529
1 9002
4 600
3 22376
1 16276
5 18705
3 35151
1 43979
3 33995
2 18467
4 7646
2 44854
1 31242
3 24365
5 46237
2 19151
3 19257
2 41158
1 27966
2 32072
4 24167
1 5723
4 31855
1 1800
1 18521
3 6105
5 3137
5 36122
4 43387
5 10912
1 20553
5 41191
2 27705
1 35507
2 40108
1 28144
4 5229
5 44036
2 41941
4 28991
1 22404
2 18285
1 6981
2 28454
3 10627
4 12712
3 11792
2 44141
3 31967
3 16713
5 8400
1 17203
3 9074
3 34287
5 14319
3 41476
3 3227
2 20654
3 32229
3 35890
1 31286
4 21897
4 37814
2 41466
1 11186
5 24085
1 28507
2 3725
5 13168
2 23645
1 1823
2 14125
5 20084
2 5122
1 36243
3 45137
2 37100
5 16317
4 19851
3 10690
2 42207
1 40559
3 32308
1 33177
3 27616
2 24327
5 18905
3 16310
4 1951
1 4091
3 38455
4 6944
4 45558
1 46526
5 37440
3 12627
5 11478
5 11117
4 35704
2 15468
5 15844
4 13415
4 36958
5 46663
4 27004
2 2109
1 34877
5 37145
2 9843
5 3172
5 4854
1 16600
2 40083
4 14034
1 10843
2 20382
4 32479
5 42818
1 30628
1 19708
3 17229
5 6055
1 39868
4 12402
1 10152
3 5700
1 31688
3 40378
1 13158
2 19781
5 5479
5 28663
2 195
4 14183
3 40694
4 42277
5 23194
5 39215
3 19524
4 37789
3 18359
5 21212
1 30314
1 34347
3 43560
5 22422
2 29367
5 9373
5 25511
2 429
2 4043
5 22684
3 35310
4 43143
4 27536
2 10577
3 40574
1 20384
4 36191
5 45022
4 24205
1 8662
1 28854
1 35911
3 7328
2 4699
5 32360
5 46529
5 104
5 43443
3 8918
1 13669
5 45385
3 18357
4 26869
3 39865
4 29037
5 16300
5 29872
3 7177
3 20660
4 6098
2 9727
4 32100
4 24877
2 4424
2 1829
4 20672
4 43819
2 24309
3 44779
1 21677
3 43778
4 4516
1 26334
1 36077
4 16421
4 7009
2 22840
1 40728
3 20683
1 39694
1 10256
4 39608
2 32645
5 21777
1 39425
1 39132
2 9099
2 46315
2 3812
2 12088
4 19607
4 13992
2 20367
1 8818
2 501
3 35130
1 24069
3 24456
5 1863
2 1984
3 44789
2 31251
4 2576
4 30802
1 13836
1 20863
2 7811
2 3245
1 39251
1 20614
5 6209
2 16801
3 28511
2 39391
1 9758
2 15451
5 27321
5 34277
1 8238
3 36972
4 34204
5 42059
4 13007
5 24460
3 34969
2 8113
3 23060
5 9027
5 9552
3 19300
3 16513
3 10378
1 41094
5 46854
1 5119
4 44313
2 43492
1 30698
1 29692
3 35869
5 17887
4 26116
5 27132
5 19381
3 12671
5 21454
5 41870
5 21830
4 17028
4 13735
3 42546
4 43425
4 22659
4 44338
4 45837
4 39240
2 44609
3 3042
2 25788
2 40930
2 41984
4 37840
1 2871
2 43006
2 26233
3 46299
4 1238
3 21443
3 5845
1 26798
3 32939
3 330
3 7339
4 40018
4 18204
3 24661
1 22289
1 38800
2 21948
2 1279
5 32933
4 19051
5 7335
3 25443
4 3130
3 17932
4 8956
1 35877
1 24396
1 24428
1 39993
5 5142
2 42780
2 16361
2 20973
3 34910
5 30941
5 7459
1 6599
2 45968
1 38836
3 30641
5 9562
2 10845
1 31699
1 24881
4 17292
3 19664
5 26615
5 44192
2 981
3 40384
3 15956
5 5892
1 8057
5 1743
5 41950
5 46394
3 36387
2 28575
2 67
3 9655
1 4845
5 32444
1 24642
3 29910
2 29309
4 29933
4 3193
5 27228
5 46291
4 7932
4 251
2 41913
2 33576
5 19631
2 33276
4 16493
2 7162
4 10600
4 44741
1 34816
3 39048
5 11038
2 2909
2 13450
2 20706
3 23169
3 39633
4 3026
2 38441
4 4777
2 42874
5 18938
1 9026
2 9686
4 28196
4 15945
2 45414
3 34328
1 3904
2 23109
2 15215
5 9084
4 12971
3 34658
3 43241
2 13540
4 42195
3 17683
4 2341
2 20265
5 42238
5 2970
3 27388
2 45832
5 14065
4 43548
4 20981
3 1846
5 23626
5 13604
5 41679
2 41087
2 7676
3 8838
4 33910
1 42641
5 22017
3 17942
1 15662
5 31992
1 38746
2 40487
5 29734
2 24587
2 18276
4 6845
4 32475
1 22627
2 16038
3 40228
3 46803
4 12565
5 12447
3 38329
4 17601
4 31764
1 27699
1 24303
4 6959
2 2226
4 39495
4 23402
5 31501
5 19481
3 41495
2 12686
4 318
5 7928
4 22262
4 12170
5 32723
4 10124
2 45112
5 32076
5 35892
2 23978
1 11853
1 24952
2 33556
2 30410
1 176
3 25104
4 7314
1 9071
1 39173
4 3716
4 46136
2 3291
3 39807
4 3892
1 40635
2 31705
5 13556
2 37157
2 2929
2 27440
1 36302
1 26412
2 20990
5 45720
2 38623
5 32835
3 14324
2 8008
1 14397
4 23201
5 25177
5 5992
2 17155
5 11765
5 8127
2 32436
5 15348
4 39767
4 21103
4 29520
2 13988
4 25066
3 3757
1 39995
1 30537
1 26881
3 6892
4 18747
1 10651
5 37762
1 37361
1 14928
1 30035
3 16963
2 3136
4 37028
5 43708
4 1826
2 45428
4 24149
1 31537
1 18526
1 31654
3 19182
2 23984
1 40504
2 43346
3 5488
3 4892
1 17126
1 31629
3 22353
4 38486
4 5504
3 37496
4 41575
5 16699
2 11017
3 13125
1 17220
5 42913
5 712
5 19420
5 19130
1 34210
5 25837
1 9876
2 29298
3 38789
5 1994
1 172
2 13766
3 35976
4 20172
2 41330
3 9100
2 34338
2 14639
5 40392
4 8372
3 2349
4 46112
1 35164
1 33302
1 31799
5 21784
5 38807
1 5573
5 16113
2 34741
4 7231
4 46509
1 18695
5 6256
4 38759
5 29396
4 27888
5 22153
1 23539
1 33780
4 32594
4 26695
5 6401
5 5715
3 1100
5 30548
4 3939
2 434
1 32155
2 5357
1 1948
1 25810
5 19314
3 38645
3 2955
3 15075
1 19109
4 24042
3 35327
2 18402
4 17625
5 12192
1 15870
1 25693
2 39330
1 33247
5 1232
3 1157
1 28030
3 248
1 28598
3 465
4 41270
2 117
1 5278
4 12697
3 44189
2 12551
2 43746
2 13628
1 16631
4 19963
5 13120
2 35886
3 30482
4 44298
5 15022
5 22514
3 27028
5 41555
3 43084
4 23780
4 36242
4 32954
1 8646
3 41762
4 43617
5 5326
3 4979
1 18555
5 41984
2 38439
5 36831
4 31819
5 3352
4 36200
2 45011
4 12101
1 23632
4 21015
2 25322
5 40451
1 29899
5 4608
1 37266
2 7489
5 7303
4 21613
2 33416
4 17644
3 25275
2 34311
1 4004
4 9232
2 6913
4 1557
4 7944
2 37376
5 5210
5 14789
5 32586
2 16312
2 1362
4 40382
2 41808
5 11482
3 34898
4 36944
1 26145
3 15881
5 40963
2 30959
5 6180
5 5664
1 12663
2 23529
3 22975
2 37108
3 20401
3 1703
2 10142
3 16189
3 14311
5 46467
2 833
2 43744
5 22819
4 28727
5 20261
3 3740
1 46576
2 19144
4 11519
4 14712
3 31035
1 42547
2 21853
3 8488
4 23040
1 44128
1 12125
5 27248
1 22131
4 20996
1 33857
3 12143
2 19777
5 37625
2 4275
2 5805
3 16754
5 19713
1 39447
2 45329
1 17439
3 30691
5 46549
3 7627
5 1491
4 9173
4 13775
2 3720
4 31313
4 6069
1 3080
4 33634
3 40928
3 41748
2 16475
2 24809
1 6045
5 20129
1 36558
3 25244
3 26314
1 18237
2 34198
2 28806
5 2582
1 38643
1 897
2 29208
2 40011
4 19799
4 38572
2 27015
2 31012
4 2872
5 25766
1 32415
1 37
4 30313
3 18099
2 45385
1 23620
1 37808
5 6082
1 14683
1 33843
1 10212
2 39102
3 22030
3 46471
1 38685
4 3955
5 35826
3 19808
4 30120
2 41248
5 21298
4 10822
5 26928
2 32998
4 13394
3 40086
3 30205
1 13131
5 30724
3 357
3 36341
5 38762
4 44874
3 28051
3 10277
3 15863
1 6396
1 13133
5 15673
1 32276
2 16152
2 3773
1 45659
3 18846
5 17088
4 45612
1 46273
5 2690
2 1516
5 12554
5 28146
3 35027
2 18434
3 38664
5 42952
5 28658
2 33905
1 6816
2 29148
2 9692
1 17860
4 24150
5 27148
1 24359
5 23674
2 37113
3 26428
5 34360
2 25174
1 42384
5 6498
3 43804
2 13676
1 46432
2 38260
5 32701
4 19162
2 30648
4 36018
3 25346
3 23893
2 15473
4 38580
4 16955
5 34806
5 10887
2 41687
3 41026
5 13541
2 43082
2 41224
3 22714
4 26456
1 18386
5 44340
4 15382
1 8334
4 11962
5 36966
1 1889
3 43518
5 33588
3 1945
5 46068
5 42447
5 29967
2 38376
2 21249
3 27759
4 1638
1 19662
5 12763
3 7711
5 6296
4 4439
2 8355
4 6758
5 26839
3 15507
4 42764
2 18064
2 32161
4 34776
2 31070
1 32182
2 40347
3 27485
5 18212
5 3194
4 11319
2 31181
5 12193
1 33760
1 32934
1 42346
3 55
1 38026
2 11770
5 10553
5 35188
2 22884
4 30573
3 28640
2 18796
1 37272
5 5742
1 33456
2 41233
5 27174
4 11248
3 3191
4 28873
3 29248
1 15718
3 35855
1 14829
3 4046
4 20302
1 11319
1 1076
1 39382
3 41816
3 43766
1 44966
1 45356
4 21546
1 11287
4 44929
1 10416
4 24588
4 30301
3 30293
1 43625
1 31135
4 40751
2 2805
5 42524
1 31853
3 11435
1 40358
3 271
5 30863
5 9274
3 14638
2 593
1 19200
4 16247
3 25941
2 8214
1 25011
3 27333
2 30744
3 38741
5 11170
1 37465
2 7656
3 41092
1 5293
1 12718
1 4428
2 28324
3 10217
4 43063
4 45660
2 26341
3 12022
3 17435
1 21995
3 34139
5 23373
4 16741
1 8654
5 16998
2 4770
5 10182
1 10254
2 46732
3 17617
5 33985
3 20164
2 35094
5 284
2 36839
5 13633
2 36062
2 2392
3 31897
2 10427
5 12893
1 31805
2 43258
5 8386
2 44163
2 41921
4 30697
2 21178
2 16689
1 4964
5 36487
3 20980
4 14083
1 45567
3 44289
3 28768
3 39176
4 10500
1 11024
5 4746
4 38816
3 20482
5 27342
2 29842
3 904
5 44661
2 28524
1 36348
5 32051
2 12460
2 46455
4 3190
5 42536
5 33188
5 21867
4 8497
4 16724
3 38619
3 14119
2 22004
1 42391
5 11044
4 18890
3 5212
4 26954
2 26030
2 19814
1 176
4 39109
3 46223
1 5281
3 38739
5 31352
4 14626
4 18464
2 16425
5 27081
1 6128
1 20986
4 33136
4 43991
2 8676
4 42214
3 41443
4 28704
3 25969
5 823
4 46827
3 30767
4 42026
3 26645
1 28510
1 40951
2 10303
3 46765
4 5934
5 40301
2 13395
2 7963
4 32843
3 208
1 22939
1 36920
1 20765
3 17273
1 27305
4 19509
2 28056
2 11620
4 5182
5 498
2 2055
5 45953
1 21195
2 26292
3 40033
2 16928
4 19399
3 19484
2 21001
5 39161
2 44926
4 37073
4 24604
1 36674
5 33155
1 40157
2 11601
3 17435
5 24007
1 43057
3 6912
4 28621
4 8790
4 8655
2 34612
1 37274
5 27483
3 4743
5 38025
1 27788
3 2051
3 23980
1 22363
4 10165
4 6396
5 35147
3 37599
5 44568
5 30530
5 6496
5 34368
4 33508
2 28498
2 34000
3 19778
3 12292
2 6832
2 42045
1 39156
2 23149
2 8900
2 30115
4 1785
4 23148
5 32623
4 3321
2 10629
3 1303
4 14965
4 21296
1 20857
5 31390
1 34651
5 14433
1 19936
5 41543
3 40287
4 36962
5 38337
2 6884
4 18979
2 19816
1 20396
1 22941
1 2703
5 22275
3 16458
4 35354
5 10162
2 32258
2 20111
3 19277
5 43467
4 10960
3 10139
5 23534
5 1907
1 45026
4 4315
5 36851
1 548
4 19182
5 37346
3 13242
4 7457
5 32847
3 27869
4 36947
1 38590
5 1094
1 19246
3 33748
3 10613
2 9851
3 43060
2 43688
5 14006
5 29758
5 13602
2 26291
1 41965
3 28093
5 11243
2 18026
5 31376
4 9233
3 39968
1 29447
2 10077
1 17571
5 394
5 5043
4 11091
3 28028
4 20731
4 113
2 32769
4 9494
1 22350
2 33448
2 3194
5 40030
4 369
3 2309
4 22594
3 40142
1 37347
3 43334
3 17531
5 18801
2 24845
5 7480
5 24323
5 100
5 5798
3 5728
5 46125
4 30189
2 40536
3 41617
3 30936
5 30564
5 37821
4 36841
5 4074
3 10101
3 12096
4 18518
1 41752
2 8051
2 40249
3 31611
1 32748
4 43295
1 31599
4 46206
5 11795
4 4308
2 35628
3 34238
2 24041
3 30768
2 37224
5 35130
1 15928
3 24916
4 8703
5 24553
2 39831
4 10104
3 27112
4 18401
2 7088
2 45589
1 32638
5 1370
4 28450
1 13719
1 1007
1 11994
2 14512
5 22617
4 23364
1 39496
1 27867
5 19209
5 10347
2 11957
4 37390
1 12464
5 34845
3 9978
3 39197
3 7533
1 16226
5 27555
3 15617
1 35787
2 35272
1 1440
3 13771
5 41618
3 30934
5 9189
3 39429
4 8352
2 37110
3 19985
3 20897
3 25712
2 30487
2 11035
1 2540
5 34765
3 22253
2 46673
4 34886
5 13915
3 45835
4 5794
3 43204
4 25018
3 18058
1 20047
4 4267
3 15879
2 10604
4 35694
4 32494
5 11736
5 17120
3 32127
3 30294
4 28676
4 38527
3 37220
3 23007
3 45784
2 23815
5 16865
4 16895
1 8188
2 34744
1 33833
1 9953
5 9146
5 34493
4 8322
1 34379
5 22083
3 36751
5 32781
5 24663
4 9428
4 27008
1 27732
4 21747
5 44183
1 36150
5 32547
3 10850
2 6768
1 43266
4 9785
1 27142
3 6255
2 34683
2 9702
1 23597
2 45609
2 51
3 38426
2 36220
4 3258
5 42282
3 27685
4 40042
4 2833
2 33822
4 27016
4 39904
2 1202
4 13514
2 6814
2 14876
2 1326
4 32466
3 10084
5 12939
3 22414
1 36069
3 31825
2 756
3 44110
4 14705
5 17462
1 14069
1 40737
2 41606
4 21117
4 45798
4 26950
3 29631
1 26445
2 2215
1 27653
5 24670
3 39220
2 159
4 5593
4 29308
3 32511
2 37079
5 26546
2 17146
4 19674
5 37076
3 42437
3 29780
4 19730
5 31132
2 607
5 8146
2 42866
2 17102
1 33701
5 33233
4 6065
2 18451
4 44404
5 33017
5 38380
2 34055
1 15463
4 2426
1 32886
5 14728
1 25640
3 14168
3 34087
3 42764
1 42078
1 41709
4 16418
3 15702
2 14488
3 25363
2 1223
1 38261
2 27728
5 37763
3 11146
3 7400
5 9492
4 24956
2 28829
2 43255
4 46373
4 46726
5 44640
4 38881
3 17710
4 28962
1 37652
2 15359
3 10815
3 32565
3 15242
4 33701
3 26883
4 41976
2 34590
5 3500
3 23244
1 27289
1 28272
2 40809
5 13987
5 4593
5 20689
2 18114
4 10724
3 42639
5 9906
5 32496
2 12382
3 45017
2 41271
3 35614
1 25699
3 28447
2 32489
4 27757
5 12881
5 39498
1 19591
5 42385
4 27754
3 25293
2 6640
5 6818
2 22394
1 21754
2 28246
4 42620
3 32050
3 24132
1 24362
4 23307
4 19886
2 39553
2 41621
1 15242
1 34160
2 6762
5 10326
3 25026
2 26762
1 41045
1 38222
4 38813
4 32062
5 39330
1 44100
1 11714
2 33354
5 11778
2 22535
5 44652
2 30503
2 30701
1 25289
3 38370
4 35856
5 3171
4 31434
4 24456
1 36520
4 5681
5 35211
2 24852
4 12199
4 6752
5 25960
2 36445
1 40726
5 31746
5 4919
5 41781
2 18766
3 33642
3 1905
1 41524
2 18768
3 28693
2 36607
1 36303
1 32976
4 33899
3 9225
5 1319
2 11633
4 45442
5 32096
5 2947
4 277
1 35492
1 781
4 28340
5 41305
2 983
3 21668
1 15685
4 14806
5 31844
4 615
4 18157
5 35460
1 30095
5 39070
4 21821
5 1259
4 16146
1 11337
2 6572
4 977
4 12668
1 11554
3 32464
2 38009
2 32099
2 25668
4 23015
3 3538
5 45647
4 12504
1 7591
3 35569
4 11567
2 213
4 3329
1 30921
4 42947
3 109
2 11357
4 2877
2 4170
5 12486
4 26140
2 46806
3 3683
3 13983
3 19838
3 45008
2 21894
1 21412
2 32868
3 6757
3 38592
3 11095
1 30386
4 10423
5 32430
4 11655
4 13921
3 24999
3 34912
1 16534
1 35501
4 17976
4 22212
2 1735
2 7994
3 11065
1 9055
4 25971
4 17110
1 29506
2 78
2 37878
4 17129
3 10929
2 19399
4 6930
2 40615
2 43360
5 33778
2 17100
4 13217
3 13158
4 13309
4 34081
5 22226
1 22932
4 26900
5 6526
4 8118
1 40464
2 27545
5 12816
3 15821
4 15256
3 30360
3 8283
3 23022
3 2591
3 19325
5 16116
1 12098
2 26122
3 43985
2 35153
2 31965
3 28891
3 13248
3 4577
3 40435
5 8778
1 920
1 2082
3 30765
1 12875
2 9792
5 491
4 34055
2 4009
3 4277
3 325
4 37581
2 34926
4 22959
5 5597
2 24687
4 42151
1 12261
1 11571
1 7670
2 21800
5 29108
3 46206
4 11479
2 31783
4 27976
2 46245
1 35532
4 42362
5 4384
4 36100
5 13369
5 15573
1 44431
2 14050
1 33092
5 21284
3 41081
3 36223
1 12081
2 32418
4 26736
5 36519
5 249
3 38709
3 29753
2 7326
2 13288
3 42930
2 14048
5 41951
5 11522
5 22577
3 28926
2 15476
1 23087
1 4302
2 4620
2 13085
5 21815
3 10132
2 37437
3 3624
5 36676
1 4627
1 45466
3 31005
5 25196
1 10141
5 28047
5 8781
5 29733
4 10820
4 43441
1 44613
5 23336
5 1905
5 2577
1 27499
4 36881
2 26070
5 24608
4 5674
3 22775
5 22445
2 12061
5 2926
4 14682
3 4551
3 3978
1 735
2 31906
3 11450
3 4399
2 20791
4 6980
4 33598
2 10320
2 42474
4 24362
1 38257
1 38586
5 29472
4 34237
5 13714
5 23628
2 31017
4 41120
5 16520
4 26605
2 20996
4 46279
2 10095
1 18390
5 38326
2 23095
2 4075
4 32346
4 19766
3 23820
2 41214
3 17342
5 11007
1 36578
5 20023
5 44547
5 12798
5 22376
4 4166
5 8774
2 34033
5 41629
3 7217
4 23000
3 25919
5 45459
4 43721
4 1404
5 15459
1 25747
5 21402
1 32252
3 4204
4 39028
5 28377
1 21733
1 8631
5 39591
4 19460
5 44248
2 43391
2 6886
2 35631
2 39343
5 23306
1 18651
1 25807
5 43448
4 32183
1 34256
4 16973
4 27624
1 28664
4 31970
4 1961
4 14709
5 15414
2 1456
3 5249
1 23101
4 23867
3 43652
2 5554
3 42169
4 33363
5 5308
5 17651
2 3730
2 29888
1 16451
1 16304
4 2029
4 25027
4 2368
4 27564
2 43879
2 45839
2 37974
2 4599
3 17258
5 44725
4 32898
1 10490
3 5761
1 37020
5 10957
4 6981
4 45533
3 45334
4 7750
4 11273
5 27048
1 27068
4 30302
2 24087
5 34883
1 41665
5 20132
5 2811
3 24877
5 25754
1 15068
4 12590
5 26272
5 17920
5 31878
3 35351
4 7974
5 19964
5 3900
4 40948
4 38056
5 12322
1 30778
3 44440
2 8122
3 28349
5 2372
2 42862
4 35197
2 7727
2 5183
3 38639
5 15954
1 34935
2 6229
2 5831
5 26748
3 15606
2 11205
1 6041
4 10655
1 6590
3 28734
4 15578
3 31893
4 46844
5 45115
4 1679
1 20596
5 1388
1 42699
1 13550
1 31479
5 5318
5 24224
2 35337
4 18861
5 41560
2 39765
5 46425
1 1200
5 15406
1 8077
5 2759
2 37972
2 41182
5 43176
2 960
4 14145
3 17138
4 17578
3 15702
3 34204
4 35349
3 21996
3 44025
5 28934
4 21640
3 32603
5 28063
3 6339
1 37054
3 12677
4 33945
4 12074
4 21750
1 8456
1 2581
5 7606
3 21087
4 22201
1 24411
2 28195
5 34938
2 29513
3 34958
5 42558
4 6110
2 23269
3 839
5 19790
4 5319
1 19946
4 29886
1 25545
3 4908
2 21750
4 34850
4 40418
1 2136
4 25155
2 35728
4 39884
4 8091
5 22045
5 33841
4 33456
4 15464
1 19463
1 36714
2 6613
3 10233
4 6497
2 3991
2 15862
5 12054
5 42268
3 30365
3 41328
1 9765
1 26692
4 26277
1 425
1 19613
2 11378
2 8154
5 6030
3 38499
1 4482
2 14596
4 25565
5 9201
2 42150
4 18402
5 21572
2 29061
2 1126
5 19493
3 40024
1 46001
2 6198
3 44071
5 36756
1 15446
4 7185
5 43869
1 46171
5 21449
2 32857
4 12289
3 24614
1 20978
1 28659
2 34412
1 11739
5 9937
1 15863
3 39529
1 38684
2 20283
4 46508
4 19491
1 21464
3 13285
2 16648
4 40181
4 25613
4 17056
4 37981
2 22030
3 22556
4 44012
1 900
3 11397
2 33028
1 31833
1 31575
1 20339
1 45261
3 19493
1 1286
2 34222
3 27276
3 5051
3 46419
1 8646
4 45175
5 10340
5 25353
5 13148
5 41306
1 42939
5 22965
5 23469
1 23828
5 30389
4 11507
2 13215
3 9364
5 45507
1 31800
4 24314
1 9070
2 46530
2 44881
4 10551
5 19065
5 40423
2 31739
3 6936
4 42192
3 8760
3 26351
4 9486
4 13996
4 13398
2 22883
3 29397
2 4084
4 689
5 8147
1 29059
3 25222
3 26265
3 38858
1 24978
2 20497
1 17662
3 20774
3 36788
4 24457
3 36146
3 23449
2 36467
1 34886
1 28344
4 13022
3 17102
1 6411
2 324
2 10058
4 25399
4 43830
1 24350
1 45340
5 4043
4 25336
3 2431
1 11041
4 5367
1 12760
2 17441
2 45587
4 24415
1 12698
2 2977
4 6050
2 37964
5 35109
4 8107
3 15920
1 26594
2 10884
1 46764
2 4201
3 27145
3 4593
4 34925
2 4684
1 25819
5 15006
2 16649
4 31845
2 22468
5 44034
4 37287
5 21810
4 8253
5 10065
3 20159
3 30389
3 20050
1 29960
2 12479
1 25583
4 18056
4 4630
2 42857
2 10361
2 34067
4 33782
2 2757
3 17036
2 44149
5 6440
2 37199
1 9003
5 28492
5 15627
1 11110
4 24358
1 27559
2 7111
2 4501
5 5362
5 18852
4 35936
1 40112
1 34506
2 19159
2 14095
1 20747
1 10800
4 24374
1 39072
4 37483
5 32839
3 19120
1 13326
1 15022
1 18484
2 5158
1 18933
4 39052
1 17978
2 9051
1 43000
5 29019
3 29002
1 39176
4 3861
5 1425
4 2734
3 16940
5 28956
5 32829
4 14489
4 30267
5 9963
1 20717
2 17971
4 27633
4 21858
1 5796
1 34049
4 33944
4 40269
4 2365
3 39644
1 36541
3 36272
2 44914
5 10683
1 42092
4 35069
5 19862
2 5010
3 7585
5 4764
3 21686
5 24727
5 10130
5 40359
5 7012
1 38459
2 3713
4 33774
3 12973
3 21238
3 44949
3 45532
3 7930
5 4544
5 16861
4 36526
3 6172
3 45211
4 24999
5 36525
1 10289
3 26135
2 39640
2 45083
1 29745
1 29678
3 39616
4 24726
4 31971
2 2773
3 26934
2 42931
2 2799
3 21474
3 4399
3 37726
2 1986
4 31560
1 13913
2 42264
3 19639
2 26786
2 39391
1 26742
2 10796
1 46269
3 6149
2 27052
1 17097
5 22401
3 19224
4 3365
3 11743
3 37775
5 22419
1 11978
5 19755
4 18278
4 3041
4 34366
5 17066
3 10944
2 40888
5 13121
4 39798
1 16892
1 35213
1 46166
5 9208
5 18478
3 16711
2 17338
4 19889
5 36033
4 44051
1 33514
5 11523
1 41880
5 20143
2 2172
5 25818
2 29712
5 34773
4 33733
4 4645
2 15060
4 10493
4 30358
3 45796
3 4332
4 29955
3 15082
5 15974
4 5282
2 22334
4 7324
2 39190
2 10225
2 715
1 12519
3 30470
2 18926
5 4203
1 25605
3 21941
3 26587
5 30251
3 21197
3 12935
4 29561
1 17683
3 27345
1 4494
5 32188
1 18974
1 39596
1 27966
1 11575
5 27522
3 6971
4 6330
2 33967
3 20766
3 6877
5 7167
5 2903
4 1723
5 13954
4 16468
5 42209
3 3842
2 13756
1 7080
2 19755
1 23163
3 35650
4 17125
4 45833
4 948
3 24287
1 18663
1 14292
5 2336
5 28743
5 10289
3 27562
5 13721
5 4144
2 34493
5 374
1 28108
3 1134
3 15190
2 15534
5 36823
5 37580
5 32767
5 37876
4 30857
3 3144
3 31093
4 8222
3 22588
3 19205
2 2538
3 40096
2 17484
1 29741
3 41030
2 21401
1 14048
3 19698
3 16161
4 369
1 30839
3 20057
1 46025
4 24771
3 45244
4 29885
5 29860
1 2479
1 25651
3 4201
5 46136
1 36378
3 16524
3 12657
5 39430
5 6742
4 38468
2 40253
4 13958
4 29341
5 11032
2 8268
2 30972
4 16488
2 6698
2 35007
1 19686
5 16646
5 27392
1 14502
2 30850
4 13394
2 3821
2 31827
1 40158
3 41837
3 9162
4 42935
2 10714
3 10152
2 4221
4 45
3 20975
3 14760
4 28258
4 22093
2 7425
2 26068
5 37207
5 17142
4 8227
4 4184
5 8842
5 33967
4 29068
4 3524
2 3187
4 180
4 884
4 27402
5 23863
5 46061
2 2630
1 42160
2 8025
1 38991
3 15826
1 6386
3 17825
3 5734
5 10696
5 33571
4 3576
3 34347
2 1955
4 31860
3 1146
2 37967
3 9306
4 21290
2 26219
3 1307
3 29514
4 23961
2 32109
2 2127
1 9041
1 17865
4 42810
2 28191
1 33457
1 8812
5 29574
3 45492
5 17698
5 20733
4 37002
4 21101
5 28145
5 37540
2 7072
3 17953
5 21643
4 32836
3 27606
1 24738
3 30729
2 28132
1 44166
5 18036
1 11275
1 32868
3 37295
1 14320
4 41387
1 32853
1 21211
1 22338
2 29989
1 12681
5 18808
3 18703
2 1231
4 38234
1 39891
4 31359
2 25473
5 2316
3 6218
1 29950
1 1144
1 26868
4 45914
4 23891
2 17460
1 28519
4 45504
5 21557
5 5892
1 29650
3 35698
1 25933
5 46692
1 5301
4 41653
2 28371
5 11502
1 27920
2 36007
2 3087
5 45252
3 5470
2 3200
1 34379
2 7007
4 9736
4 34470
4 16395
4 21837
1 10905
2 7795
1 25389
2 16278
4 27516
3 28092
3 40909
1 9876
5 125
5 23485
1 5532
4 35875
4 12878
2 37039
4 34097
4 1955
2 26568
1 37874
1 33225
4 29912
4 7194
3 12309
5 26219
4 9628
4 28443
5 16705
1 33012
1 25770
5 13806
2 20388
3 40799
4 31381
2 21970
3 29989
3 21741
4 16825
2 34184
1 34202
1 31756
3 40784
4 37844
2 19723
4 12160
3 34900
5 38792
4 2074
5 20743
5 45891
2 13232
1 30832
2 43259
1 20563
5 17377
1 6234
5 6402
5 44210
1 41690
1 18360
3 30874
2 34938
2 23773
1 13230
4 39694
5 20561
3 25119
5 21529
5 39906
1 18289
2 43317
1 21580
3 28281
1 22042
5 40788
3 27734
4 16813
5 7045
4 677
3 3130
5 2890
4 3098
4 31986
4 36621
5 24255
3 17988
3 8885
3 23710
3 28750
5 32059
4 42432
4 36388
5 18493
2 107
1 8550
4 32472
2 243
3 34287
5 12180
5 39254
1 45231
2 9423
2 1154
5 23462
2 11315
2 13532
4 15194
1 15578
4 1582
2 28459
3 24346
3 45068
4 21700
1 23917
3 44252
4 7212
4 1368
5 14118
3 22494
4 39110
5 25378
1 42912
2 10123
5 14138
3 18256
1 37430
3 46791
4 27342
3 22601
3 38568
3 36260
5 30669
4 9978
3 37854
5 14322
1 36308
4 39624
3 10973
5 2362
2 45602
1 41519
1 10568
4 14187
3 38147
1 31972
5 25056
3 40557
4 25181
5 17341
2 1470
1 6291
2 1938
1 7488
4 2722
4 11890
1 17622
4 24891
2 21003
5 33923
1 14836
2 42594
2 27614
1 31005
5 29670
2 13914
3 25368
3 16200
4 40737
5 15716
1 28441
3 29635
5 16023
4 5478
1 41848
3 11730
3 9419
3 15075
2 42454
5 28225
4 17270
1 22689
4 7439
1 17891
1 46214
3 15178
3 40182
3 10731
2 35223
4 41149
2 38882
5 28836
3 26910
3 11852
2 19565
4 4566
2 21894
5 14997
1 36190
3 20480
4 8
4 44790
4 42400
1 27646
3 38433
5 29678
2 17113
5 26872
2 42563
3 25288
3 31366
1 11182
5 31856
5 29808
4 36917
5 12592
2 23058
1 46006
5 40197
3 43201
4 22159
5 36347
1 7164
3 6783
3 3403
4 21896
1 30467
1 3456
4 27345
1 24355
2 36040
5 11165
3 9914
4 27694
4 15305
1 27352
3 31005
3 31198
4 6212
4 27258
3 43009
2 3989
5 19070
1 10432
1 34095
1 32397
1 9303
3 21388
1 20245
2 29213
3 2259
2 5886
4 21244
1 9645
1 43709
4 28990
1 41416
2 214
3 24575
1 7147
5 2068
5 41267
2 9210
3 25930
5 35671
4 26379
3 15911
1 4320
2 41143
3 6259
3 46912
4 42958
4 43563
5 28624
4 40991
4 437
3 2133
2 20883
5 8255
3 35365
3 25658
4 14046
1 46361
3 42477
1 45606
3 29601
5 73
2 25360
2 42941
4 27470
4 45032
2 19780
3 5790
3 28037
4 35861
4 14155
3 15024
3 10938
1 18767
3 38538
1 44732
1 13733
4 4663
4 32627
5 5806
3 9387
3 7819
3 36821
3 2341
1 10402
4 24773
2 10816
4 4704
1 46550
3 4978
5 658
4 23138
1 38073
4 37073
5 28031
2 26584
2 13831
3 13503
3 12903
2 37539
5 7483
2 15038
2 20070
2 43989
1 33498
4 34186
5 41130
2 38851
2 24139
4 15055
5 18772
2 26329
3 19898
5 25768
1 45707
4 8849
3 25859
1 20480
5 39873
1 31890
3 17456
1 22997
3 30021
5 38771
4 25403
5 22792
2 4424
2 39602
2 27878
2 3337
1 46486
3 10081
2 43880
3 26862
3 10936
3 11582
5 19311
4 34810
2 21966
4 42790
3 3038
5 44251
4 14580
1 3449
1 15221
2 14925
3 28132
3 2908
3 17989
2 7966
5 43953
4 21962
2 5779
1 44553
1 23933
4 22759
5 3824
1 14855
3 39889
2 46737
5 7237
1 30990
3 24423
2 30853
3 18812
1 36641
2 13264
5 16229
5 34609
5 5053
4 19656
5 36110
4 37549
2 23959
2 42590
4 20789
3 27912
4 31639
3 42118
1 3345
5 6417
1 24750
1 12318
2 20724
3 16621
5 25738
1 24647
2 2376
1 19921
4 34787
1 6653
5 19008
4 14794
2 19419
4 29756
3 4763
5 14442
4 19372
2 31779
4 28967
4 2079
3 31964
1 41504
3 44610
4 1098
2 3325
4 27503
4 318
4 30674
2 324
5 14777
4 14363
3 3485
3 32589
5 8522
1 28786
5 39142
4 11440
4 14271
5 22634
2 17879
5 43407
4 13594
5 36050
3 1940
3 46498
2 1922
5 43054
2 43176
2 1510
3 24338
5 37845
2 29601
4 16005
2 35205
4 10423
5 19472
5 15992
3 19620
1 44280
2 37100
1 44293
4 2128
1 35201
4 22856
5 45356
1 33614
5 24974
2 14047
2 46353
2 44770
3 20353
2 36007
5 16728
1 6485
2 2127
2 45375
5 34172
3 4770
5 6994
3 26161
2 41281
1 21769
5 15915
3 9139
1 38995
1 31464
5 33540
5 22557
1 25704
1 34662
5 24545
1 1003
2 1729
2 23962
1 135
4 16227
4 38525
3 5982
5 16851
3 3554
1 45930
4 8883
1 10748
2 28663
5 27444
1 16920
2 13934
1 3615
5 29797
4 42747
5 46383
1 3736
1 45917
3 5024
4 176
4 44795
4 7224
5 22321
3 34368
4 26066
4 46473
1 26863
1 43884
3 21656
3 115
1 38126
4 6542
4 34760
2 18145
3 45805
2 42508
1 13588
3 25717
2 43577
2 6604
4 1613
3 17915
1 13526
5 28695
2 20687
5 46760
4 45768
4 25488
3 24334
4 28511
1 24707
2 18838
5 25411
4 21076
2 39724
2 19079
2 7435
1 18593
5 12171
2 43156
4 38956
3 33890
4 152
4 16688
3 6487
3 13227
2 39956
5 39838
2 29821
4 36730
4 1765
3 14457
5 9772
2 10999
4 18074
2 41178
4 36327
3 44379
5 22508
5 37225
3 36761
3 1739
2 30720
5 10309
1 9694
5 29705
2 46787
4 13815
4 25514
1 10236
1 27478
4 29045
4 27618
5 36750
4 7219
3 5142
1 41076
4 42352
2 19638
5 30939
5 11627
4 33589
4 44084
1 34977
4 32349
4 36290
1 3434
3 33118
3 40438
4 24410
1 24499
2 10010
5 42400
5 21237
2 19121
1 36812
3 40506
3 33134
5 31342
1 9955
2 887
5 20622
1 1211
2 24181
5 18750
3 26918
3 3246
2 31808
4 17464
4 36823
3 6241
5 31242
2 16048
1 29287
2 46899
2 35737
2 14422
3 38941
5 4311
5 28664
1 5492
4 23832
5 25842
3 2789
1 24486
4 14104
5 46478
2 19411
4 46028
3 1066
5 38527
4 13816
1 3108
5 9070
4 11182
3 19059
4 20032
2 3167
1 963
5 3709
5 3322
1 32567
1 10542
5 46778
4 44598
1 30471
2 11481
4 36393
3 39267
3 46544
5 707
4 27952
3 17443
2 32542
3 13218
3 33818
5 35389
4 9240
1 29199
4 20845
1 32455
1 15913
4 44810
2 19387
1 34360
1 12156
1 24766
3 18655
2 21295
1 14067
5 32717
1 22190
5 16857
4 26095
5 43383
3 44674
2 3126
2 11867
4 42817
3 31846
1 5650
5 29490
5 25643
2 37365
3 22277
4 3843
4 30265
4 7001
3 34463
1 42473
3 582
4 20050
1 42399
1 22136
2 21066
3 15220
5 30538
5 3515
1 29384
3 18972
4 7399
5 36844
2 41336
5 19739
4 1317
4 9174
1 12230
3 22445
3 35502
3 38700
2 7035
5 38043
3 37584
1 3794
5 24581
4 20149
2 21841
1 17067
5 19349
1 1684
3 43942
2 20245
5 3163
4 39626
5 5861
2 35441
3 38325
1 39614
1 42919
2 27038
1 44413
3 14525
3 40728
2 9061
4 34205
3 32519
2 8393
3 18970
2 26778
4 12345
3 6772
5 1741
1 37907
1 45041
2 6985
3 12272
1 30969
4 13585
2 24083
4 46209
2 30250
1 28813
1 8781
1 20300
3 3097
5 3405
4 21176
1 11437
4 38343
5 30115
4 29472
2 22945
5 44907
1 28759
2 34202
1 37913
3 14000
3 24598
5 985
2 46328
3 4365
2 40063
5 7230
1 2695
2 22416
2 44643
2 32464
5 41038
1 26275
1 25088
1 2192
1 18732
3 21939
1 10068
2 34342
3 43848
1 12017
2 12474
4 16833
2 4872
5 2536
4 40074
1 36975
2 18667
3 33211
2 23341
4 29492
4 5673
5 33239
2 22823
4 2275
5 3221
1 11191
4 43765
5 38772
2 2005
4 36969
2 29754
2 28213
1 16810
5 22043
2 36243
2 6621
4 12945
3 25057
3 16022
1 14161
5 34563
1 43036
5 9125
3 34083
1 6527
5 9176
4 16032
5 16590
2 45531
3 42570
2 44628
2 30372
1 43
2 5501
5 15352
3 43240
4 27561
4 37201
3 45759
4 19481
5 44076
3 32291
2 24632
5 13945
5 7298
1 15249
5 31498
3 28785
5 1607
4 17873
5 45542
1 38850
4 301
3 16521
2 41294
1 20849
2 33666
5 18008
3 46589
4 37862
3 44141
3 32759
1 23439
1 21229
2 42924
1 4496
2 14448
4 39661
4 33681
4 17655
3 5403
4 31593
5 16733
4 42381
2 25565
2 30686
2 46431
5 10628
1 15237
2 31081
5 39168
4 19135
4 21223
4 28035
3 15854
1 32337
2 13205
4 5074
5 33348
4 28448
5 20903
4 6779
3 39414
2 40264
2 28239
4 30334
2 42277
1 19516
5 43441
2 14443
1 16516
4 34725
5 27420
5 17493
4 31745
1 13080
4 1528
2 30827
1 41700
3 15416
1 44349
5 32029
2 14602
3 30691
1 4549
3 5504
3 40943
2 19289
4 5287
4 46063
4 45905
1 27337
1 43162
3 22708
3 42494
2 10649
3 18445
1 856
4 30689
1 19833
2 26497
5 35590
3 12918
3 10098
2 38549
1 8346
5 39698
2 23877
2 23709
4 28466
3 37738
3 21819
4 30321
1 11578
2 3774
1 7864
5 3742
3 18154
3 2771
5 970
1 39734
1 42194
5 32034
4 4418
4 18353
2 41690
5 30996
1 31095
2 3210
4 10855
4 45199
3 42599
2 42187
4 2801
3 45383
1 30287
4 22883
2 25573
3 15029
4 33478
4 21757
3 23984
3 4461
1 16066
1 44257
2 23377
5 44467
5 39790
3 34300
5 20202
2 38453
1 44959
4 37762
4 21747
3 398
1 7227
1 6743
5 45500
3 45988
3 44903
3 36135
2 3656
1 3506
5 43494
4 19235
5 12325
4 41573
3 16477
1 35260
4 17003
4 36267
4 879
2 274
2 33653
3 29736
4 17039
2 46569
1 46241
4 5553
2 42352
1 17982
4 33483
4 34418
3 44460
1 21457
2 39233
4 16683
2 41468
2 37438
2 429
2 27801
5 39480
2 26520
2 29768
4 7967
2 37790
4 14963
3 385
1 1512
2 1494
2 43531
2 9059
5 26762
5 22606
5 332
4 12368
2 31263
2 38180
1 7237
5 16942
1 44552
3 17569
4 39956
4 24891
5 43765
5 34656
1 45986
1 7790
5 15238
1 39305
1 8931
3 7758
5 23702
5 15480
4 6114
1 9728
3 32267
3 43163
4 12212
4 16345
1 24366
2 10180
5 17143
4 36991
4 10918
1 44406
2 1578
4 8915
4 45345
2 43047
1 33404
5 323
3 44988
5 6514
3 21418
5 11656
3 26050
5 40778
5 16586
1 13028
5 1531
1 32630
5 6421
5 8708
1 6321
2 11823
4 35846
5 46388
1 5838
5 27064
5 17487
5 21599
1 38149
2 5287
2 696
1 32138
3 25580
3 20052
3 23603
5 29214
5 6407
1 25450
4 23634
1 41857
1 27180
3 715
1 14149
4 40483
3 40656
3 22449
4 17243
4 25039
1 4216
1 24962
4 25457
2 31575
4 1555
3 15766
3 42871
3 24553
2 35547
4 4658
1 741
1 17991
3 35766
5 35568
1 23224
1 11044
5 3773
5 30309
2 619
3 28179
3 27833
5 27143
3 23725
4 38332
3 20771
2 2127
4 24473
3 31423
5 34108
3 16175
5 567
4 26426
2 43196
5 38590
4 27472
2 1069
1 31029
1 2616
4 14016
1 16989
1 46005
4 27452
2 15771
5 4680
4 41332
4 25585
1 28867
4 39384
2 12531
2 20783
1 13536
5 32657
3 17384
2 24218
4 17059
4 41648
1 17985
4 9158
2 26766
4 22183
5 25291
5 8791
2 43436
1 22701
1 20645
4 11661
3 38073
3 7103
3 37461
1 9001
3 12616
3 8534
3 17289
2 42804
3 39065
2 18373
1 36096
1 40330
2 20083
5 44182
1 45505
5 13902
1 24160
5 15339
1 25080
3 40274
2 23520
4 25857
5 44162
4 34961
5 32181
3 15546
3 4322
3 44126
5 40648
3 2013
2 10963
4 27060
2 40024
1 31077
1 13789
5 46436
2 37188
3 30672
3 24404
3 19659
4 14517
4 34504
5 26889
4 32370
2 5166
3 1914
4 28326
5 42415
4 46675
3 44663
5 24674
5 13910
4 32036
5 16736
4 11679
4 11979
4 1554
5 11070
1 4203
5 36456
1 7303
2 5067
1 19647
5 13204
3 32523
2 31754
3 28399
5 46161
3 15390
3 4187
4 39670
2 31370
4 37838
2 28356
5 26449
1 27932
2 22995
1 35675
3 39530
2 25186
4 16529
3 25188
2 17054
2 22319
2 17266
3 13184
3 14816
2 35665
5 5017
1 46731
2 12314
5 21154
1 30332
2 11476
3 44504
1 3959
1 16366
3 17800
3 5714
5 4727
2 41170
2 37102
4 41456
4 30423
4 7683
1 19857
2 2898
1 26939
5 13370
3 16663
3 42188
5 6783
3 44134
3 8155
5 19395
3 17837
2 37709
2 16108
5 32252
2 29215
3 22738
3 22369
4 26980
1 41795
3 13019
2 21996
3 12128
2 17756
3 29842
1 41251
2 38557
5 803
2 19308
5 30526
4 33753
1 38444
5 31591
3 3180
1 8243
4 8083
1 6738
1 44576
1 29571
5 21306
1 17771
1 34999
3 44106
1 3911
4 39110
3 1494
1 45551
1 22150
4 31719
5 34597
1 28881
3 7077
1 46008
3 19173
2 22202
5 37771
1 21006
3 41630
5 6327
3 32744
3 3944
5 35769
2 34989
4 9018
2 37106
3 2220
2 26824
4 7672
2 45632
3 40728
5 4678
2 40267
4 41059
1 41737
5 11205
4 17446
2 43876
2 23402
1 6097
3 27383
2 6138
3 33765
1 13083
5 20515
4 6345
4 10855
5 3275
3 24379
4 23691
1 33847
1 40817
5 29901
1 12732
5 24002
1 15951
2 26244
2 1519
5 44101
5 16349
1 20834
4 39315
1 26233
4 35395
3 34516
5 30756
4 40589
1 21186
1 12760
4 7804
5 26536
4 4041
2 28379
2 42646
2 6752
5 22750
2 22194
5 37565
2 21505
3 13358
2 45316
1 35249
1 12769
3 5692
3 37475
4 33880
3 8016
5 20985
1 43614
3 4547
5 43305
2 20527
2 27722
5 256
2 27910
4 37610
1 43523
5 16312
2 6740
3 34526
2 19830
4 33967
4 32949
1 14147
5 1290
3 18056
3 31624
2 917
3 9041
3 39939
2 22681
4 40470
3 30152
1 35489
1 42478
5 39186
5 7795
4 15295
1 7309
1 34363
5 36035
2 9363
1 34777
5 39269
2 13148
5 46634
5 25748
3 9319
1 22025
4 18999
5 33170
3 20289
2 31399
2 18743
1 46018
4 1841
2 43537
3 37214
2 31030
2 5882
4 45351
1 23717
3 38546
2 34094
2 31141
5 7160
3 1436
4 12849
5 43957
2 21693
1 464
1 30056
2 29205
1 541
5 42180
2 17617
4 36772
2 9094
5 31814
3 1355
4 21967
4 13395
3 25098
5 13690
1 41754
2 39335
4 4757
2 23587
4 38674
5 37654
2 3460
1 30636
1 6811
4 39867
2 6346
1 15895
1 33015
2 13983
2 35064
1 20336
5 18096
4 897
2 29780
2 43308
3 13638
5 37790
1 44227
3 40733
1 2569
1 25427
1 35089
4 16077
1 16197
3 36523
5 20796
1 27062
4 6846
1 37479
1 37669
5 27060
4 7603
5 42066
2 29487
5 16577
5 5305
2 15070
5 14201
5 238
4 40567
2 20573
5 8157
3 13134
5 11019
3 14657
3 33250
5 10031
3 1782
5 37205
2 36977
5 21071
2 38155
1 19350
4 42982
4 3652
5 28712
1 3721
3 35671
3 15299
1 13696
3 14712
4 44412
4 26292
3 45692
4 25044
2 46467
1 29167
3 12403
4 34651
5 21081
4 21782
3 20686
2 22401
2 34598
2 46343
5 30561
5 7192
3 41307
1 20545
5 27336
3 30908
3 40641
2 40736
2 43243
4 24165
3 34769
2 4357
4 30794
1 13519
2 36876
2 4237
4 41789
5 35786
1 30565
3 24975
2 32944
2 46388
4 34351
1 32749
4 41513
2 5789
2 11726
3 20345
1 10223
2 26154
4 39467
5 11540
1 8365
3 38986
1 9617
3 42901
5 38884
5 22954
3 3989
1 977
1 32057
3 34304
3 46315
1 23071
4 5136
2 20648
5 45711
1 27346
1 32415
5 18012
4 37180
1 41136
1 4586
3 27765
5 18848
5 34861
5 10395
5 29934
1 37066
1 6194
5 28170
3 4711
4 2010
4 36567
1 33365
3 9017
2 16224
4 24546
5 43760
5 4864
3 38030
1 2892
1 26952
3 37229
3 39621
4 26932
5 40675
5 24276
5 1287
4 33149
2 46780
3 40228
4 33296
1 22541
2 18125
5 9236
1 12694
5 35906
2 24575
4 41053
5 12926
2 759
3 24026
3 2224
5 16706
4 13620
1 29611
4 19761
1 32255
1 18364
1 45499
2 38044
5 9830
4 40498
5 19042
3 1087
5 5694
4 42610
2 10365
3 8552
5 20482
5 12756
2 25367
4 25212
5 3312
2 34891
5 23665
1 3050
2 4009
4 30500
3 13340
5 23552
1 37194
1 12145
4 23248
2 2985
3 35420
2 28429
5 15809
5 6620
2 17104
4 2001
4 45632
5 28366
1 44587
3 37614
1 46238
2 44499
2 39530
1 6079
3 45586
2 14572
4 37667
3 14067
4 31223
2 32435
3 41876
1 9775
5 44657
5 46420
1 11005
5 2561
3 2746
3 14306
1 15191
1 40987
1 37758
2 37343
1 28924
1 16859
4 1067
5 39242
5 26424
4 45565
2 4718
4 46395
2 11878
1 23451
4 31449
3 32595
2 10288
4 20956
3 7397
1 11713
2 45373
5 31318
4 6522
3 24373
4 22533
3 37305
2 10143
2 34679
5 5309
4 18098
2 15481
1 10525
2 26692
2 35123
5 22590
4 8423
2 17357
4 3488
4 14294
5 16664
2 152
1 3608
4 7292
2 18481
2 493
3 30878
2 27622
5 13265
4 29723
4 14835
2 15285
3 16751
4 44620
2 5395
3 40035
3 32622
5 44467
3 36060
4 35471
2 8599
3 21185
1 40124
1 29450
1 40050
1 17635
4 4743
3 35878
1 35842
5 39636
3 2911
4 44265
5 8497
5 21907
2 10745
5 7229
2 22298
5 30114
1 44685
4 14062
5 15076
2 18903
5 1957
3 25206
2 5930
5 9448
3 2130
4 1680
5 1811
4 33749
3 1344
2 31633
5 19414
3 33010
5 25195
1 46298
4 29898
1 17960
1 27056
5 18309
3 9490
4 43949
1 21925
3 18900
1 6730
3 5622
2 13790
4 9951
1 40809
3 11193
5 44692
2 42481
3 17331
3 36246
5 35851
1 36304
3 40900
1 43481
3 33945
4 16019
4 15810
4 34436
1 12396
5 11870
3 24377
4 28274
1 32301
5 40010
2 38453
2 40339
2 42913
2 43176
1 25881
3 17173
2 37586
3 2484
2 38396
4 42707
1 29701
2 24508
2 11846
2 45483
1 23978
1 44859
5 3843
3 24133
4 24175
3 43181
5 20070
1 33234
1 5257
2 38453
1 22743
2 34470
4 43010
2 6890
3 29831
5 32896
2 10507
3 21112
3 43057
5 35394
1 20590
2 26394
1 10246
1 20850
3 582
5 31339
3 44118
1 33545
3 9382
3 1501
4 46071
3 1971
1 11100
5 17960
1 8737
4 14029
1 26873
2 6621
2 31595
3 1613
5 27277
1 19282
1 23589
3 3142
3 9724
1 26845
4 1379
4 27950
3 10691
5 24912
3 8883
4 37718
1 40724
5 18756
5 23008
2 20140
1 30844
1 43271
5 14670
1 31480
5 40817
4 13767
3 26797
2 9500
5 23056
5 43806
2 40371
4 14522
3 42691
1 32058
5 25373
5 42535
4 44904
5 12540
3 3282
4 24110
2 5671
4 16919
2 32200
2 8750
4 7400
4 40198
5 32442
4 8904
5 294
1 20205
2 21940
4 34285
2 27883
2 19012
3 23469
1 470
4 31763
5 30985
3 26700
1 34229
3 16521
3 12739
2 5348
4 724
4 12720
1 7665
2 46838
1 10178
4 13405
5 27849
3 8646
4 43991
2 3582
5 6799
4 6535
3 30625
4 37468
1 3729
4 12333
2 43377
3 42612
4 41654
2 31573
2 42763
5 39998
5 26815
5 4956
2 457
2 16952
1 803
5 33901
4 42156
3 37234
5 25470
2 38592
4 16212
2 33285
5 21624
1 4161
2 29725
5 12392
2 389
2 21411
4 38483
2 16628
5 44560
4 30257
5 27744
4 30958
4 31136
3 19803
1 14468
1 36945
1 33128
1 21232
4 21198
5 22305
1 28521
4 21615
1 4728
4 45770
2 31229
1 14027
2 21494
2 8829
3 8550
3 41078
3 16335
2 6160
4 10372
4 17627
1 40350
3 20794
4 3079
3 8814
5 25044
3 37812
1 39025
3 44861
5 1264
1 20038
4 11068
2 5969
2 19926
3 42581
4 19000
2 41693
3 32165
2 32597
4 4911
2 4460
4 16945
5 19632
2 19281
5 1219
2 36899
5 34114
4 26125
3 7114
3 38416
1 36300
2 26196
4 34092
2 4822
3 34812
5 40095
1 44558
1 14511
5 10579
4 29755
1 41512
5 2448
2 10083
4 869
3 13847
2 27509
1 33008
1 30082
3 25803
1 21925
1 28408
1 15453
3 24258
3 12907
4 17802
5 34948
4 25285
5 26233
3 30827
4 16947
4 20228
1 33594
1 31870
5 9402
1 25145
4 35970
2 7259
1 40171
4 42663
4 34247
4 29216
5 1594
1 19435
2 16748
3 17609
1 3634
1 16773
1 831
2 35742
3 22670
1 26900
1 12919
2 25749
3 34675
1 43292
2 7491
4 12843
4 37578
5 24912
3 25217
4 36373
4 44022
4 42135
3 4710
2 42452
2 23983
5 7113
5 31385
4 42281
5 13682
5 13240
2 23904
1 18497
5 46210
5 23211
2 28333
3 6180
3 852
4 30408
4 11313
2 23579
1 9666
3 17879
5 37291
4 30195
2 39639
1 38052
1 28116
2 26146
5 46142
2 24291
2 23177
2 42760
2 1091
5 36561
5 11092
2 1237
5 11490
3 45960
1 32875
3 42113
5 22032
1 2997
1 38544
5 7824
5 14628
3 5443
1 9480
3 12426
2 44304
4 39073
1 885
2 45762
1 11288
1 40619
1 43161
4 36805
1 22411
3 29186
4 38775
1 35990
2 32697
1 14938
1 2418
1 45602
5 283
4 25168
1 5014
5 34782
1 26292
1 16722
1 45934
5 44296
3 2484
3 23298
2 35238
4 31225
3 38671
2 38149
1 9839
1 21725
5 9854
3 42318
1 36035
4 3857
4 21080
4 11490
2 25618
4 35247
2 6568
3 18067
2 8809
1 20476
1 46546
2 10090
4 12802
2 6957
5 34357
3 29452
2 12763
1 8664
4 39262
1 31493
3 15520
2 28954
1 10405
2 41046
5 18329
1 38572
1 30265
2 34455
4 23242
3 15391
3 9649
1 40989
1 30020
5 31545
3 40929
1 27883
1 21535
3 33712
1 32330
5 27768
5 35313
5 13597
4 21508
3 5400
3 19940
2 45857
3 36176
1 32723
1 2251
2 25913
2 41727
3 25042
5 31799
2 2552
3 2592
1 10496
2 25875
3 39885
4 18523
4 33714
3 4313
1 34328
4 7673
1 37017
5 42130
1 30438
2 14593
4 31172
5 22863
4 2660
2 7447
1 21659
5 45181
2 28358
3 30440
2 22189
3 43034
4 14156
4 14003
3 41856
4 46488
5 26035
1 34781
4 29311
2 17145
1 30958
1 15055
2 12289
2 34877
4 8898
3 30379
4 22792
2 25587
3 10996
4 44627
3 3094
2 44302
4 3832
2 10281
3 42651
1 11600
4 28056
3 3709
1 7825
2 11850
2 1144
2 16817
3 38748
2 46283
3 36133
2 22494
1 24783
3 4249
1 7773
4 21709
2 27924
2 30759
4 16578
1 16081
4 25792
2 3704
2 44021
5 12894
3 17305
4 4628
2 29165
4 31765
2 12985
3 4604
3 30195
2 45818
2 20041
5 40498
4 18348
1 39930
4 32282
4 31079
5 44957
1 18115
3 19320
2 7385
4 35887
4 37860
4 41923
5 24524
2 34918
2 29859
2 22009
5 46387
3 38956
2 28630
3 45141
5 2127
5 32569
2 22367
5 44541
4 7721
3 29740
4 26900
3 29279
5 3053
4 30906
1 40785
4 22370
2 10118
3 18099
2 41695
5 29548
2 30378
1 4109
5 35138
1 42687
4 27220
1 24396
5 29357
2 14379
5 26525
1 15697
2 7461
5 34005
5 37049
3 34265
1 37020
4 21613
4 34566
3 20259
4 23597
4 37231
2 24255
4 43914
1 9928
2 10785
5 9234
2 8140
1 33116
1 28716
5 19080
5 23016
2 18217
4 24101
1 1573
4 33031
1 9357
1 22700
2 29952
4 22461
3 46477
3 39470
2 18190
3 19082
4 33635
4 24400
4 19549
1 13932
1 30076
3 38676
1 43432
5 3608
3 31767
4 2096
3 24245
3 39781
2 36788
3 2297
5 122
1 15538
2 21531
1 46190
3 46130
1 10968
2 39787
2 1358
1 32345
3 23602
4 44695
2 4057
4 37953
1 37275
2 32237
5 13672
5 14394
3 12803
2 45950
1 46583
2 36084
1 28766
4 41919
5 5101
4 27399
4 3054
2 33870
5 12108
2 4834
2 4858
1 14720
5 14969
2 26958
5 5153
4 662
1 22255
3 22698
2 36182
3 15316
1 10885
4 9017
4 33361
2 16264
3 43120
2 33747
2 20911
2 10490
3 24595
5 20705
1 46894
2 5699
2 40573
2 5879
1 32261
5 36261
5 25212
5 40360
5 16075
1 39489
3 11109
5 39687
2 39713
3 16343
1 26676
4 884
4 44646
5 14860
4 30691
1 18779
3 6910
4 42936
1 19326
1 34334
1 8129
2 20120
5 37938
3 18575
4 31839
2 38479
1 12105
2 14393
2 35851
2 8363
3 10578
4 19273
5 6197
2 24478
2 37380
4 5590
4 11352
5 29913
3 44982
5 43022
4 40005
4 31482
2 2630
5 8078
1 39372
2 16120
4 1953
5 17341
2 12017
1 10354
2 33604
4 38100
4 14599
5 31039
2 31973
2 43496
3 9863
2 35360
2 19107
5 12739
1 44662
2 13872
2 6040
4 22167
2 23012
1 29918
3 36455
5 21746
3 34530
4 18680
3 2922
1 16235
3 55
5 12416
2 6090
3 8943
3 20392
5 30282
1 35032
3 2460
1 24214
2 42584
2 17218
1 17512
5 39892
2 33261
4 23097
3 9807
4 2434
5 39882
2 3674
2 7380
4 11478
2 11137
3 16994
4 25389
3 43000
4 11677
3 15260
2 23460
2 19796
3 27643
5 14857
3 38500
4 32358
5 45625
3 15224
2 32993
4 15499
2 23430
1 37191
1 1890
4 8393
4 93
1 5428
2 4198
3 8249
4 38379
5 45938
4 21769
2 41699
3 44850
5 44436
4 4021
5 25581
3 9725
3 11033
2 33544
5 26223
5 41823
2 24901
4 39178
1 36027
3 33815
1 29848
5 28042
2 17501
4 2133
5 44276
3 29681
3 28206
5 45553
4 27600
3 40325
2 27502
5 12017
2 42996
1 34384
4 6015
1 19567
4 20522
3 25578
1 4859
1 24249
2 3784
5 30649
3 2063
1 30356
2 11248
5 46601
2 22052
2 12430
1 16727
5 5244
4 20361
1 34953
4 8925
4 17140
1 10313
2 46427
1 45465
4 2342
3 32916
3 29249
5 33595
4 42547
1 45530
3 23597
2 149
2 33870
3 36494
4 9684
5 42793
3 44617
4 16121
3 42822
1 23960
4 30722
3 29853
1 7282
3 24423
2 42607
2 1171
3 41572
5 1401
3 13747
4 41749
5 5308
5 20291
2 23634
4 36586
1 35627
2 37729
5 10290
1 34501
4 680
1 29052
3 32961
1 19962
5 1711
1 1335
2 36232
1 45927
2 2859
3 34965
3 24190
1 1623
4 19185
4 2505
1 28749
4 7950
1 13707
3 33018
2 26542
3 41903
2 1978
1 13984
2 2829
2 30972
3 23458
3 13606
5 29397
2 9528
5 43581
4 23971
4 7114
3 41378
5 8288
2 32190
2 12197
3 27367
2 20733
4 21534
1 14844
5 26820
3 16619
4 3509
3 44754
2 5478
3 31142
1 32500
2 33589
1 673
4 37658
3 11121
4 19755
2 41309
1 8272
5 41883
2 10996
4 24477
4 36784
5 374
1 42224
2 23630
4 5980
4 13496
4 31269
5 12500
4 39539
2 40418
3 22305
1 25499
4 21693
3 31834
1 21682
1 4888
5 10903
1 29935
2 4017
5 34886
5 24782
3 42167
2 46254
2 2397
3 22654
4 27874
1 37444
4 9765
3 10770
1 24837
5 35838
1 1457
1 36406
1 19976
2 34100
3 29942
1 24536
4 43143
2 849
5 37060
1 18842
3 31253
4 17663
3 10394
2 11576
1 37984
1 42921
4 26160
4 36382
4 28769
5 37714
4 19650
1 21119
4 30921
4 27677
2 38246
2 31401
4 16948
5 29776
1 10484
4 35555
4 28384
5 14858
5 46734
4 42719
5 31398
5 27154
3 36929
1 2114
5 4049
2 9678
1 7580
1 10769
3 45427
1 7286
2 40157
5 34378
1 8225
4 26576
4 30808
3 28307
4 44981
3 35969
4 43374
2 38922
4 24352
1 24079
4 23467
1 9394
5 16146
5 18542
1 40545
1 1629
2 32060
2 44782
1 34453
3 34109
3 1263
3 8449
2 34673
4 18150
3 29301
5 8003
5 3685
1 30170
4 21991
3 46484
2 46001
2 19033
3 38630
3 21941
5 21883
4 19825
1 8866
4 30417
2 27873
2 17714
5 44455
2 34928
4 28706
3 30433
1 21494
2 46019
5 35008
3 25044
2 13861
2 5842
3 36356
2 8578
4 38574
3 18065
2 43748
3 760
3 29503
4 28615
1 14533
2 3856
2 20011
5 14417
4 36586
3 36799
4 40783
3 14929
4 29236
5 13453
1 21653
4 25071
4 34197
5 28161
2 36542
3 5982
4 39609
2 4439
3 42823
3 36833
2 1626
1 6497
4 26862
2 46866
4 20599
1 23977
1 4436
4 37788
5 19347
3 46808
5 19649
1 20269
4 19086
3 1686
1 24321
5 45273
3 4890
5 31089
1 3050
5 3578
3 6208
4 35152
5 23883
1 5139
5 19457
4 32381
5 33198
1 29298
3 34704
4 20498
5 1673
4 1352
3 45481
1 30933
2 2276
1 17764
1 45636
3 36285
1 21156
1 27524
3 11253
2 6100
5 17585
3 28515
5 13260
4 33564
5 30804
1 31773
1 5383
1 46506
3 30834
5 39288
2 5310
2 40770
1 12661
3 15027
5 4135
2 26065
4 45662
1 17084
5 20333
1 12358
2 33946
4 11550
4 21154
2 16918
4 22627
4 41575
3 32088
2 31273
2 17303
4 33310
2 38998
5 23072
3 17152
2 21228
2 31181
2 15374
1 32803
4 22455
5 16753
3 40309
5 9700
2 14335
3 23111
5 16221
4 33650
2 18992
2 41540
1 15735
2 2905
1 4252
4 43100
3 22625
4 19189
3 5341
4 41957
5 14094
3 11821
4 46708
1 25143
5 19709
4 46700
5 46415
1 33961
2 14593
3 32484
4 121
5 33981
1 3025
1 18490
2 11365
5 5563
5 25816
5 46216
2 15348
4 8556
1 5208
4 46111
5 43664
5 7278
4 3523
2 4878
1 46351
2 23385
2 18221
2 23727
2 12100
1 27718
3 1645
1 44112
3 24184
2 43009
4 27767
3 27132
3 26336
1 42953
2 19609
2 2177
1 19882
2 46611
3 30863
4 3658
2 18977
2 41263
3 7547
4 7958
2 8382
2 9108
2 8739
5 6579
3 27630
3 6762
4 44412
1 12878
2 3704
3 46161
1 4391
5 32504
3 30842
5 9334
1 30654
1 44960
5 37125
1 18603
4 8644
1 18873
5 26067
4 8097
4 40203
2 3254
1 9626
4 43622
3 46267
4 32523
1 8183
4 26371
5 23125
5 40347
2 565
5 38901
3 24105
1 36746
5 18583
5 2995
5 10593
2 28364
3 44766
5 35490
5 37134
2 19572
4 40369
3 37767
5 44960
1 16934
2 19329
4 23752
1 18335
3 45545
2 8716
2 3484
4 31278
1 19234
2 37855
5 33592
4 25686
5 32740
5 28469
2 25601
1 13420
2 17996
3 14149
5 19596
5 1179
2 19963
3 46852
2 17525
3 3508
2 8280
2 19090
4 38749
4 25635
2 20137
2 8983
2 40206
1 36018
3 43875
5 34341
5 6972
3 44915
5 8370
4 28825
3 28110
3 41122
2 4552
5 6631
1 26155
2 37076
4 21579
4 23199
5 1102
5 8812
2 22216
3 14014
4 34426
2 3819
4 6666
1 5206
1 8292
2 4388
5 40632
3 18591
3 40394
3 42358
4 23941
3 40340
3 2110
5 22032
4 44159
5 5139
1 697
4 5656
2 10142
1 3557
4 32005
5 34258
4 41314
5 9397
5 5984
3 33602
2 17796
1 13205
4 21259
1 30568
5 3177
1 37577
2 31679
3 897
5 39270
3 35829
2 7102
4 10202
3 15955
2 37754
3 2247
1 16699
1 15176
4 35581
2 3595
4 20424
4 9269
5 7986
5 174
5 40439
2 44861
5 2054
3 46528
5 11644
3 452
4 8048
5 21838
4 6929
2 31316
2 8772
1 27689
3 10051
3 18890
1 26511
2 39517
2 38923
5 9854
2 5729
1 11266
3 36662
3 14679
4 33972
5 28265
1 37196
3 21019
4 26441
2 17360
2 36085
5 11821
1 16781
4 6984
4 3806
3 26406
5 7753
1 44813
1 20415
2 34713
5 24807
5 14312
5 41869
4 36913
2 7792
4 13750
2 12176
3 25277
2 43864
5 43371
5 22006
1 25622
1 5209
4 45307
3 16616
3 8767
1 25682
1 10512
2 5192
3 24695
4 45345
2 3995
3 3006
4 9850
3 41812
1 32894
4 32263
5 33461
5 46646
3 2328
1 19047
2 1099
3 26432
1 39819
5 20827
1 11464
3 44163
1 35708
5 21074
3 5513
2 5187
5 19324
1 720
2 22120
4 35809
2 11917
2 12133
5 26812
4 8411
2 31920
1 9917
3 33228
1 17711
2 28798
5 40869
5 23813
4 25675
2 43579
3 9944
3 4563
3 16145
1 28030
4 14210
2 6500
3 19025
3 5887
1 13853
5 28875
2 12644
2 14726
2 24324
2 20491
1 26423
4 25429
5 36571
4 35173
3 27363
5 15266
5 27214
2 10541
1 37271
2 36929
5 42869
3 10594
2 13339
2 6974
4 35571
5 37784
3 40605
3 13383
4 33590
3 13972
5 36912
3 33981
5 42491
3 41384
2 12893
4 21798
5 33859
4 33331
2 17095
4 15436
4 489
2 15038
3 30024
2 20078
3 42518
4 10677
2 7441
1 38842
2 9025
1 11224
4 2426
3 41341
3 21306
1 45640
2 37574
3 4224
5 46471
4 42266
5 18551
3 17316
1 36391
5 5540
5 13483
1 43174
1 44810
4 43355
3 13458
1 39827
1 34003
2 40555
2 19062
2 12028
3 14358
1 40872
3 18881
5 46276
4 11496
4 4540
1 4672
5 20017
1 23500
5 18924
3 11967
4 14643
5 11722
4 17126
2 34478
4 3016
1 42848
3 23445
4 24096
3 13800
2 1087
2 27958
4 32711
1 16858
1 10136
5 20933
4 15528
2 15327
2 34191
1 8583
3 5253
2 17693
2 1473
5 41801
5 5527
5 32516
3 39744
1 30803
2 24708
2 44717
2 37756
1 31030
1 8238
1 2478
2 26147
1 12651
1 30059
3 4402
2 23022
2 3799
2 21779
2 14937
3 29208
4 19782
2 31658
2 538
5 14030
5 38424
2 28024
3 4359
4 2091
4 42645
4 18431
1 46154
5 43051
2 31219
1 36744
5 22096
2 42944
3 11802
4 18238
3 2561
3 40171
4 12122
4 26723
4 13803
3 14423
4 4428
5 45578
4 25482
4 25744
2 7605
1 8785
5 36038
2 7528
1 19303
4 5631
5 32400
3 14933
2 16247
2 26224
3 40293
4 40832
5 39476
3 46183
1 27533
5 34218
2 6140
2 12771
2 8997
1 12737
5 42011
2 38070
5 38778
1 10011
2 9375
4 1143
4 35067
3 11746
4 33358
1 21022
3 41943
5 44390
2 40435
1 448
2 16223
2 14359
4 22413
5 29142
2 15545
1 36767
3 1289
2 27723
1 14212
1 12420
3 31650
3 31587
2 37064
1 32341
4 44801
3 15115
4 3918
2 24637
3 11915
3 36028
3 21793
4 23163
4 18566
1 23490
1 35728
5 23703
1 10258
4 10162
1 33280
4 38534
2 25142
2 39975
1 14166
5 14749
2 16332
4 44605
3 14663
5 26078
4 42324
5 30810
3 5888
5 41427
4 30180
1 34687
2 17817
1 43695
4 24615
4 30638
1 3523
1 10775
5 19678
2 34335
1 20884
4 33126
2 17727
3 46665
5 9524
1 5299
4 38806
1 36008
5 1832
5 5974
2 34019
2 5022
2 40084
4 27640
5 44270
5 2441
3 8318
4 38664
5 21204
2 3187
4 1125
5 40411
2 13167
5 29627
3 24787
4 15869
3 21087
4 13421
2 3300
2 41823
3 31776
5 26294
2 33734
1 8901
3 34173
1 42212
4 34627
2 41155
2 4300
5 39209
5 27001
3 38650
1 9388
4 13505
2 40171
2 37238
1 34900
1 14152
3 44898
4 30789
5 14663
4 21044
4 30313
3 9985
3 3445
1 10264
2 15201
3 12236
3 30292
2 33206
2 861
3 46216
1 45780
2 1114
3 44709
1 23330
4 34431
1 11395
2 42145
4 36985
1 6500
2 29665
2 12532
4 27555
2 17511
1 21632
5 20638
4 44791
5 30360
1 31081
4 33290
4 2870
1 14122
1 42987
4 34707
4 14171
4 38956
1 23033
5 17174
5 19375
2 16813
5 9790
3 15809
2 21882
4 7112
5 45843
1 26020
5 12249
1 4629
2 23656
1 21556
4 31118
1 16227
5 24928
3 19295
2 3478
1 2980
3 31907
3 30148
4 40149
5 21194
2 35033
1 8202
5 306
1 24956
5 24370
1 44538
3 6441
1 27076
5 21954
3 27644
3 1258
5 2530
5 11488
1 5827
5 13396
4 24353
4 39793
4 31165
4 16194
4 8166
3 1491
5 7474
2 43359
5 31213
5 6066
5 37070
3 25238
4 26772
4 39037
2 9040
2 33600
2 2548
2 7210
2 8229
2 39990
2 46181
4 4026
5 41185
1 42926
3 17528
2 433
3 45874
5 26303
1 1986
1 30683
3 33488
5 4477
4 24498
4 3906
1 10409
4 19111
3 35934
1 43913
1 11199
1 17113
5 39605
2 3989
1 45156
5 15486
5 17022
2 7493
1 29233
3 8006
2 8875
2 25614
2 4980
2 17979
1 35395
4 41411
2 43014
5 42756
1 6188
3 109
5 44731
3 3514
4 6962
1 27818
3 44171
2 25953
4 34766
5 26789
1 10148
4 13731
1 38914
2 43417
5 10476
1 20421
5 43683
3 44526
1 2659
3 45134
3 35643
3 19150
4 23578
4 22451
1 30570
1 45447
3 19029
5 31736
2 25850
3 1854
1 25732
2 28399
4 10379
3 40803
4 40221
3 4907
2 26882
2 32536
2 41400
3 539
3 330
1 11228
5 22349
4 43630
1 8441
3 31004
4 15816
5 34430
1 9149
1 44758
2 8217
4 12739
3 38456
4 12888
5 23733
1 20621
3 31959
5 13199
1 32483
1 21160
2 41526
5 21686
5 25120
1 29729
4 11081
1 23596
5 26856
4 36949
2 4784
2 5679
5 38912
3 24807
2 22077
5 44729
3 37568
3 33314
3 8322
3 44408
2 18378
1 12254
4 13709
3 28509
3 34514
2 26238
3 3679
2 8981
4 24106
1 12385
4 22875
2 1933
4 11788
3 31823
5 5055
4 33330
1 42661
5 17016
2 24600
4 8422
5 16874
1 10953
1 6813
4 23217
4 46153
5 17503
4 25300
5 7016
5 35419
2 32708
1 34521
4 45899
2 781
3 31361
1 11471
3 5708
5 41048
4 3720
3 203
2 21360
5 2383
2 4466
3 29425
1 14332
5 27793
2 42040
4 36574
5 21471
4 37531
4 23406
3 28393
1 6086
5 27700
5 40256
1 26025
5 38704
5 3761
3 7155
3 44462
4 32574
5 25508
3 32845
4 10679
5 20898
4 32564
2 46506
2 32176
2 31895
1 43778
1 31830
4 13712
5 20598
1 2124
4 35191
5 31770
4 38100
2 39902
5 11480
4 20304
3 12564
1 14034
1 8601
3 42719
3 10902
3 19082
2 24966
4 20032
1 12581
2 8521
5 39270
3 40632
1 28417
4 10118
5 28785
1 12181
3 21969
5 37623
4 4039
5 10303
2 5164
2 17660
1 38424
3 341
2 12103
4 44175
2 15905
2 13739
5 7797
4 15546
1 11229
1 2722
1 45318
3 16181
3 7679
3 17641
2 12138
3 16947
3 6137
1 46139
1 43
3 33874
4 40018
2 4800
4 12750
2 21808
1 44852
3 40398
2 345
3 41296
1 30116
1 43861
3 9235
1 8235
3 25429
3 35113
4 39572
3 44265
3 40066
4 21554
4 10264
4 5112
2 46642
3 31095
1 45799
4 43040
3 36099
4 2018
3 26547
3 32569
5 22403
3 36322
3 15872
2 33696
2 7342
4 44629
4 43804
4 25118
3 12796
1 14338
5 17470
4 9284
3 11445
2 4160
5 44895
1 36892
1 39202
5 33613
2 8009
5 8663
4 23427
3 30228
3 926
4 19282
1 9115
3 40099
1 20244
4 19899
2 21880
2 44682
2 30374
3 31134
3 28379
4 15792
3 15120
3 41479
4 10601
5 12426
1 37251
3 26137
5 38179
3 43697
5 23689
5 44713
3 35735
5 36291
3 44786
2 24539
2 12809
4 28995
5 10047
5 823
1 25726
3 9890
2 30200
1 5864
1 5190
5 40947
5 2142
2 19421
3 6798
5 13154
1 8674
1 17379
3 14745
5 40905
3 31331
4 22032
5 37315
2 13291
2 3385
1 2883
3 42588
5 43720
1 26901
3 13365
3 11421
3 37004
4 46629
1 27686
3 31568
1 427
5 22088
1 32866
4 45511
4 6098
4 7684
4 33665
5 1982
4 390
4 27825
3 7450
4 2790
3 5263
1 10003
3 3796
3 32735
5 23618
2 45853
2 5270
4 21943
1 39698
1 35647
5 27577
4 9461
5 46059
2 34056
1 40627
1 37558
5 31204
3 17397
1 29866
2 46033
3 39080
3 16320
2 4730
3 40421
3 37554
4 1582
2 33199
4 9490
3 1807
1 17666
1 10435
1 36961
5 8864
5 5115
3 10248
3 9874
5 22944
5 29562
4 25311
3 8698
4 27647
5 46349
4 14019
1 7698
4 20771
5 42448
1 9229
1 33275
2 44692
4 24561
3 24674
1 26733
5 40118
3 13881
4 19519
1 17953
3 13218
1 25991
3 26124
2 27576
4 11278
5 40811
1 22156
4 44764
5 43969
1 23069
5 39899
1 3232
3 22081
2 4800
1 16347
1 11473
5 25675
4 20557
4 39000
4 21194
1 40622
3 3105
1 15606
3 26923
3 36203
1 24917
4 21823
2 22796
3 18339
4 32036
3 11107
4 31916
3 12397
5 20414
3 2727
4 38550
2 1682
3 23746
4 5252
4 30211
4 33117
2 13352
3 22801
2 40973
4 29872
3 29805
1 12438
4 42163
4 31057
5 4644
4 24946
4 23913
5 7988
5 11822
3 16356
3 22125
1 14023
1 12953
4 20334
4 3095
4 5932
5 34940
2 43500
4 28598
1 23595
1 40415
1 43852
2 25123
3 30407
1 11701
1 31758
5 46647
4 39688
4 19739
1 38697
2 16302
5 25798
2 382
4 13671
4 13368
5 42369
3 4669
1 11045
5 21738
3 24089
1 12109
3 26916
4 42968
2 19084
2 33013
4 43355
1 24771
1 5591
5 45845
1 19186
4 2086
4 5040
3 26396
5 20423
2 30657
4 21050
5 34893
5 17964
3 38662
1 20744
4 46134
4 43776
2 19336
1 35758
5 35873
3 42554
5 36142
5 29883
1 36449
4 8160
4 621
1 8791
4 6343
3 39549
2 22387
4 39146
5 19931
4 45483
3 28911
1 38060
2 16084
4 45936
2 12803
1 6751
1 25171
1 16107
4 45385
5 24711
4 14412
1 39000
1 6699
2 8154
2 26789
5 22345
4 17472
1 4029
5 2912
1 14085
5 44137
4 32573
1 8556
3 32040
1 28980
4 2724
3 33165
3 14457
2 45331
5 31461
2 37593
4 35074
4 17633
3 27589
1 13222
1 21508
4 31474
1 13373
5 33237
2 4895
3 3469
2 4185
1 2764
1 14939
4 10223
5 43650
4 22106
2 5634
2 17603
3 1551
1 14761
4 30788
2 38925
2 26081
3 5442
2 4159
5 17644
2 23603
3 32944
4 19025
2 26539
1 4543
4 4747
4 23550
5 23975
4 4826
4 29278
3 14212
3 7472
4 38459
2 20737
5 11501
5 14193
2 7024
2 40646
4 38108
4 12132
1 19201
3 6127
1 42166
3 7886
5 23547
2 7846
5 6414
2 4918
5 41640
2 17205
5 37542
1 39204
2 34648
5 2715
5 7088
1 22818
1 43414
1 43407
2 4051
4 39234
1 33140
1 37069
2 37830
1 26070
4 22235
3 36632
3 13897
3 18245
5 8065
2 43728
2 1773
4 23307
5 11906
1 38195
1 4337
5 38829
4 23274
3 38703
5 35988
4 35660
4 24837
5 9376
4 41232
5 39544
4 1410
2 24161
4 4959
2 5819
2 10265
3 35320
4 11009
5 25291
5 24848
4 15491
2 4398
5 39836
2 32359
5 24808
5 13932
4 33431
5 38070
1 41259
3 39253
2 44152
3 1317
3 46440
1 15948
3 38503
5 5713
4 860
5 30210
3 45646
4 42751
4 19214
3 20386
5 9972
3 6668
2 40890
2 7006
4 5254
3 28672
1 40522
4 14431
5 11689
3 22223
2 1701
1 22122
2 36733
2 16811
3 20507
5 40705
3 16879
4 24037
1 41232
4 31596
5 20933
5 7256
1 7835
4 15893
3 34049
3 17621
2 3535
3 26280
1 29397
3 33599
1 38618
4 29980
4 18976
1 27169
4 250
3 41519
1 1154
1 20187
2 12392
5 17156
5 37481
5 3972
5 9150
4 25238
2 45198
5 5379
1 37053
5 45313
4 7594
1 45221
2 17177
1 11108
3 16224
4 45874
3 39415
5 9658
2 6030
3 21236
5 9976
1 32189
3 855
1 23544
1 20127
1 44588
2 38878
1 30890
3 14921
3 19968
5 36061
2 4825
1 23762
2 5011
1 10418
3 26787
3 44864
3 42072
4 5715
4 17548
4 4445
4 5898
5 8124
3 27075
5 30538
2 36527
4 2887
4 37213
1 7175
2 32180
5 21975
5 35681
3 37804
1 36903
2 25694
1 244
4 23319
3 33829
1 22048
3 34672
1 17039
3 34789
5 3165
5 39811
2 34275
3 5615
3 32032
5 22619
5 46827
5 29674
5 2165
2 15266
1 30143
4 14790
2 15505
2 26413
4 33975
1 24365
5 1152
2 29843
2 34761
2 36305
3 8205
1 33121
4 40658
1 41153
2 25523
4 967
1 24648
1 44340
4 28242
1 40017
3 8785
4 18820
4 46779
5 4400
1 20142
5 8
4 45415
4 17394
5 28497
1 43004
2 34265
2 4238
4 2744
2 11528
3 10097
5 1189
2 26732
1 44767
1 39317
5 43188
1 40015
4 28232
2 15916
1 16187
2 29837
2 31915
1 11305
5 16354
4 9428
5 19542
1 29686
3 23000
5 490
2 37599
4 34682
2 3044
2 20269
4 16996
4 19582
3 11848
4 33263
2 26868
3 46232
4 15432
4 44427
4 16918
5 32022
3 11041
3 20055
3 34320
2 4203
3 27693
5 17454
1 12665
3 11614
3 22239
4 20839
2 9569
4 41640
1 12383
2 45480
5 44956
4 28738
3 35346
5 24380
3 25807
5 8319
1 36770
1 17523
2 39447
2 28154
3 40969
2 39746
2 29791
3 5260
3 2993
1 40398
3 37244
2 46895
5 8569
5 17244
4 14122
1 3787
4 41458
2 4130
1 30630
4 30463
2 27331
2 46147
3 36156
4 41630
4 29848
4 37248
4 38202
4 27330
5 34276
3 8458
1 45633
5 7590
3 20046
2 10439
5 24116
1 46745
5 27150
1 3757
2 28973
3 6409
2 33421
3 18566
3 30815
1 1232
3 19501
4 36254
4 15199
3 2078
1 40340
2 8257
2 41761
2 33436
3 10149
2 15578
1 43261
2 45036
1 26979
2 12547
1 10669
4 1140
1 23639
1 25488
4 30643
4 15827
4 20014
2 15079
3 8216
2 18180
4 36697
4 21831
4 2063
1 37471
5 8104
1 15358
5 8528
3 21137
1 1928
3 5037
1 38653
4 6208
3 37137
2 10790
1 44447
2 42124
4 4732
5 37034
3 20955
1 11786
1 27735
1 30876
5 16837
3 5850
1 25172
5 41784
1 20387
4 7323
4 428
4 4809
1 2917
5 8771
1 45146
1 8829
3 10746
3 34466
1 27635
4 5165
3 8128
4 2861
1 1148
1 20113
4 3791
1 32599
3 30380
3 33151
1 21921
4 15710
3 8331
4 35601
3 45788
2 17819
5 22965
4 1982
2 38007
5 28186
1 18503
5 44648
1 37045
3 38845
3 33570
1 27855
3 37210
4 37552
4 32721
1 21828
1 20696
1 35730
3 40223
4 44773
4 14708
5 45798
2 12357
5 10129
4 39904
5 22620
2 40693
2 13588
4 16853
1 19594
1 37555
1 36173
2 15556
4 6221
4 7397
4 9993
2 45895
3 42893
4 33534
5 10986
5 11865
4 8295
1 11339
2 38499
2 25249
5 44316
3 32364
3 29517
1 37280
4 34963
5 14441
5 18591
2 23185
1 46513
4 39808
2 16703
3 686
4 8069
2 21348
4 36277
1 27738
4 3368
3 16072
3 40171
5 23575
2 1851
5 22918
5 33537
5 22941
5 34657
1 955
3 33262
4 13716
2 9530
1 45601
5 26692
1 7421
2 45391
5 40573
5 34146
4 22500
5 39329
2 35448
5 10289
5 28684
3 36456
5 19047
2 8033
5 37896
1 8943
2 5548
5 37978
1 28786
2 8829
1 39371
1 44545
1 14765
1 33832
1 45483
5 19995
4 17190
2 14061
4 12972
3 25503
1 37727
2 6781
2 25439
3 7131
3 7230
2 3340
5 1355
2 27368
3 4397
3 38094
5 18620
2 38005
2 27581
5 12386
5 46436
5 44018
1 16677
1 29623
5 13364
3 9302
3 20734
5 35323
1 2073
2 6320
5 7095
3 20036
2 35751
3 17798
5 35342
3 12055
4 16688
5 45999
1 4541
4 1104
5 12903
5 18923
1 399
2 46254
1 38653
2 45997
2 11491
3 12618
3 35345
4 19427
2 33864
1 17472
3 39491
5 40076
5 46607
4 8905
4 6347
1 26570
1 37382
4 29115
3 4863
2 6951
5 10636
1 19105
3 12757
3 33906
4 8966
5 29953
3 45892
3 10760
4 24858
1 8329
5 9931
1 22325
5 5413
3 20758
3 21473
1 22282
2 40705
3 1682
5 21379
5 42016
5 45656
2 8694
4 38081
2 39005
4 21353
2 9907
2 25334
5 9771
5 32186
3 35415
2 11545
2 6061
1 8289
5 20833
2 12640
5 21501
2 31153
2 31913
3 37864
5 22976
3 12858
3 22278
1 32280
3 8408
2 33404
2 39237
4 43609
5 17519
1 29853
4 32824
4 43432
2 27325
4 3937
1 20695
4 43776
3 34415
1 10552
5 8921
2 41766
5 27154
2 18698
1 16082
4 35653
5 37440
4 36568
4 15566
5 18045
3 34320
5 19431
4 14491
1 6160
3 19482
2 38756
1 7508
4 2124
3 14238
2 38769
3 1010
3 10112
2 44361
2 30465
1 35956
3 18139
4 25221
2 32841
3 12291
2 38693
2 40183
5 9053
2 32569
5 46488
5 18100
1 33422
1 18016
4 10294
2 9310
2 17136
2 28625
3 14330
1 17453
2 31077
1 46006
4 16481
1 9704
5 34766
3 28899
5 35839
5 42142
4 3289
4 1189
5 32361
5 18624
2 23340
4 14573
3 46074
4 6974
2 10796
4 2184
5 42102
1 3658
5 680
2 14720
2 9479
2 41886
1 12302
4 17277
3 19827
1 44871
1 41003
2 1920
1 43633
1 2908
5 41569
5 16986
4 39155
5 23193
2 39400
5 32641
3 14447
5 12977
1 45356
2 808
1 97
2 21323
2 45662
2 1011
4 45097
3 42607
1 2923
5 15017
5 3816
4 26650
2 30680
2 37565
4 36903
5 12730
5 28665
5 13280
2 35243
5 2897
1 37512
4 11121
5 13203
4 28561
1 16829
1 43002
5 16753
4 834
1 29733
3 4187
3 42667
2 30750
3 8915
4 9789
1 17199
4 25728
1 5190
5 12067
5 10310
3 3510
3 41820
1 28646
5 35098
1 17647
2 8253
1 30172
2 9810
1 6944
5 18534
3 38751
2 42751
2 33634
4 1016
5 6044
1 28226
5 21358
1 40735
4 27403
4 29822
1 30360
3 41952
2 5292
4 22606
3 46884
1 40896
4 21854
1 35141
1 19818
2 35096
3 12628
2 883
1 34414
2 37577
4 3964
4 32478
3 38169
2 14124
1 36977
5 44593
4 1150
5 29106
5 37767
2 20720
1 26425
5 20717
2 36882
4 6944
2 26399
5 14028
1 46743
1 15654
1 27106
4 18890
5 39509
5 27594
4 16361
1 5827
3 11357
2 35332
4 8996
2 4833
3 149
4 6504
1 22500
3 18378
1 45542
2 15352
1 5253
1 37607
5 11299
2 15680
4 33543
5 14674
1 44730
1 35092
3 5338
5 36753
5 28144
4 31307
5 40891
3 3074
5 27554
4 22358
3 4622
5 22070
5 29174
3 1817
4 3768
3 28330
2 26610
3 17083
2 30330
3 3838
4 28154
3 10767
5 36463
3 8735
2 4508
5 22993
3 3855
2 9575
4 16853
1 27040
5 437
5 20458
1 35373
2 8900
3 40480
3 23280
2 13510
3 34804
3 28715
4 11366
1 29618
1 42775
1 21383
1 13255
3 5496
4 37299
4 31434
5 1647
1 28887
4 20632
2 4213
2 33234
1 13652
4 19252
4 45342
3 29971
5 4919
2 7743
4 4891
2 10280
4 16722
3 19952
2 36176
1 4487
3 35726
3 725
4 37671
1 16004
4 24848
1 39097
1 4841
2 28601
2 30859
1 2366
4 14622
5 44027
4 4343
5 46327
5 18954
1 43249
3 45523
5 26388
1 20803
4 28035
1 45186
5 2308
4 21671
3 40273
3 26345
4 34451
5 36167
3 45902
4 30719
1 14909
3 46787
4 45636
4 39747
5 23248
2 29539
3 38293
5 34181
3 6293
4 32447
5 39437
5 30052
1 24034
3 25551
2 27595
4 39277
5 31251
3 1597
5 23251
1 515
1 35844
1 10479
2 33768
3 7162
5 33859
1 14797
3 40171
3 17179
5 33602
3 2279
5 11824
1 33900
1 585
5 39811
1 37417
1 11721
5 17320
5 31411
5 19384
5 22224
3 29350
3 27096
5 2018
3 38350
3 44270
1 8676
1 17792
4 12820
3 13365
4 3761
1 3970
2 33744
1 41809
1 11134
2 46420
4 19217
1 15592
1 9084
1 35125
3 32753
5 36697
3 17695
4 21456
5 16927
5 11805
1 1686
5 205
1 35487
5 19817
4 1784
1 14412
1 15152
2 29789
1 28569
2 12858
2 21937
2 37034
4 45573
2 3846
2 12932
1 39331
2 12302
1 45305
1 5861
4 5173
4 34857
1 7523
2 36301
2 17810
3 4276
5 22282
4 41987
3 11915
3 3670
5 37531
1 35782
5 7733
2 3581
4 32444
3 20781
1 3267
4 34756
3 17581
4 29560
2 35894
2 25071
1 12233
2 22853
4 5480
1 5180
2 24155
4 34396
1 19271
5 22197
5 20166
2 5786
5 43284
2 16092
1 16246
4 17070
3 18524
1 2541
2 465
1 11133
4 32562
1 1243
5 10266
3 20840
3 33648
1 16194
1 19033
4 27809
3 29457
1 5200
3 19617
1 43680
5 42668
4 18705
2 36770
5 7830
5 862
5 36832
3 11961
5 30149
2 16742
3 10796
2 12905
1 23236
3 2673
5 24429
1 33833
2 46444
1 40059
5 14901
1 3703
3 44252
1 37696
5 518
2 3175
2 29678
2 25399
1 29658
4 500
2 34141
5 13525
3 38228
1 28944
1 7512
1 41970
4 46813
1 6243
3 11256
4 5462
5 1612
2 17085
1 22950
1 30154
5 34263
4 35836
1 23077
4 42210
5 38831
5 23036
2 7
3 8401
3 45415
1 39846
5 28225
1 20028
4 17542
2 41029
2 7953
1 39326
1 24740
5 4445
1 11309
4 23471
5 26351
1 46116
3 13916
4 42719
2 39869
1 9843
3 14400
2 22629
4 3916
5 4641
3 14096
3 2252
4 4705
2 45041
5 37229
4 8369
5 23949
5 17589
3 35203
2 2460
4 28787
5 1410
4 27834
1 18783
3 15829
2 25587
4 38372
2 33570
4 29034
1 27488
2 7402
3 34412
5 1998
4 19732
4 17053
2 23895
4 38965
3 22088
4 33653
4 39910
1 34387
3 28910
1 6671
5 21286
4 25378
4 14346
3 28938
1 35392
5 37458
4 30957
3 6139
1 3559
4 19781
2 45818
2 36281
2 24985
5 45949
2 8169
5 8994
4 9600
1 41443
3 21915
3 45302
1 8096
5 42366
4 10374
1 24190
5 24061
3 8937
5 1282
5 37660
4 36117
1 5284
2 15274
4 39756
5 29014
5 14910
1 31461
5 40366
5 36302
2 40685
3 31170
5 24861
5 8844
3 4918
5 10562
5 20041
2 34952
5 20790
1 20044
5 17813
5 42816
2 41087
3 26931
4 21417
5 6270
2 1066
3 2448
4 9715
5 12275
3 14291
4 31364
1 21130
3 17031
4 5619
1 46542
3 1759
2 15308
4 8587
1 7882
2 12446
3 45300
3 1877
4 45105
3 28261
1 25782
1 32487
5 42128
5 4175
2 33310
3 35724
1 28902
2 2119
2 10116
5 30726
4 30536
2 22682
5 39601
3 6294
4 8250
1 46862
2 5435
3 11320
1 17777
5 14492
3 9860
2 2628
1 14441
2 7176
2 34665
2 23702
4 2805
4 8134
1 36691
1 28211
2 45471
1 4101
3 36188
3 4462
1 7705
3 27587
5 32432
1 26780
5 6635
2 38922
3 15743
3 15962
3 28664
2 20648
1 24959
3 35740
4 16825
1 26903
1 19486
5 21421
1 26737
2 28198
4 363
4 1177
1 23752
5 18191
4 320
2 25818
1 12111
5 37255
5 4573
3 36177
5 25645
2 36470
3 46016
2 33931
5 25259
3 45991
5 37786
4 13254
3 29757
2 8724
3 41001
4 21144
2 6749
4 30441
4 16762
5 43727
5 26706
1 21471
1 27173
4 36287
2 46406
1 6382
1 1553
3 39379
1 22817
3 19650
4 7371
1 36406
1 27753
5 37052
1 41851
3 22717
2 40573
2 24886
4 11604
4 13333
3 40706
3 5447
4 29524
1 21798
1 31396
5 40169
2 2608
3 25032
1 18599
1 20863
5 10113
4 1263
3 38700
3 38123
1 46015
2 8884
1 39279
4 11825
3 11347
3 18105
5 4218
5 44580
2 20207
3 36928
3 34321
4 13388
4 41
4 43502
1 7579
4 32664
3 40820
2 27938
3 3162
3 17441
3 26923
2 27702
1 26464
3 20782
2 15101
4 35798
4 28866
4 33614
5 30528
3 32322
1 10892
4 19166
3 14572
1 42434
2 21871
2 30275
3 5609
4 38771
4 131
1 21933
5 24317
5 8641
2 171
2 9666
5 1491
1 44208
1 13828
4 29075
4 44700
2 4471
1 3778
2 6109
2 31769
3 20991
4 23793
5 26371
3 25934
2 28034
1 37192
2 41532
4 25204
2 44178
2 1318
3 15849
1 27145
3 26964
2 10336
4 24001
3 22399
5 27642
4 10175
4 44792
5 6532
4 24644
1 34007
2 35121
2 31803
1 41052
4 37668
3 44213
1 41641
1 8700
4 21136
2 17360
4 17180
2 46731
5 45649
2 28515
1 6551
5 46905
4 11653
4 41303
2 14941
2 40026
1 23608
4 36173
2 26990
1 13681
4 11139
3 14367
3 35304
2 24828
1 37850
5 6984
3 38109
1 39409
3 13118
4 18410
3 8018
4 5046
5 20452
2 35225
4 7895
3 46712
2 13016
2 29808
1 31260
3 4660
4 6122
4 6601
3 3583
1 44627
5 31136
5 31365
2 1634
1 6913
3 14054
2 16550
5 44363
3 3165
1 19622
2 811
2 44097
3 1157
1 25336
1 23688
3 26739
2 10505
4 40362
4 11338
5 17956
1 28586
3 19732
5 5844
1 33690
5 27461
4 15828
4 39252
3 23398
3 20114
5 14405
2 38434
5 41874
5 27981
4 44099
2 21533
5 35277
1 12426
3 33314
1 19096
1 21300
2 33021
1 30831
1 35104
3 32155
3 42546
1 40452
2 28491
3 12258
4 22248
3 44472
3 45913
3 20123
1 43856
5 27715
2 10993
2 1240
5 36276
3 45214
1 10988
1 22943
4 18434
2 35697
4 39495
2 33327
2 27918
5 11255
1 41865
1 10759
5 23302
1 25975
4 11521
4 12852
1 7342
1 30708
1 33551
5 43709
1 18532
1 19462
2 5121
5 40428
1 10529
1 42497
2 2871
5 46734
4 35426
2 5608
1 31333
5 8325
1 12733
1 31798
3 10350
2 27760
2 38065
5 45854
4 46451
3 36505
5 18479
2 3962
5 40470
5 2095
1 33968
1 674
5 21439
3 44403
3 33635
4 21201
2 44775
4 24732
3 21137
2 41761
2 4950
2 32993
5 5176
4 41416
1 29916
4 11256
2 27291
3 27813
5 17356
3 18332
2 21132
2 38598
4 12022
3 10122
1 11746
5 31853
2 11735
1 39690
2 26552
4 16794
4 2064
3 9997
5 46476
5 19846
4 36401
4 43492
3 18612
3 25479
3 20818
1 11909
5 16832
1 20462
1 33472
1 10160
4 11903
5 36069
2 11303
3 35820
3 31562
3 30595
3 4489
3 35730
1 39296
3 31270
3 46888
5 35164
3 30928
2 21785
2 33742
1 27657
3 16691
2 3340
3 9614
2 1563
1 959
1 108
5 9488
3 25425
2 42295
5 40470
3 29025
1 10993
2 9277
4 44731
4 29982
2 15962
4 30624
2 14460
3 41808
3 26226
3 17526
5 44586
3 1604
1 15123
3 32565
2 32074
1 27328
4 1620
1 37579
4 22686
4 3610
2 29796
1 27827
3 28082
1 34742
3 5100
5 7390
5 26402
5 25343
1 6000
3 23138
3 18138
5 8980
3 25523
1 4104
5 23646
4 25316
5 44345
5 35786
5 11769
1 18775
2 42644
4 18488
4 45319
5 42639
4 1308
5 33615
3 14335
4 24970
2 19251
3 11082
3 44167
3 33680
1 6785
2 26721
4 12964
5 11890
5 20039
4 26832
5 17181
2 6886
3 21212
4 35642
4 21354
3 22657
3 11218
2 45470
4 28753
1 10030
1 6891
2 10419
1 35918
5 14056
5 17088
3 10247
3 43903
5 14874
1 37211
4 40816
4 16951
5 6549
3 40552
3 35051
4 19499
2 12142
5 39540
5 36361
4 4809
1 27010
4 10403
5 16632
1 525
5 27592
5 5615
5 33681
2 18148
3 6952
5 8807
1 28627
5 5450
2 27750
5 26191
1 35267
5 3060
4 44018
1 14410
4 6527
3 45778
4 22073
4 38614
1 22381
5 29046
1 46193
5 17558
3 5119
1 10715
3 9179
5 8144
1 13381
4 45610
5 30832
5 16506
3 13338
4 21037
1 35329
5 3723
2 18288
4 42648
1 35161
3 8994
3 3279
1 62
3 37778
4 28257
4 5107
1 6888
5 15619
5 10920
2 4183
3 4776
1 12801
4 20534
2 43740
1 3476
1 24160
2 27311
1 39955
3 23592
5 691
4 41288
3 38447
2 2877
1 28364
5 7662
1 7857
2 1833
5 41270
2 33394
3 21208
5 38107
3 33401
2 11113
5 6160
4 41886
1 12083
4 28880
3 24491
4 15675
3 24373
4 9641
5 25058
3 32076
1 16839
2 22023
3 4357
3 3053
4 22653
2 22770
3 42571
1 3471
1 43536
2 28550
3 17688
4 6419
4 21169
4 46039
2 3622
2 10051
5 22919
3 18016
3 36020
4 16396
5 17957
2 617
3 21564
5 15309
5 33758
5 15046
3 14720
2 5018
3 13526
4 36630
1 16465
2 31398
3 4501
2 36636
5 4553
3 14095
4 30645
1 7438
1 41939
3 21975
2 28772
5 23741
5 236
1 12289
4 30458
5 22355
3 4923
1 3452
3 45425
3 36435
3 27559
5 29699
3 33772
2 28926
2 12189
1 13142
4 12935
5 44268
5 29161
2 26898
3 39127
1 37774
5 32577
3 2337
5 32253
5 40495
3 46215
2 36865
3 37254
5 46878
4 45759
1 34884
2 31089
5 7772
4 12798
4 33963
1 44689
2 8509
4 29961
4 13581
2 29712
4 41492
1 46403
5 24048
2 15923
4 42461
2 28379
5 25177
1 8594
2 44786
1 44145
5 20088
3 4707
3 14101
1 12964
1 34068
3 19566
1 45256
3 8583
5 8202
1 19874
2 45743
5 35649
2 31316
4 20508
5 13443
1 38799
5 7011
4 4535
3 46503
1 11207
1 32601
3 23977
1 43895
4 12816
5 164
3 42793
3 40742
3 15753
3 34268
1 7720
4 30095
1 38465
3 37862
3 41824
2 18592
5 8347
1 14230
5 39431
5 257
3 43447
4 24342
1 17996
5 24945
4 1971
2 20848
1 28150
1 2270
3 9323
1 29926
5 14185
4 18371
2 22377
4 41488
3 25555
4 7500
5 8386
2 12996
3 43949
3 3154
4 45958
2 45628
2 40932
1 26765
3 12615
1 38009
5 18630
4 235
4 46005
2 41657
4 6378
5 26138
4 34413
2 31290
3 15541
5 43344
2 46358
5 45539
2 10789
1 32751
3 7118
3 44592
5 38669
1 38244
1 13478
4 4563
1 26924
5 9527
4 40197
1 18494
1 29304
2 42482
5 4410
1 33097
2 31327
4 7508
4 1409
4 39222
3 17359
3 20727
1 41556
5 39760
2 30155
2 38419
4 18812
3 43744
1 22536
1 14145
3 46000
3 28131
1 31636
2 19447
1 23299
3 23640
4 39019
3 14867
3 17400
1 19932
5 8985
2 29462
5 18913
2 14941
1 34199
4 27544
5 43056
3 46685
5 35826
5 17398
4 1526
2 10318
1 22837
2 10024
1 33681
1 16049
2 11903
1 6212
3 21934
5 18934
2 31882
3 37017
2 4819
1 40140
2 35165
2 28576
1 15107
1 40705
2 45247
4 10262
5 33893
3 17457
4 37623
5 45373
2 21039
4 31756
3 27836
1 7303
4 4025
4 3357
1 2381
3 41601
1 23053
3 9390
5 42399
5 1460
1 998
3 30486
5 30838
5 37202
5 12393
3 1912
4 10734
5 32943
5 28186
4 24567
2 16859
4 21648
3 9013
2 24980
4 23374
3 46890
2 23471
2 23376
5 19364
5 29345
3 40258
4 20520
2 16321
1 29765
2 18982
1 40450
2 30897
2 31662
5 40515
1 2880
5 19376
1 38753
1 5767
4 6022
2 34250
3 41151
1 36112
4 27872
1 41755
1 34413
3 6111
2 26679
2 39683
2 6288
1 37681
2 35306
5 10305
1 26498
5 16959
3 29682
1 38235
2 25778
5 20194
1 2629
4 32824
4 41943
1 41568
5 11568
3 43132
3 26531
1 414
3 21148
4 14918
3 29741
5 19941
3 14608
3 28985
5 26692
4 4787
4 13763
5 9853
4 31459
3 3296
4 26900
2 4854
1 26142
5 15974
1 21397
3 5708
3 14385
2 33243
5 15362
5 20195
3 46278
3 18134
4 11154
3 32329
3 33818
3 35334
3 39634
5 31269
5 45353
1 4658
3 35576
5 44129
3 18296
5 15514
1 23491
2 40301
1 21774
1 3027
2 13705
2 8139
2 17029
1 33942
4 28616
2 13507
4 8969
4 180
2 33198
4 6510
3 34734
4 19242
3 14318
5 46341
3 46681
5 5614
1 4304
3 29525
5 18295
3 1513
2 13147
2 2270
2 13000
2 9950
4 17644
5 2425
5 29948
1 710
5 10426
2 2437
5 25100
4 29732
1 28801
3 16020
2 37610
1 28774
4 18565
1 45317
3 30066
1 40418
4 41070
5 8798
3 3815
2 9636
4 24546
3 21114
1 32623
2 36443
5 9166
4 25533
4 28200
1 19476
3 21595
5 21585
1 22401
5 40627
4 29307
4 34069
4 11013
5 2412
2 39696
3 31994
3 4493
1 2062
2 7432
1 19038
2 41859
5 36011
2 38919
5 15105
5 24386
3 15286
1 44249
1 14895
3 42340
5 32694
5 5724
5 34663
5 969
2 41567
3 32034
4 69
3 9217
4 45171
3 1302
2 6874
4 20302
4 20365
5 11447
5 43604
1 40523
1 41874
1 21506
3 13543
5 14006
3 34622
4 6850
3 6594
3 25222
1 19649
5 21708
5 30017
2 5537
4 32703
1 15193
1 24918
5 22244
3 10433
1 38257
5 14327
2 3844
5 15654
2 14047
4 41842
1 14473
4 13414
4 31842
4 2057
2 45455
4 16380
4 34271
3 16079
3 10414
3 11003
1 40051
2 24245
2 18904
4 39997
3 35358
5 27422
3 23372
2 1235
5 7801
1 16298
2 37626
2 38745
1 42618
1 45204
5 40643
3 12058
2 15509
5 43840
1 17851
2 32529
4 38276
5 8614
4 20835
2 30927
2 4871
2 26550
2 35153
1 443
1 12313
1 29066
5 12944
4 21952
2 14594
3 19769
2 31771
1 37560
1 44102
5 37418
3 18462
3 20830
5 37865
4 26319
3 42113
4 18715
2 22161
1 6648
5 41783
1 23140
4 1731
4 29571
5 42327
3 1415
5 10338
1 42821
5 5969
4 11526
5 10073
5 26163
4 43559
2 10160
1 30202
4 32915
5 17199
1 17880
3 13258
2 36808
5 32247
4 20682
4 41048
2 20277
3 13645
4 39292
4 32470
4 7284
2 15050
4 26880
4 18299
1 7935
2 18959
3 23616
5 27126
4 41101
2 15463
3 32028
1 20
3 36308
5 39637
1 1837
5 3793
4 29582
2 13536
1 39760
1 12592
1 30998
2 9912
5 39322
1 10489
2 41114
2 23370
1 27411
5 33080
1 16250
4 41589
3 37145
5 23145
5 44502
3 7737
1 6012
3 24627
5 19112
3 10240
1 33450
5 44541
5 26923
1 28339
2 35809
4 18794
3 23903
4 5111
4 12737
2 24641
2 26923
3 1583
4 41139
1 25639
1 1459
4 28069
5 46366
2 10884
2 4913
1 26920
2 8141
3 736
4 2621
2 35401
3 4285
4 16448
2 8289
3 33186
4 18956
3 24911
3 42841
5 46510
5 185
1 43523
3 1643
3 22681
2 9275
5 21591
4 33957
4 7480
5 26442
1 21807
5 24864
5 26995
3 13263
2 4100
5 40168
3 4120
4 38354
2 16759
3 16202
5 42097
1 28785
4 7516
4 11644
4 11183
3 25506
4 36185
2 27651
3 29987
2 27576
3 28106
3 22478
5 30450
3 25377
2 17131
1 26272
4 21629
5 1624
2 32951
2 180
2 8186
1 39409
3 14025
3 3173
3 8072
1 45637
5 955
1 6325
5 33857
2 16110
3 8329
4 44649
5 31937
3 22187
4 30153
4 30506
4 14772
4 19113
5 31066
4 6349
2 7506
4 40807
1 16906
5 45019
5 5510
4 36638
5 45108
4 29001
4 17756
3 18264
5 3820
3 42431
1 40737
4 21085
2 9028
1 34120
2 5359
1 32547
5 33143
3 38719
4 32882
1 7774
1 39883
3 10009
1 28925
1 27434
1 28703
1 35613
3 43178
5 37628
3 13840
4 783
5 15634
5 43258
5 19917
1 27114
1 13439
5 15337
4 8950
4 30224
4 25500
4 37280
4 35057
4 5799
2 14865
5 15487
4 23472
5 10373
4 37415
3 33668
4 28431
4 30989
4 30505
5 6202
3 25471
1 9067
4 2632
2 2866
3 13617
5 10646
4 5104
5 41294
1 8853
1 17734
2 27961
2 45646
2 36002
3 26148
3 6856
4 11883
4 18947
1 31900
3 17423
1 15909
1 39901
2 46073
3 27889
5 15954
1 32123
2 20398
5 35394
2 3257
3 45827
1 1856
3 18691
3 6659
2 13226
4 41683
3 43238
4 2220
5 37256
1 19042
3 22010
2 39368
4 40558
5 372
4 20897
1 6579
4 4810
1 17373
2 29360
1 34812
2 37354
5 45193
4 41750
3 33444
4 25425
5 38884
4 16255
4 12243
3 9949
1 36291
3 28267
1 5421
3 43403
1 35816
2 18750
5 33347
5 18690
4 20624
2 1556
5 36121
2 45284
3 41724
1 9941
5 46163
1 46679
2 7792
2 6872
4 34664
5 26033
5 46139
1 2142
1 45208
4 38288
2 41032
3 22248
3 42120
1 45865
2 33504
3 2916
2 37566
3 43098
1 33171
2 22554
4 29171
4 21056
1 23750
1 22619
3 22829
4 42064
1 21311
5 38829
1 19871
4 28764
3 40751
5 26021
2 14044
5 1638
2 26830
2 18078
1 5178
5 29567
4 6393
2 19848
5 30633
5 39346
5 36197
4 4750
5 36304
5 15253
2 46898
5 37367
5 40425
2 36922
4 8336
2 21331
1 18797
3 19734
1 12821
1 17704
5 18133
5 13526
1 11849
3 38271
5 43783
3 40254
4 17738
4 5602
1 46510
2 41325
2 28696
4 9741
2 22922
5 41758
2 21025
1 38411
3 30530
5 24224
3 3581
3 2857
3 13022
2 39101
4 7212
1 45434
1 11522
1 24387
5 29905
4 7361
3 705
1 45934
3 10202
4 35683
2 6424
4 37547
2 34396
2 43983
1 16936
5 18130
4 18154
1 32728
5 46226
3 10763
3 37637
2 38797
5 14723
1 33511
5 28241
1 6130
1 25439
4 30761
1 25497
1 26014
4 42481
3 823
3 25068
1 26077
5 45527
5 5914
4 7247
3 23962
4 17010
5 9188
3 32851
3 27929
5 16325
4 5675
2 41880
4 34085
2 24749
1 1134
2 476
3 6762
4 35644
3 3234
2 22095
3 36060
2 32631
2 36873
3 16404
4 19471
5 21822
2 46527
3 10369
2 18404
3 23641
1 1888
1 38488
3 19136
3 45888
3 2688
5 5932
5 19472
5 18466
4 41626
2 7817
2 22997
5 20708
3 6276
3 46172
5 25192
5 18899
1 22999
5 23167
5 15758
3 6656
4 23911
4 40099
2 33552
5 38328
1 26958
1 18250
1 37908
2 7698
4 37915
4 7700
4 452
5 14288
2 4286
1 25144
4 17206
1 8080
1 36347
2 46890
1 44976
3 31422
5 27224
4 39578
3 43213
2 37006
5 543
5 19769
3 11860
5 3176
3 44172
5 44561
3 29722
4 34555
1 4056
5 5915
3 4108
4 24034
3 43061
3 39492
5 15401
4 16008
4 40575
5 44393
5 30819
1 8699
2 1750
2 4847
3 10585
4 8527
2 43165
5 15292
4 22854
4 3431
1 8460
2 27130
2 37896
1 18630
1 39638
1 25481
1 13774
5 31352
5 17290
2 34911
2 42363
1 39673
1 36843
5 20853
4 31279
3 1848
5 16581
4 27561
3 5365
3 4299
4 19988
3 10656
2 11635
4 7890
4 12649
3 34682
2 43804
5 16962
4 3959
2 13660
5 14428
1 39455
4 20787
3 19708
2 29671
1 11493
3 12991
2 46648
4 16839
5 33597
3 11660
2 19792
2 13584
4 18791
1 21600
4 31093
5 29472
4 17017
4 6016
4 5214
5 42997
4 15726
5 24885
3 20122
4 19820
1 25817
2 11843
4 34647
2 27470
4 8237
1 12036
2 5340
4 21621
1 22424
5 42883
5 42094
1 29507
3 24665
3 42462
2 11002
4 10584
1 16094
4 428
5 14045
2 44843
3 4080
5 23651
1 16798
2 31637
2 21218
5 20641
2 20326
4 3451
1 44463
3 8386
2 41560
3 44984
3 43273
4 38885
2 2413
3 8147
4 39088
5 7457
2 33659
3 32623
1 38145
1 28178
3 39640
2 38918
5 4280
5 38268
4 9237
4 4633
5 30955
2 35113
5 35524
1 3051
3 18197
3 6165
4 35267
3 40220
5 7370
5 44061
4 45079
1 32250
4 2045
4 35317
5 25102
3 36576
3 28220
4 26795
2 33164
5 6685
3 6566
1 33755
3 5744
5 30547
5 13403
2 11022
5 43345
2 29259
5 26760
3 32702
2 28382
4 4647
2 7169
2 9979
1 20654
2 40163
2 38256
3 25117
3 21556
1 6486
4 46325
4 15895
4 41670
5 39539
5 2080
5 25730
1 1443
4 25562
5 6250
3 33003
4 15652
4 9360
4 25601
1 6731
2 6706
3 26681
2 21360
1 40428
2 5970
4 41971
5 23159
5 22831
1 30010
1 31380
5 13197
5 24698
4 15358
4 4999
5 643
2 28809
2 4427
3 39149
1 6300
2 17989
4 19646
3 17042
5 27451
4 9720
5 409
2 39770
5 11037
5 31110
1 16014
3 37058
4 43490
4 2165
4 20857
4 14574
1 29545
4 9132
5 46740
1 17972
4 17930
2 31689
2 26519
1 42472
5 3812
1 22997
2 6817
5 16160
4 17923
2 44222
4 26267
1 27818
1 35157
4 31423
1 208
5 42590
2 42012
3 10457
5 487
1 16462
1 28735
3 19825
5 8188
2 37177
1 11137
5 2596
1 29896
2 4780
4 42983
3 9257
2 22682
4 16058
5 42815
1 7810
5 23015
3 4584
3 41883
2 2287
2 9264
2 10465
5 12021
3 26364
5 14078
5 45275
4 16953
3 16745
5 4186
4 22606
1 36970
3 20430
3 34170
1 4068
4 24868
4 8060
3 2298
1 7451
5 8943
3 8079
1 19927
3 45150
1 43802
5 12105
1 45702
3 8807
1 45835
4 34850
2 10054
4 15375
1 33556
3 43739
4 4964
3 3389
1 21054
1 30629
4 37937
2 35612
2 31617
4 29968
1 9359
5 37265
4 46593
1 33445
3 104
4 7663
5 29125
3 30570
2 13172
1 45475
5 35216
5 15198
4 15091
2 36940
3 26872
4 22035
5 19774
4 33607
5 20841
2 38551
2 13981
5 39805
4 8525
3 16555
2 4389
5 27655
4 43201
3 35900
5 4070
5 2527
4 41939
3 4720
3 24398
5 26169
5 43571
2 8588
2 38076
3 14094
5 12566
2 45062
4 8062
1 23714
4 38126
4 41968
2 39572
5 40780
4 19508
3 29929
5 17296
1 2965
3 36314
1 8542
2 33147
1 9408
4 27539
2 1989
1 31686
1 27029
4 46636
5 7198
4 18374
3 45545
4 10085
3 45332
4 41087
4 34530
1 9170
4 43993
3 25262
3 32074
4 44737
2 38911
3 29233
2 40140
3 23652
1 2656
2 38738
2 11702
1 6958
2 36404
2 17931
2 44828
4 945
2 44934
3 45843
1 10583
1 10730
2 8621
2 7290
2 41362
4 25670
2 20043
5 42331
2 32821
1 27243
4 34692
4 45569
2 10508
1 35691
5 32345
5 3529
4 24237
3 43651
2 20527
1 11744
5 31072
4 24066
3 12532
4 42500
5 9588
3 16229
4 4304
5 20742
1 14980
5 26312
4 26623
4 2388
2 33674
1 19301
3 15831
1 15748
2 17906
1 39774
4 37289
4 10480
3 35721
1 29413
5 15303
2 919
4 28244
2 30998
3 46733
2 32257
5 43362
4 25139
1 36366
2 41862
1 19593
4 6973
3 5135
2 20349
4 44788
5 20659
1 27929
1 31073
1 46314
2 1971
4 5208
4 14126
4 35178
1 22792
2 15672
2 42372
4 14217
2 22313
5 29374
5 43474
2 28770
4 35919
3 13873
2 5050
2 45662
3 24274
5 2180
1 23498
4 45158
5 26032
2 13738
5 8635
4 20858
3 41728
3 21301
1 21322
2 2368
2 29129
5 15475
1 30329
4 6667
1 28648
4 34282
1 22656
5 37104
1 42739
4 22981
4 21854
4 38604
4 19210
3 28321
2 9843
1 11012
5 30666
5 3714
1 43803
4 44421
5 5922
2 28250
4 5606
5 10047
2 15152
5 931
2 41874
1 18496
3 46577
1 13633
5 13085
4 1929
5 8954
1 33904
5 18324
1 17741
3 6101
2 27926
4 12604
2 27271
5 31989
4 24406
1 39240
4 13344
2 21871
2 22752
3 35041
3 17737
4 10187
1 1575
2 26825
3 10135
2 40797
2 43960
1 2620
1 29135
4 11385
4 29517
3 19350
2 5058
1 450
5 10609
4 14462
1 30680
2 42420
4 44799
4 26572
4 1151
3 15208
5 15848
4 45715
3 30961
1 23797
4 41600
1 25173
5 29630
3 2710
1 36665
2 10712
5 40771
2 12543
4 14083
1 6754
4 7254
4 41164
1 14158
2 43407
1 45091
5 45972
4 10637
2 24724
1 37276
3 20501
4 25782
1 13415
5 1097
1 34671
1 6783
5 4719
5 25913
5 36844
4 38617
5 26257
2 38578
1 27222
2 45121
4 4942
4 13170
4 307
3 27219
4 15814
1 29612
1 1746
4 32889
5 39874
2 16917
5 25333
3 28634
2 17839
4 32410
2 22183
2 16820
1 23211
1 30311
1 38344
1 23369
3 22699
4 31855
3 4855
3 13990
3 41146
4 42153
4 4582
1 39226
4 9364
3 2794
5 5083
5 31575
4 8788
2 35969
2 33667
4 25873
3 5897
3 18684
5 25306
5 38008
3 26464
3 17364
3 4492
3 34653
5 40383
1 24957
5 24500
5 11593
3 32866
5 4380
4 11565
2 16218
4 21344
3 23961
5 28163
2 8351
4 10403
5 7914
2 36484
1 35960
1 46037
3 26141
3 42791
3 9665
5 34584
1 38483
2 17884
2 13905
3 8803
2 33840
4 41613
4 23912
5 1709
2 41676
5 39051
2 35741
1 32015
2 29715
3 33262
5 44504
1 15776
1 20861
5 25519
2 15544
4 23514
1 3968
2 38185
1 22637
3 17570
4 39216
1 37628
5 12703
1 5142
3 42092
3 33665
4 25569
4 21939
2 36061
1 12760
3 41437
3 23573
4 12847
5 24594
2 4707
4 3036
1 36156
1 44311
4 34428
2 4191
2 37403
3 10395
4 25748
4 27985
4 39964
1 29940
4 26862
4 22422
5 36237
1 41198
4 10319
2 37217
5 39289
1 38158
5 21269
1 16429
1 5212
1 41798
3 13017
1 10344
2 27251
1 16755
1 30576
3 2207
4 11954
5 39694
1 12467
5 41478
1 35848
3 20215
5 30963
1 3665
2 18290
2 35324
1 7785
1 40865
4 29629
1 3908
2 37318
5 15824
1 15078
5 34032
4 21646
1 15727
3 45762
4 95
2 43979
3 21204
2 3272
4 28136
4 2312
2 9848
4 938
3 9199
3 34306
5 5341
2 39799
3 27855
1 25335
4 34864
4 44143
3 27659
3 11421
2 13694
1 639
1 8277
2 28895
1 9393
2 17685
1 26285
2 7943
2 40079
4 33274
3 14876
5 6191
5 4861
4 26371
3 1024
3 10406
2 24379
5 21487
3 41275
1 41110
3 42573
4 20498
5 15717
4 5966
2 25843
1 1471
1 10167
5 29753
1 30011
3 35413
3 20252
3 21022
1 10317
1 18465
3 20968
5 35850
1 18429
1 13014
4 45265
4 40786
1 14087
5 2096
5 11623
3 40413
2 40257
3 45122
1 23926
3 11897
5 45378
5 21083
1 28009
4 25737
3 44363
4 6584
5 31397
3 21438
2 31730
4 43850
4 17015
4 8615
3 41933
4 25011
1 15740
5 46881
4 42044
1 14129
2 32972
1 4791
1 20823
2 2545
5 38431
5 45757
4 40839
4 20495
4 1378
2 3886
3 46410
1 39944
1 39075
4 42582
5 37704
2 40078
5 545
3 6961
1 8498
3 31988
3 11644
4 16223
2 14490
5 12472
1 21562
5 44730
4 41429
2 6546
1 40288
4 33521
1 24387
5 15456
2 19313
2 8995
4 44409
2 31052
1 13603
3 23253
2 18008
3 37623
2 18734
5 22955
2 46039
5 40083
4 37259
1 40031
4 11549
3 44165
2 4061
2 26216
3 2095
1 16845
4 15383
5 3618
5 22985
4 31909
4 46810
4 23615
2 41805
3 23151
4 39228
4 37258
4 13717
2 43659
2 32163
2 38600
5 27622
2 29954
5 12160
5 37436
3 20766
1 21591
4 14529
5 32250
2 24528
1 32481
2 7247
3 1187
4 13196
5 555
4 3748
2 2346
1 40924
1 30157
5 45316
2 218
4 43514
5 8731
5 44667
2 37412
4 16950
4 5938
4 20881
5 42582
1 6028
5 6683
4 18075
1 9313
2 23246
1 2892
4 10792
3 12036
2 7788
5 41245
2 5029
1 19931
2 32778
4 22117
5 33496
5 10903
2 40556
5 20656
5 5461
5 22365
3 21363
1 41578
5 18887
1 24879
1 4375
5 8761
5 20041
5 23836
4 46638
2 9117
4 45655
5 20491
2 25982
5 30021
5 1961
2 43349
5 31602
3 18634
4 36927
1 20339
2 4714
1 12450
2 12730
2 14259
5 36525
2 32213
2 20806
3 27508
2 20621
3 17524
4 9313
1 17154
5 38961
1 23009
1 19049
5 32777
2 27370
5 12627
3 28506
5 30814
5 27119
2 21938
1 6704
1 26024
5 28083
3 45367
5 36715
5 37254
2 18500
2 42815
2 22258
1 34852
5 28517
4 23785
2 41846
5 21236
4 30733
3 19703
1 32387
5 4427
4 14691
2 28947
2 37351
3 19902
5 27414
2 7561
5 12530
3 14396
1 39392
2 44615
5 12834
5 30561
3 44286
2 28874
4 30477
5 45549
3 20522
4 23505
3 7871
1 41671
2 7723
3 23455
5 46499
5 32917
5 16752
4 25592
1 36520
1 35498
1 10894
3 29660
5 39545
2 11465
2 105
3 7357
1 31231
4 16048
1 19749
5 34100
1 38712
4 829
2 34302
3 26759
2 9522
3 42576
5 26279
4 32857
5 4274
3 18725
2 38956
5 10274
2 114
4 31172
3 39254
4 22513
4 23541
2 12952
4 44341
2 29716
3 21993
5 25876
2 21058
4 28964
5 12096
2 27642
4 28478
2 10999
4 25814
3 45476
2 25542
1 22404
3 19319
3 36051
1 1762
1 4489
3 4652
1 38965
1 21137
1 10711
5 41361
4 22217
2 10665
1 527
5 23513
2 20085
3 32316
5 32464
1 36132
1 36811
5 13722
2 35581
5 11551
5 28237
5 37469
2 40410
4 28275
1 32812
2 15139
5 37714
3 2623
3 12357
1 5862
2 40053
3 2212
4 44124
1 22849
5 24386
3 19200
5 33494
3 8186
2 11325
4 41693
1 17738
1 5865
4 12873
3 11875
2 9454
5 28903
3 10115
3 30817
1 42966
3 12074
5 3236
3 7538
4 1888
4 9979
3 3537
2 31194
5 27621
2 7268
4 8652
1 28410
2 20016
3 14533
2 17203
2 6940
5 24067
5 5402
2 40281
4 245
5 10422
3 17855
3 42412
2 10687
2 17361
2 11400
3 1073
3 11966
3 77
4 11745
5 3006
2 42107
5 42150
4 17541
2 35699
4 30293
1 16654
5 19730
4 44751
5 41469
2 2498
5 33770
4 40484
4 5481
4 37292
4 37071
2 32542
5 20109
4 30736
3 44109
1 26983
4 43353
5 18
4 46872
4 45464
4 689
5 31917
4 43587
4 23831
5 28975
3 14558
2 22821
2 4339
4 5549
2 45892
4 11151
5 45790
1 25497
2 30482
2 18621
2 31750
3 21347
2 22414
3 7418
1 17794
3 13607
5 35817
3 31834
3 43932
3 20595
1 7165
3 9963
4 30803
2 13347
1 16473
3 26711
3 10217
5 21597
1 7937
1 7822
1 8396
1 37192
4 43104
3 16308
2 14455
2 8602
4 32703
1 20821
4 13630
2 39949
4 39694
1 18742
1 20350
2 6893
3 18947
3 30379
2 30774
2 2049
2 12345
1 21780
5 3084
1 15390
3 32859
2 18649
3 27321
2 5365
2 781
1 27198
1 28992
4 6835
1 46781
4 6267
5 29538
1 45739
4 27934
3 24355
3 10168
1 38400
3 22631
3 30376
4 1574
3 12710
1 7379
2 18477
1 2677
4 26509
4 14946
3 17751
4 27969
3 12372
2 22051
2 16934
1 1593
4 32340
4 37749
2 22998
3 17996
1 45888
5 21354
2 45013
4 21088
5 29586
2 3809
4 41787
1 25672
3 22136
5 8430
2 29210
1 2724
3 31681
5 7218
3 3960
2 12491
1 17949
3 12337
4 38250
2 42076
1 40333
2 15132
2 42456
2 25407
4 8792
2 18777
5 8676
2 26878
1 33505
4 3097
1 8107
1 32564
2 37422
2 10087
1 5307
1 40665
3 13887
2 17465
4 41507
2 32255
1 22969
4 40627
4 31485
4 45626
2 25521
3 26257
1 5842
2 39338
2 11535
2 46285
4 37312
2 2149
2 23298
2 15581
4 42355
2 3234
5 10696
5 17996
4 38227
1 16494
4 5965
5 27650
5 15830
2 10358
5 33533
4 31138
1 6915
5 25958
3 1933
2 28800
4 11030
3 25799
1 4713
4 10092
1 22873
2 39760
3 16186
3 44977
2 45009
2 35621
4 23336
1 16299
1 26666
4 20182
2 43653
3 12342
4 24120
3 15219
1 41335
5 21122
2 18187
3 6359
2 43797
3 41010
4 45046
1 15466
1 44102
2 45002
4 44355
3 34847
2 11165
3 10266
2 15332
3 13686
5 31335
4 20398
4 46216
5 35851
4 46076
4 7166
4 19301
2 2964
2 3133
3 22070
2 37784
4 40215
5 2501
2 39308
3 46312
1 480
2 31739
4 6484
3 167
1 24849
2 43740
1 38279
1 2257
2 35194
5 8658
1 15488
5 26475
5 16908
1 7740
1 25804
4 15119
1 9548
5 7318
2 33718
5 13252
5 6325
4 33659
1 7144
2 43315
5 7226
4 41076
3 28642
3 10650
3 44461
1 11894
5 19693
1 19247
1 22463
1 44944
5 34138
5 4727
5 32098
1 29537
4 29041
1 20450
5 8166
1 25594
2 30145
2 44869
4 35763
2 23951
3 27581
1 38516
4 6588
3 37158
1 27701
2 6426
3 40068
4 28939
2 12664
3 33465
4 1321
1 33289
3 44310
4 255
2 16419
2 7238
5 8758
5 44986
1 28632
1 15656
5 34045
4 40291
4 45128
4 25715
2 13779
2 5917
4 28482
1 12188
1 17582
3 7169
4 29983
2 23793
1 41004
4 41558
4 29493
4 29974
4 26715
2 20214
3 39681
4 9453
3 26858
1 36682
5 25545
2 35006
3 4924
4 9342
5 16847
5 25012
1 6985
1 22174
4 11120
1 8884
5 20918
5 39093
1 8041
4 42979
3 27835
4 30387
1 46865
4 21958
5 20744
3 45941
1 36167
4 33128
