6369
5692 1996
2745 5692
3741 1996
350 2745
3926 3741
3573 2745
2591 3741
3444 1996
1542 2591
5775 5692
3414 3741
2808 2745
4394 3444
1816 1996
1964 3926
1055 1964
2177 1996
678 1996
4916 2177
365 1996
542 5692
3002 2808
2071 3444
189 1964
1249 350
2666 678
1388 4394
4809 2666
2814 4916
2588 365
3400 5692
1927 1964
2112 2588
4057 1542
5611 2814
1870 4057
2620 678
3869 1870
4849 1249
6111 3741
1716 3414
3475 2591
4221 1716
590 2588
2323 1542
5207 2112
1307 2177
4716 1249
3464 1307
3005 1388
4288 2666
6074 5775
3282 3475
1826 3444
5033 2588
658 3282
5923 2745
3258 2620
1138 4394
6317 4394
1906 1816
2741 365
6033 2588
3990 6074
3577 2741
3673 2591
1347 5692
627 2814
3267 3414
5738 5611
5743 3573
206 3573
2963 3002
3257 2071
3422 2071
1628 2814
1789 3257
856 2588
4956 1927
3978 6074
2498 2666
2400 2112
6142 3005
6012 1789
453 4716
846 658
582 5033
5110 365
802 6142
4618 3444
5462 5110
4498 3475
2168 2745
4535 4809
579 206
6046 5611
2170 658
2893 6111
3620 5611
89 1542
6302 1996
4915 2620
416 2112
845 6111
1205 678
1391 1789
3249 2893
2204 3577
257 3573
3021 2963
2213 189
4409 1542
3466 2071
5095 2213
3046 4956
1005 5110
6362 4535
1804 5775
1284 3005
3381 2620
6301 4057
2555 1804
2331 4409
4316 4916
5167 2588
115 5611
1057 1284
512 6142
5921 3422
139 5167
1472 3005
3364 3002
2458 2808
4311 1816
4048 3444
4313 4288
2825 4221
4630 6012
5489 4221
1089 2588
3605 206
3682 1816
5321 1089
1344 3444
25 4916
740 365
5943 139
4534 4630
5101 2555
3579 6302
3171 350
1722 3682
5454 1055
1930 4057
721 1472
3545 2168
1427 3267
3393 3605
838 1789
317 6111
4033 838
4038 590
3127 2177
5823 2112
1208 721
6310 2591
4041 4313
3580 3381
4790 4221
400 1964
5788 1964
247 1057
1215 1249
1137 4716
1771 1542
3397 3741
4108 6033
1541 3444
4693 579
2436 1205
3204 2168
2838 1472
1380 5110
5218 5738
3203 4915
1387 3046
921 678
735 6362
4339 1826
1122 3673
2655 4221
5593 3475
5463 2331
1992 257
521 5923
5729 3926
3723 5611
4893 2655
2061 5454
110 6111
2684 1996
2517 1930
3300 5943
2756 4339
1774 6362
2099 6362
4506 4790
3551 5593
5107 740
2195 845
4566 1870
5361 3464
2715 3422
703 2436
6164 6142
3122 5489
5257 206
1575 721
5501 4033
2632 1771
978 3466
339 25
401 189
4320 4038
6080 4288
4438 4916
720 4534
4695 720
4795 845
1546 350
5985 189
2497 3400
5458 4339
5924 735
4705 3605
6227 2213
5059 3127
1070 1906
1354 6317
1325 1138
4574 2632
4005 5033
957 6362
354 3466
5266 3620
667 3422
4770 2655
2789 3573
4685 453
4080 1057
1083 1906
5624 5692
6296 957
4205 5611
3492 5110
4936 3300
2118 2061
3519 4693
4228 5775
6243 1996
1273 2808
3829 2741
2689 139
2798 5462
5196 2620
4996 2715
382 1716
1156 4566
5392 1005
3936 1273
827 6243
2362 4936
3657 1722
2631 2170
2107 6362
1335 4409
1440 2588
3259 3990
4840 1992
5138 3829
5937 5923
3923 3492
6093 3002
5465 1906
4531 3492
4278 382
140 1387
1708 4221
1222 678
4622 735
4248 1826
3041 5489
2108 1307
5491 4033
3676 5921
4633 4893
1596 3978
85 2588
5166 3741
1749 4409
3477 2498
4286 4915
4440 247
1022 2458
4536 3397
3305 1826
5613 453
6186 1208
33 115
779 3741
711 400
6359 4716
6213 2893
3426 1137
505 4716
2262 6074
6200 978
1723 4849
1620 2170
5833 4535
2773 2838
3296 5458
375 3573
3534 5729
3803 5196
5001 3041
2330 3021
297 1380
4766 978
6157 5937
1442 5033
744 5059
3589 3426
714 512
5222 297
1366 3923
3298 4840
466 6093
3636 4438
4771 4506
1367 740
1924 4849
3517 2631
293 2789
3870 4531
4678 466
2621 505
4132 3397
20 1716
3498 838
1925 3122
3106 4936
384 5321
3472 5361
2586 139
2626 6186
559 2745
2890 3249
463 1596
5987 6359
819 5987
1902 3364
4503 6310
4378 3723
1842 1442
2018 5392
284 354
648 521
3142 284
478 3171
5879 2838
867 3551
4455 978
4125 3122
1196 1083
791 189
853 2684
2951 3397
1891 1716
2562 2555
5062 4205
4013 512
5739 382
947 3723
2451 5611
2372 3249
4958 2168
4820 3041
6161 3579
2628 4503
35 5729
3368 4506
2138 4622
1044 1472
4039 1992
1548 1541
2343 2825
1010 4958
461 375
1839 4132
556 3426
1211 5833
341 4566
4267 317
4512 4311
5263 453
523 5101
2564 1070
6190 1992
1944 5218
5827 721
4336 5033
3182 2715
2677 1723
4726 1284
3543 339
4525 3545
5637 2689
3983 2808
5085 1284
454 1789
625 1211
2175 714
3161 1022
4577 1055
3146 1826
5241 6074
6202 720
1486 779
529 3249
1377 5743
3287 4438
5326 5738
3587 3517
5468 3414
3943 3657
5517 5062
4206 3305
6122 2588
3320 1211
451 853
5673 3414
4388 1789
1989 5218
346 4313
1690 5921
4341 4790
6057 6296
2045 4678
4361 3741
5661 4795
3056 978
63 3545
4182 1902
4454 838
2450 247
1212 401
4935 2112
2023 416
2461 350
209 2628
5111 5263
2983 5107
3450 4503
4929 1930
964 1212
4599 4577
3982 2562
5927 1816
4573 4770
3008 3300
1338 3002
6204 4013
2165 1122
6075 5062
3720 3587
4131 6080
4650 1891
2491 4048
4800 4125
4327 2632
3474 5167
935 1440
4235 5321
818 1628
5053 5613
5756 1839
5868 2756
2833 2517
2407 5222
1531 6227
4082 5465
1460 6243
2752 2555
2545 1215
6339 3257
6249 3287
4889 5823
1762 3122
873 3287
4015 2436
1504 1596
4335 3444
3215 4916
804 5468
2945 4341
6275 4038
4442 3492
752 2407
3677 4771
910 2498
4334 5196
4365 2362
3713 3587
3600 4716
3383 648
3901 4288
2943 6142
4565 5823
22 3296
4010 3589
2307 1839
1528 4693
4406 4442
3874 5468
5526 740
2340 4131
4396 2715
320 4936
5337 1222
3740 2340
5720 4630
2708 2677
5651 4248
1048 4630
3077 2177
1773 2018
5086 4996
5859 4015
6038 1924
3338 1690
1522 3002
5794 4565
3821 2564
4471 5720
4966 2195
4308 3517
1867 542
274 5923
5841 720
936 3282
3354 3936
4283 341
3514 4935
3656 5841
4484 1055
4728 2838
1107 4770
3240 4503
3301 5501
3890 3472
4437 2620
4414 1906
2394 1347
1059 2407
1602 2564
5991 6075
4162 20
4848 5468
4136 1055
3033 3127
5820 2666
5570 3300
2282 6157
1776 4131
5875 2689
1525 1205
5415 6157
2495 1774
3454 1388
1106 3203
1129 4800
306 4531
1569 964
3968 1005
3158 3620
6231 2436
641 454
988 5454
1685 5879
1986 3923
3857 4929
1498 4685
3895 4082
5299 2945
2899 3298
2882 935
3955 1089
5602 5458
3095 274
4352 3923
1373 1804
5936 752
3229 6339
2944 4770
2220 2168
636 4525
423 1602
5689 451
5805 3580
5973 5794
5036 5973
3684 3474
4868 3127
5586 6200
2910 3577
6325 6359
4772 2307
1090 2491
4805 5651
1918 1504
1099 3142
2729 3620
532 641
2556 6200
2765 4235
1795 2621
1264 5637
6007 4498
29 3968
4583 1826
1349 1906
6336 3257
3805 6202
3436 1762
2032 1388
539 3056
3570 6339
3802 2632
2057 845
514 4929
592 3005
182 4630
413 3436
6214 1264
783 5462
481 3620
3818 4442
5401 3046
1754 1531
6270 582
4753 2177
3649 4565
5442 3673
1455 529
4358 6359
2747 2018
1778 5833
4030 4015
1180 4716
1820 1839
2781 4772
5562 4695
304 5266
5117 1867
5650 4506
4755 4766
1287 3829
4496 5794
2026 978
1294 2018
1755 3182
55 1273
4681 4678
3671 2331
4012 5326
3010 89
180 667
6269 936
5199 1106
2147 3383
2154 5101
4719 3802
4975 1325
4100 3142
5994 3983
4863 4633
2401 3983
2485 4162
4240 1391
1494 1789
4918 5936
6201 935
5100 4132
5226 1778
4422 6301
2449 3305
4310 3802
4199 4496
4803 3122
4265 5943
122 2752
1145 1575
5259 1354
2537 5442
2242 5263
1698 3397
850 2825
3760 5117
3826 5257
1394 4893
2342 5111
822 1602
2641 5491
889 4726
5393 4283
37 413
4861 2026
4802 5562
2618 1455
4475 2108
1332 1944
1348 5196
3544 1924
5792 3127
52 4339
3165 5927
1573 1090
5279 2517
2001 1440
3654 822
4793 2963
4421 1440
193 1944
335 4100
4616 4039
3195 4863
6136 4616
841 193
1501 4336
1681 5923
146 4793
3184 4678
6365 3803
2166 2118
1162 4861
2719 3259
5757 63
4255 3005
4942 4205
2063 2882
2991 5562
795 1455
5348 5738
2236 2555
2185 641
3945 4438
3526 335
4977 3215
1182 451
1656 2204
5206 2586
5395 1891
2955 3305
1071 5526
5552 5442
3103 6200
5099 6317
577 5458
3938 2461
2859 4438
1492 2026
544 182
5500 4041
300 711
3325 2063
5523 6231
4119 714
3375 4840
4774 6046
6187 1182
5124 5206
5956 2491
4397 3381
5724 3383
589 4182
134 1927
6021 22
4065 3301
3774 4849
3768 5937
554 4484
2374 2107
1167 3802
708 3161
3572 4471
510 2808
1853 4512
883 1211
3855 2451
1692 1918
4184 2108
1581 3774
5932 4313
3246 6157
6345 478
5139 3204
256 658
1422 5738
1463 2741
2519 5207
357 2400
2539 1842
946 3444
2846 55
4081 1762
3409 5241
4780 5059
4578 4065
2939 4535
5877 921
534 1722
4555 6161
5483 935
5137 1222
1633 4726
4594 6075
402 5321
4548 4805
1874 5401
4668 3414
5644 5036
4434 5442
4200 3870
4593 4793
3975 5395
120 3300
1174 592
6109 5321
2822 5095
5273 2138
3623 247
548 542
1152 4125
6146 1602
99 1427
4882 873
6048 802
5170 5562
5647 3968
4816 3282
2582 921
5485 2655
2487 4716
5928 2591
4418 2330
5097 5991
4479 559
4052 5833
6130 5326
2117 206
1116 1196
3307 3393
2105 5166
1674 2117
2649 2108
5351 2262
2455 35
2805 1996
203 4966
5455 5137
561 3008
5162 5879
5232 1486
92 466
2900 4795
5437 4162
1051 2838
6167 3249
5504 582
6068 636
4257 20
3681 2882
3744 1964
2322 5483
253 1681
5324 2519
1097 2407
3678 2991
4777 6057
113 33
5551 3426
1890 1380
23 5437
4174 2588
2888 2063
809 4454
1680 3713
5575 856
2440 1284
4348 92
4161 5504
41 4777
1707 4409
3022 1575
2980 5117
2144 2117
5156 5552
3145 2632
1495 4311
3702 1367
3411 4434
2203 4536
6219 209
4105 2890
4625 3684
1275 1044
3655 6186
3510 3579
200 3375
4746 867
983 3869
5715 4695
290 1927
1769 3475
3208 4235
4953 554
4324 4438
2223 4039
3835 3103
4321 1122
1864 1354
2053 5462
2733 6167
1337 3744
1095 1531
4359 1366
1808 5437
884 592
2769 6317
5194 4105
4217 3106
4620 4678
406 3246
647 2955
347 2343
5389 304
872 4805
1368 3890
2576 2582
3554 4438
996 1773
3339 454
3739 33
4379 3649
1226 5279
610 1051
4998 257
1301 4335
2083 2825
475 5792
543 5059
1130 3184
364 3975
6239 5458
5376 4929
2764 5137
6004 3320
3969 3573
5068 4868
5679 5468
3626 539
4317 5937
1228 6231
1819 4324
3069 4998
3885 1541
3501 256
5589 5111
4435 648
4747 3208
5201 5489
3648 1918
3538 4397
2757 4039
5990 257
5464 2023
6262 5392
2417 52
868 1964
1227 1138
1785 5206
4926 3682
1185 853
1073 2343
5133 4065
2396 3874
1660 4057
1980 5321
4952 2213
3183 4012
519 544
5029 711
2153 4766
2218 4534
628 1156
6232 4616
693 6038
2332 4770
3485 2105
5876 4437
2338 306
2413 3740
5548 3657
4720 4574
1667 2781
3706 3744
158 5927
3722 4081
1740 1531
6237 4388
5821 5827
5346 364
3007 5943
3083 1338
488 4012
1710 4774
1327 2588
2462 2166
4951 4200
1968 1667
4073 1633
2662 5068
3799 532
2723 3855
5005 4335
5447 5739
6304 4747
5248 189
409 6111
1516 1055
3026 2338
2336 6080
1562 2372
222 4565
194 5232
813 384
5355 2032
3212 1215
955 3534
3548 6201
3402 1542
43 3339
174 6213
1021 1083
3875 1762
1109 1575
2523 6204
2676 3626
4606 4484
3864 5491
6331 4566
1606 4131
1619 1541
5790 4248
1919 1264
2433 791
2439 988
4854 4606
2974 4182
490 3485
1970 5875
68 5611
3637 1486
2624 3307
492 5743
5617 4283
3787 3083
3297 5167
1297 3722
5239 4228
1736 423
3253 99
5135 1562
594 481
5434 795
5883 4161
5848 6237
3798 4966
2139 4308
517 4081
5153 5437
1938 3945
3088 1569
4769 4577
5909 222
649 2846
1589 2825
1004 4952
5071 1774
2880 6004
1751 1349
1519 5848
1796 2332
4343 1754
2296 4288
1835 1021
4581 2882
2609 2154
2921 306
4913 534
4556 1970
4 5692
283 4174
4838 306
4629 856
1898 5071
1363 1970
3264 822
252 4334
438 5207
2448 4770
2611 5562
4944 1097
863 3943
457 868
739 6190
3937 3938
948 4348
4064 1059
5687 2715
5272 648
5472 4310
101 2620
1948 4498
1744 4013
1315 4936
3199 889
5106 4942
129 4820
5817 2955
3562 2626
4432 6331
4627 2618
5473 517
2435 1486
1691 5462
296 4918
2675 2890
4786 5692
5131 4820
433 4365
1285 3212
468 6161
4251 3990
937 3740
1371 1022
5516 2401
5224 2168
1649 2798
6089 4288
3194 5661
3765 4414
3048 1180
3289 115
1345 3161
2484 2433
3985 978
2070 4944
1677 5990
3793 423
5178 3026
1477 3969
3718 5501
2957 1211
3380 438
6307 5351
3708 5551
1002 649
3234 3623
3773 3793
6168 3246
4244 1924
1534 4512
1650 4534
6235 1167
3989 4681
64 4780
3221 2099
642 3875
5488 5324
5858 1455
5965 2023
5012 3122
1358 4929
2190 3955
2572 3368
4656 256
862 935
1282 3975
1561 4935
2722 29
2581 2484
3949 2825
1943 4132
6042 1769
4888 1116
215 3282
1935 548
5800 4535
5569 6080
161 1137
5217 5138
2614 5071
4290 4622
5209 3485
1837 2893
5894 3673
5450 206
1732 339
411 290
2478 3411
1015 1275
4621 3580
3796 1944
5264 1495
3902 2945
2542 6089
3524 466
5736 5611
2703 1090
2073 841
5886 804
4044 4336
3642 4633
2766 5647
504 3620
5940 3589
128 2631
3728 5921
5783 3146
4459 2462
4579 4365
2701 2769
1912 3146
3825 1284
4450 129
1419 1778
5791 2576
1574 3436
1081 2236
2937 3046
5721 2296
4482 1943
2775 2539
2499 3718
4300 5239
5599 4015
3536 4320
1467 4341
2457 703
5080 4889
1003 5468
3222 4313
6215 1918
367 3485
6124 384
5655 532
5228 304
2016 1561
162 5994
2135 1736
3345 3681
2569 25
1476 3681
2504 2407
6141 5068
124 423
4271 2523
1020 457
3176 5517
4744 4010
1523 4459
69 4418
2546 1440
3977 2955
4486 1589
1985 1391
3344 5936
217 1472
319 946
2573 3534
3756 2070
1091 1345
1975 4685
1672 1602
5863 3723
1404 2983
5290 4335
1982 3199
5261 2838
5915 4161
771 1835
362 4316
5307 4388
5466 4849
564 3221
4099 5679
3141 517
780 453
6045 3760
2835 284
3839 4320
2380 4300
4460 6157
3101 1542
4731 320
5760 5673
687 6045
581 382
3725 3368
5518 4531
689 554
3216 818
5678 1925
3530 3257
5621 4893
499 5005
5895 5473
1647 3723
5277 5611
3098 6359
6115 5111
1634 1698
6030 4348
5494 642
3092 101
1072 4849
3924 4771
2376 416
2378 2073
4661 884
5096 2747
4964 490
5285 3649
1911 1619
2730 5526
6160 2108
3286 6365
2613 4854
4638 2331
1967 883
1728 1477
1341 5679
5856 320
2875 99
3328 5943
3601 3538
3661 2586
4025 512
5302 5395
1190 3577
2713 1472
4912 209
3594 4912
5753 1185
3547 3855
2853 4388
2799 3475
195 4359
5893 2641
1266 1162
3489 3654
3326 1072
102 146
2686 2449
922 468
3193 128
4806 5248
2895 5207
2551 1347
4928 3818
4262 5876
227 4616
2193 3774
4487 5928
4403 3286
3348 6046
5345 2572
2522 4099
5 3901
4050 3083
6003 4397
5459 1358
5318 1948
5334 1681
312 3926
814 468
726 582
1305 4929
4075 4555
1496 2588
3053 4627
3974 4953
2490 3436
4654 341
5216 4012
1555 3895
3178 4012
5675 1325
900 2323
6117 1442
4959 3450
6101 4080
1513 1284
323 5290
4614 252
93 5097
3852 5106
316 3300
2989 3046
3664 2485
4963 5821
4366 1264
2612 523
3565 5099
1599 5936
1064 4668
2211 4240
2607 297
2962 1287
549 3514
2642 1211
3558 514
3143 4033
496 2846
485 4348
1094 317
1553 5651
681 4650
5890 3977
1792 2440
3527 1649
2456 2026
736 4578
5988 1690
5323 2741
234 5569
265 3348
1223 4025
368 2165
3884 401
3732 1531
6112 736
6288 5518
4055 43
4598 2662
5850 4566
3984 4620
5762 2564
4124 2537
4676 4963
3457 947
3553 3267
1668 2461
4407 2564
1237 2018
3712 4915
763 5504
5798 5792
3927 3798
5347 4343
695 6288
4424 2170
700 5551
57 6227
38 4766
2992 3974
3137 4271
5386 89
2334 4534
3256 2154
44 4771
3357 402
6144 4535
5443 3256
6036 1129
3272 5259
3515 1548
653 5096
3699 2057
2796 193
5881 4676
4821 4206
1712 5720
1760 3969
5189 2190
3733 2686
5486 996
309 4418
3851 2642
5234 4996
6367 5053
3415 5459
788 1555
4049 1677
573 5881
4590 4577
2341 4630
71 3472
3270 122
3367 409
4589 3684
2266 4409
4453 3732
2369 6161
418 809
3439 3774
3529 5299
3421 2498
1703 4033
5948 5570
5028 283
2427 5827
4429 636
5172 364
3404 4124
5246 4496
5374 6367
2020 5001
3187 1992
5471 6296
4823 2835
1506 6007
5946 2016
188 5206
866 5924
2848 5833
5174 1215
1974 1427
5316 2628
618 504
1112 4409
5951 2117
4660 1982
4954 3579
2015 2032
2527 4033
1124 1460
2869 1152
376 2168
2905 3229
6123 5086
1892 2433
3504 3773
4595 4964
3953 5326
1110 5096
3550 5248
5619 1226
5019 1555
781 52
4910 4324
5056 364
807 1970
87 3178
4628 5096
6287 5473
897 3732
467 1305
223 1344
3336 3444
2267 5599
3120 3137
5140 4805
3109 2135
1160 5611
3781 4772
6247 2974
1929 5875
2512 3657
5590 1837
1893 4199
3190 3411
1784 6161
4999 4406
3686 5859
156 3671
1434 3983
4517 3357
3495 134
5766 1620
1333 4593
5561 6033
5608 3048
2659 1349
1556 466
4920 1792
784 5351
5258 3805
5557 2512
570 234
2253 3519
1321 3587
1176 1109
5595 4482
1750 3637
343 3901
2800 1944
5067 382
1545 5589
3168 6262
6132 4966
2496 3978
5372 6275
1128 4531
1418 3320
609 2282
718 2655
3014 1167
620 2341
1372 158
5191 4244
5313 4343
114 4622
5406 3203
1535 3706
1530 868
531 3264
2873 4075
2707 423
857 1335
2268 3286
4431 6243
599 5569
305 1122
1311 2487
3018 2372
1069 296
3772 5946
3537 3722
3970 5348
4759 4453
2804 2838
2453 4283
3912 5472
555 4418
5600 4286
2602 5791
2637 2218
268 2394
4304 1020
1079 2118
165 4868
4765 3383
3186 5602
5920 3682
4070 87
3995 3421
5003 1285
373 5131
3564 4622
701 2814
1082 5766
1572 4800
2256 3656
5612 6089
1787 200
3532 2586
4672 4820
2738 4339
5320 5569
1882 4435
3940 4882
5566 1211
361 4482
5869 548
3775 5489
5367 2236
1147 1989
1933 1555
3479 4055
1779 1160
1693 2450
5559 268
4289 6213
6173 3648
612 5491
4992 3519
2731 4033
6037 5346
5851 5589
342 2853
3090 1498
5006 1893
3324 3517
5771 5248
4152 1762
2987 1160
5429 5361
4306 2253
442 3145
4383 5199
5597 4963
3542 4082
3813 5720
2178 3519
2571 2193
5044 561
3830 6362
4362 6004
3663 3069
275 457
4750 2576
1169 3799
776 6003
2857 293
30 964
3652 6296
1481 6160
2996 4910
3317 1344
4007 1528
2094 1057
656 252
2795 2340
5662 2723
1433 3033
768 2731
1056 4379
1302 4594
6181 2571
2042 5559
3641 4438
3797 4255
9 5321
2674 964
1697 1693
3651 3103
5384 2613
4615 5279
348 3348
811 1874
665 4321
5935 3554
5533 5651
5554 5217
1025 3439
2080 1388
1608 1519
1622 3718
1860 3797
4514 1755
1871 5800
412 4996
5288 5932
2202 1693
6072 4803
5609 2053
5255 1789
4817 2015
5311 2677
2243 2899
2750 3229
526 1492
191 3725
3200 1422
1811 2440
1254 3474
1393 3165
2492 5006
993 4959
2680 2939
6321 2822
2866 2833
4524 2380
1999 739
6134 2576
4985 978
4886 1345
1155 5196
2958 3682
2595 1297
503 3444
3169 2747
456 5863
3703 1660
3239 4308
2381 1208
684 1708
746 2495
1356 2170
729 1226
224 4920
5187 6325
6283 4975
713 3548
4066 1528
5276 1925
6102 1853
278 3216
961 2569
3188 853
881 3654
2120 3221
2931 3101
4279 490
2691 1534
5573 1044
2447 6122
2096 5876
834 6132
1640 5216
1941 1348
3588 795
3078 4132
6014 3143
5907 554
4420 2462
287 5948
1221 2032
4006 4628
4147 6122
4801 3404
3583 2332
2238 3926
2482 548
4834 3120
1085 5775
3198 582
1013 4750
5901 4621
4987 1315
3126 2185
5211 521
4764 2825
545 3168
3359 983
1251 2448
1838 3983
428 1273
1648 6102
48 1372
2971 2766
5035 3699
4322 1707
3039 6317
3057 2063
5013 627
4947 2805
4472 2211
1175 1251
5314 5
3507 3286
598 320
5108 5559
6329 3039
3639 1501
3228 3300
3905 3995
4968 3286
4029 5923
1188 2380
3065 4918
4439 5488
1896 5003
1844 4438
2002 457
4393 4435
663 4622
5577 5068
4891 814
2251 2204
1536 1506
5371 1116
273 4324
1539 5921
2874 1371
3432 1562
5776 5
4902 2944
5535 921
5022 531
6171 5218
2303 2462
578 2991
6348 23
5514 5071
894 813
5908 1137
2683 4820
2763 6093
2892 4105
6341 1110
5546 316
2471 1620
36 3289
4529 1871
3596 1722
1487 5552
6023 4487
6344 499
3710 5715
3000 4424
1942 4348
3213 2738
2716 6014
4040 3652
5147 3198
1019 1996
2920 1986
2981 1506
2728 3367
5653 5909
74 1344
5102 3532
3737 5859
2623 2920
3900 4255
5300 4503
405 203
2068 3885
608 711
4129 4407
4808 4099
6330 3594
1269 1147
1757 362
728 4886
4900 5516
369 4661
1428 1072
4683 3264
5968 4152
46 406
3894 3740
828 1740
3440 3475
1224 529
4897 5908
3860 5347
6150 3870
1768 257
6034 5951
3255 5869
5440 2545
1317 1005
5767 921
5922 689
5681 3485
2481 3194
472 1494
3981 6124
655 889
918 5501
1023 3287
3133 3402
4093 3995
4056 5729
3948 1404
1001 4506
4169 4403
5136 227
5898 3249
1571 1542
3408 1736
1767 4007
3248 3536
1075 3095
3042 215
6145 4817
5252 3768
4376 693
2290 4322
6121 5937
2739 3381
292 5131
4338 2253
3352 6141
6323 4409
2592 2070
2353 406
328 5517
153 453
4837 656
4522 365
1780 4376
3833 3649
2776 4010
2952 684
1696 6080
4222 5464
5752 293
4511 5139
3674 4174
1641 5833
4072 4555
410 4514
6360 3002
15 1266
121 2107
240 4007
271 5068
1730 4174
3513 1870
2246 1147
2314 4661
4700 590
4232 5661
4137 3426
4835 1223
4609 1010
1813 3989
3044 1156
2544 5110
2445 5937
3717 5573
3278 1633
557 3833
4237 2757
5560 9
3079 5361
4804 1345
6203 4817
2208 2499
2415 3338
3715 5965
5128 4590
3448 4199
4576 3945
487 3259
6315 6288
4191 6345
5121 1672
3533 6301
2777 5489
2356 2071
1552 6045
5942 1530
6241 5401
6108 3517
4236 3558
1947 3912
1382 5216
541 1003
4157 3450
3531 4514
5338 3649
6159 1967
1958 2478
248 5062
5572 3805
3488 5166
3766 1145
4192 6239
919 6186
133 2251
6128 5940
2967 4235
6225 1051
4175 763
4612 1015
5659 1552
5746 89
5701 1837
279 655
5404 3773
119 5393
2724 6046
4238 4257
1727 3681
5818 4777
2823 1867
184 6128
5460 2045
2693 4672
1797 2262
2541 4803
5751 4358
4254 1844
5867 1736
1910 6145
5690 5692
3356 3519
160 5937
2994 4786
3539 5013
1245 701
5069 1110
4934 2517
2181 2266
2557 1930
18 2666
3614 2178
5148 4161
895 194
3908 2099
2476 6269
5803 1698
4452 4358
2442 3411
6340 6227
1410 5095
199 1341
2811 6159
4830 2442
5126 55
302 4805
661 4676
116 2766
2214 3339
4941 1367
5418 4005
5366 1138
677 996
640 5800
1742 5100
2889 3756
4224 5355
1231 373
1063 194
2182 2253
3494 3492
1261 3894
1825 4750
2067 561
6312 4174
3167 5551
4417 554
4559 4929
973 5895
3928 1774
3159 3657
4474 1528
6114 6359
166 4578
5786 5067
4643 4629
1375 5324
1204 5619
3413 4174
3988 3297
1765 3583
2351 5347
4089 6302
202 573
3123 490
1466 1716
2561 3485
1183 335
4858 636
4530 3978
5378 3765
5955 4650
5571 514
1475 5956
4097 4835
5018 5928
6189 3182
4230 1556
2559 1864
547 883
5525 416
263 653
2041 4716
3767 217
5342 599
2938 1844
2479 5036
47 1486
1715 5586
393 5107
903 1021
2810 4005
4827 5573
3139 5595
2249 5762
1582 15
908 2213
458 1762
2293 1327
6156 531
5709 4816
3241 6034
6289 1525
5759 6156
3716 2723
4738 342
2511 5494
2388 3200
4828 1081
2988 3775
5030 996
1017 1910
3417 2542
4591 4941
1659 1541
586 4286
1232 1021
4021 475
1447 4529
1412 1640
4781 5222
2466 4039
5536 1942
5358 3673
4318 1740
1279 4566
3592 3257
925 4595
6073 3890
614 4612
1540 1935
2650 122
5708 2448
1149 2846
2744 2042
167 2165
243 4650
5580 5367
3512 3681
3029 4821
4096 1749
6326 5318
3964 6173
6328 3095
1888 4726
3743 4012
6166 582
3163 2728
5947 5468
5397 1204
2566 2374
3323 6109
1673 3661
1909 1023
4392 5201
4670 973
3124 3133
1326 6321
5203 728
2470 3248
932 4848
2908 1619
5620 2023
1761 2476
3959 4868
3896 1427
3459 253
6002 3953
5527 101
105 2962
4168 2796
2048 2805
2695 1128
6107 257
3634 4574
149 5951
4301 4440
424 2971
4369 1882
1594 3639
311 5003
4586 93
6217 6330
1453 134
4547 1552
3040 4804
3140 1129
4596 124
1126 5504
1899 3257
560 5437
4377 2707
232 3802
1478 3317
1675 1341
2841 739
2604 1442
4231 2810
5540 160
2625 4417
5860 1811
1547 4893
2725 5086
3599 5675
1645 3367
3644 1269
6151 2708
5657 5266
965 1110
379 3364
3050 523
3769 357
4483 2177
536 2618
3279 4759
6206 3570
949 5570
360 6288
6031 866
3502 5786
31 4753
4607 6136
4721 4525
6183 1572
1983 2572
4180 1494
5377 3975
1093 243
1303 1261
6285 3127
176 1982
2173 215
4684 4700
4572 6036
1417 1825
6058 2436
2696 5792
366 1169
3181 3524
2868 809
2404 6045
3437 5898
3632 4304
4899 1839
2909 1124
4061 4472
3788 3282
318 955
2502 4396
1887 320
5214 2680
1324 1896
6018 5766
4567 1899
1824 5001
4698 2875
5677 2502
1584 2341
5292 3706
3935 4683
2240 6315
1400 6130
2299 1983
1037 1975
4646 6200
4146 4422
3262 2739
1579 5624
2429 4348
1865 866
712 2569
3669 41
5405 5277
1114 3533
4086 3221
2565 3969
732 4920
898 1774
5487 1579
6207 6275
2244 4935
3332 2342
4504 3216
482 1693
5396 1523
2017 1266
882 2572
3891 2173
5730 1093
958 5036
3496 4899
1065 3492
3915 1531
6096 1697
4582 346
1836 4524
2486 3040
2514 2190
3994 526
3125 5600
3881 5102
3232 1606
1600 5396
2726 1516
2184 3626
5461 195
2488 2470
5356 1675
6194 4606
1034 2238
4243 2253
5407 3890
2690 4146
1915 1082
5016 3663
321 6115
261 1660
6293 4070
2639 1742
2790 2713
6120 641
1246 402
5375 3928
422 1535
53 949
1108 5514
3371 721
3838 1693
5127 703
2860 2068
6079 2168
6152 3408
5865 3188
5373 4038
5335 5690
2056 965
5219 101
4712 2686
2027 4858
4500 2063
5332 1182
233 5206
4305 910
5839 5374
3727 1094
943 6307
3034 1674
5327 4450
1401 713
4617 2242
2349 1169
3062 1546
469 2466
1855 838
2274 5199
1605 4169
4986 4886
1177 161
1632 1674
5244 467
3867 1690
5802 5647
2039 2267
4494 3527
2141 1864
3441 4627
2162 1915
4130 2989
3211 1779
2409 783
4172 1674
5435 5729
2554 531
3096 2620
5456 496
2069 119
282 4459
787 5907
5379 4698
5887 5261
5829 5266
3795 2757
3849 2939
1385 1137
1926 4594
3853 4918
596 4279
1856 1996
2907 1279
4179 1942
2000 6161
5891 2738
5635 3813
2443 1297
4737 5859
870 4093
11 2602
258 2073
2460 1176
3556 548
3321 2866
1753 549
588 1495
5343 6115
4326 5121
4319 1460
5245 3056
2630 4030
4331 1808
1402 3896
3155 3005
2525 1547
2013 4064
3747 2952
1491 5792
4223 2195
419 346
2127 3614
83 1338
2767 5943
4940 2208
4960 1970
5436 1089
42 2039
3680 3044
830 5313
2997 5461
1695 6317
5594 2962
2446 478
2668 3969
5152 3296
5702 1947
4839 4944
2123 5191
2552 3725
2263 4656
2152 4455
2658 2613
593 1116
2979 4556
2294 3095
859 3300
5344 1888
1917 129
3944 898
2161 5898
603 5851
3751 2804
4990 2053
2629 5561
4087 4650
1585 3580
5079 3498
2627 2099
600 1677
5596 4786
3619 1650
3470 6200
4813 628
3276 2683
2309 3651
2384 1986
5836 5923
1313 4146
1067 4777
2200 1325
3243 3507
6028 2676
6368 570
963 1498
4527 1261
1889 3176
2548 4985
2410 2684
1658 4417
685 4838
5428 5361
4981 5613
1445 4007
1686 4629
449 2017
1538 5148
1799 1547
646 1640
1922 2766
5748 3657
2706 312
6274 545
1310 93
2418 5821
4814 1824
2357 2268
3227 1001
4930 227
2011 4596
3037 4286
4104 2190
6097 3539
1465 2343
2077 457
5087 4764
4788 4049
951 1212
254 5396
2699 1522
2364 3120
1700 161
3480 5488
3372 564
6131 3510
6178 3928
2560 1495
2836 4934
5114 1649
5410 6096
2403 2220
3789 2268
1734 3444
1994 2061
3113 3393
10 1541
5777 4720
4632 2866
2959 4033
1424 5001
218 2108
1851 6159
3497 2479
280 4781
2634 1149
1914 1541
2078 2396
5382 4235
2275 3186
2610 1442
4761 3938
6 2410
5369 693
1024 4174
5583 5128
3131 5001
5731 2677
2089 2208
2125 3864
5979 5803
5284 409
2186 4313
2164 2041
4003 4817
2405 1075
444 2555
5223 5131
2402 2674
1729 6142
1028 2268
1240 1472
5433 1716
1102 3380
1186 3018
782 4940
1638 3756
4666 4388
2985 2880
657 5318
5426 3364
372 1734
1360 948
3958 4581
2568 5611
3930 3614
2872 1602
4441 6120
5490 4429
2911 3262
3889 1842
1291 554
749 2729
650 1856
2993 677
1946 1388
1957 3928
230 5881
1705 3676
4989 3033
4864 360
2347 2089
91 4504
584 2263
3947 5086
6334 458
874 889
2085 6042
5672 2626
6063 1925
6129 4496
5091 5566
2411 5894
2298 346
1630 5526
899 5738
1511 6310
1886 1222
226 3194
5656 2141
6083 1180
5605 1024
6309 5216
4148 4236
3748 2586
3482 2152
606 900
142 628
3273 2996
4197 5401
1897 559
4653 3896
5601 3896
4689 1816
2780 1476
4456 2334
2883 1734
4269 2127
2199 1099
6088 3867
1242 3258
334 834
5208 33
3084 3599
3445 1506
3318 153
4463 3298
724 194
4292 1167
2998 5979
1331 701
1805 3733
1316 1744
3130 6072
4725 3981
1818 4899
2803 6183
3138 5117
4150 5501
2679 2498
2746 5909
6353 4617
474 5131
924 4920
2172 787
473 5552
940 1169
5340 1530
2098 881
5980 2803
294 3596
5322 3554
765 6287
1961 153
2633 3935
3202 4479
6298 2650
6090 2427
1671 2376
4872 1582
6279 3601
5726 3124
3149 3553
959 4305
5519 2214
5441 3529
942 1327
4613 4289
2150 2604
5853 4716
4696 4786
2437 323
2698 2193
1951 5635
528 5863
6221 4334
3914 492
3555 3813
4109 736
5888 5307
107 5863
2444 4109
4734 3564
2109 6171
2228 2931
3327 2253
130 3279
5098 3208
5390 1085
1470 46
5038 5586
774 1002
1435 2001
2072 4547
527 1769
619 517
4203 6002
4117 2443
198 6045
835 2938
1255 3488
4637 3139
2079 4147
4083 781
4824 822
4760 3359
762 2496
722 364
4538 5096
6306 2911
758 382
4019 456
6180 5988
2968 2675
4416 4964
2124 665
2273 393
4067 5802
613 721
3850 5589
4053 5111
70 2274
5795 2522
1195 6315
2881 2938
2651 868
132 6088
4356 4228
2133 2303
4340 3364
5957 774
4281 449
1507 3534
2287 2485
6337 2872
1834 2435
3771 3037
5330 1081
3112 5300
1158 2628
4043 2380
2793 1297
929 3703
669 5279
4207 3228
3102 5517
4967 1325
6211 521
515 4099
5039 2364
2346 1107
4729 4321
497 2256
6070 661
2533 5790
2616 1582
3073 2838
2887 302
3377 4162
4018 3195
5989 3556
3817 5377
6013 1944
6255 1099
2183 4967
3293 3414
201 1313
2472 3320
6286 2539
291 517
4919 2154
2007 3712
3607 3648
5929 4048
5958 6068
670 1017
2247 5675
513 650
262 1412
1701 5087
1832 2268
1049 1129
2423 544
1062 5442
270 4313
1971 2099
3582 5395
3759 6298
3335 2612
4779 4169
2941 1693
264 5839
2768 2125
2785 1774
4370 4326
4542 1048
1342 6214
1225 5709
1683 3193
2474 3891
1533 1224
4874 4029
1132 3539
1521 3204
1991 1003
245 2439
4079 1185
6087 3194
5614 3947
5797 188
5880 3088
956 1224
4071 4104
6069 6074
3842 1519
4364 1968
905 4998
1613 5033
3899 1313
1390 2435
692 1338
3128 4512
4386 134
1436 1226
1061 1864
5052 1750
3399 3021
632 2729
5623 689
567 3636
4183 541
5411 4383
2209 3393
1998 5614
5543 1034
3726 1372
2143 5401
4825 5369
537 4041
757 1911
2106 537
4084 4168
2297 661
4443 1481
1812 4119
4190 4511
4201 4522
3523 2921
5556 3529
4754 3981
1007 1335
5761 1541
5295 2728
2422 4941
3207 5463
429 273
6118 5053
4413 2633
602 1368
3621 369
786 956
1189 3772
1170 318
27 457
1689 5620
879 2347
2774 2731
1033 6111
286 6348
5693 4919
501 1491
4611 1947
4924 6183
2802 87
1875 6227
381 4079
397 116
4023 3273
5807 218
143 2502
39 779
2425 4728
5654 1521
4557 5491
3013 5924
5503 5590
2709 505
3427 2988
415 618
175 5673
3755 3352
6016 2396
1688 2709
5499 5473
6011 4029
5032 1974
1831 47
2585 573
1165 4668
5874 3825
4473 4352
5981 2833
4372 5126
6179 5487
5363 2623
984 4038
2028 474
4467 2835
1488 5174
717 4802
4826 1838
2392 4769
1426 1089
1369 5367
4011 531
2596 5327
4756 814
1614 2551
2430 5546
4532 722
1084 284
5999 2332
2131 2290
5592 4924
886 681
90 5098
3111 2013
5088 2900
3268 2633
3419 4928
2704 4725
336 3767
6158 3126
5145 198
3166 3860
6228 1496
173 4620
1468 3184
378 3323
1214 2713
3578 3867
2304 2537
2321 4823
3499 2545
4871 5447
4955 4725
5944 2057
4390 2020
2843 4964
5192 1321
4387 2303
2201 2716
208 5345
6196 5656
4258 2695
5301 182
4604 6074
1830 4788
2235 5818
3824 5523
2694 4162
3458 5196
5231 38
3557 5461
1642 4567
3883 5067
1654 3519
1636 2108
4449 372
1407 1768
5155 879
3233 411
1631 4646
3770 1967
3118 1057
3764 5569
597 4607
4645 1090
5270 1742
13 5973
5185 1180
2700 4313
2553 1387
5236 3137
679 4057
842 3137
839 5559
5704 4387
3294 1574
1328 261
631 4942
4597 5410
3484 2079
3563 544
4229 3354
4163 4964
3476 2695
5639 4786
622 2596
5897 89
2705 2633
5014 4959
1318 2491
4368 4968
1503 1275
2646 5593
237 2125
3217 6181
5534 856
3455 2045
1639 5743
2366 2569
5230 5891
1201 105
6300 2153
3170 2910
3363 5731
1157 43
725 2859
6006 2061
3012 5820
207 3307
3776 5006
1662 649
2550 1912
3880 4073
2006 3826
2192 5901
6195 5264
5000 725
2052 102
2589 1070
1623 4808
4114 1530
2431 590
1977 1585
5478 1571
2315 1180
6193 1358
934 5517
790 2908
3697 201
3696 3018
571 2767
4603 2067
5531 1602
5610 6344
833 3726
5628 4087
1976 1226
1243 2133
5165 2096
1741 5766
4655 3170
4241 2002
5703 780
986 5371
2837 6014
2506 348
3361 35
5089 4010
5221 1049
844 3040
915 4871
1268 5994
5587 1004
5793 3626
1841 5867
4973 5441
353 3696
1088 1427
5840 2451
1509 1228
185 3697
4925 5487
5123 1273
5183 4622
1611 5327
997 2154
1904 362
5017 4278
1444 657
2194 3268
2142 4240
2870 3371
5545 2725
2578 3381
2029 5322
754 608
5205 3459
1171 1106
3351 3457
277 3795
5031 3498
2467 4030
3337 4538
4560 5759
2126 202
1720 1401
5872 5942
1253 5189
2475 3715
1544 1600
3153 1372
563 215
5810 6120
2421 101
1577 1097
1074 1284
2271 1889
540 5655
3668 29
1907 1710
3220 1672
2022 649
2278 3860
6266 5897
803 5320
3431 1689
5050 6034
3862 4236
3591 2967
896 91
1364 74
5021 1084
1092 2618
145 4029
5061 3875
3576 5590
4367 4613
4000 5426
3072 5386
2311 5205
617 4065
3365 537
4060 3287
2130 2589
1809 1102
6174 5823
4145 361
3972 4362
5495 1418
1604 1072
6208 3648
5238 410
1854 119
5763 3654
5280 1496
3434 3499
2084 1486
2239 132
4323 3026
5168 2404
999 5138
5383 1683
4059 1579
2386 1712
3115 4108
5115 4064
4896 5367
371 5965
1676 4030
4213 3259
3831 1545
5618 2026
2526 364
4209 2392
1200 1924
530 2192
3897 191
569 2944
5287 5836
5112 1769
5470 5123
1239 3472
5892 1061
1161 3760
2454 3018
2751 3774
3085 2139
2464 4956
4860 811
4312 4310
5163 5407
5048 5178
738 1890
1207 5048
3653 5869
213 1716
5528 523
4178 3482
4546 6108
6297 3084
3834 4388
3635 3653
2927 4378
1588 3128
2827 167
5215 6227
2672 3542
2325 5185
4909 4987
5934 6012
2324 5108
3433 5345
5002 4838
683 6112
3230 3664
377 492
4225 6112
1086 2386
506 4615
3473 6367
2419 4816
448 708
1334 4044
5269 5702
5996 2621
5310 122
4101 4048
3615 4625
4543 1269
5828 539
1880 6225
3999 2052
3280 3273
3462 4919
6212 3671
4106 4590
5448 1022
3179 5228
880 5571
216 5458
3549 2476
5047 4774
2295 1536
5906 2545
4470 4557
5057 2479
1014 2511
1376 1488
4743 134
2305 1943
2579 4180
3443 5411
441 1366
3809 4021
3275 2729
2603 4248
1168 2293
3822 4924
5866 4987
5175 1864
3598 2273
3001 2016
2538 4105
1336 1393
5506 5205
1480 819
4371 3583
3063 2236
6335 1630
1461 1182
2010 4082
4634 1961
5744 2746
6026 1410
1236 588
3283 610
4727 510
3987 5138
6314 1604
1665 2133
5190 175
4233 5348
3692 588
2100 527
1827 3727
849 237
1955 5189
3382 1767
6191 1838
5075 1224
6257 3607
4160 5101
2477 771
4853 2256
5305 857
4363 5503
430 4766
5949 6074
4246 2533
820 5851
4054 5590
1209 1761
1793 189
3735 783
5855 3874
4357 2253
6133 1780
5963 2464
6364 2201
2333 5973
2261 3133
6104 2774
2577 4479
5728 4206
4374 842
2345 6181
3888 5404
2370 2020
769 3184
3269 3002
5179 2705
1510 2027
2344 271
5260 2562
196 4625
2265 218
1505 1971
370 827
5360 2859
3847 1463
3604 5922
3314 4823
4284 2213
4798 2299
4833 3476
5505 57
3961 2992
220 3551
2807 600
511 3943
3878 5692
4962 5868
3028 2193
2224 1112
2076 2106
1293 1938
3610 3857
3456 2981
6267 6134
5250 3772
2984 265
4812 4698
2259 5472
674 6012
1131 6194
675 3444
6260 3716
1339 3847
5328 5888
1252 1692
495 5079
98 512
183 3706
5950 4087
5484 1083
6338 2446
6350 1268
3209 2996
2030 1342
1421 1368
1709 5850
1378 1428
789 1836
953 1708
991 3635
3511 2627
72 3298
3134 908
3353 1070
4144 610
5058 3554
785 4229
1537 173
1298 3249
4932 1385
2964 217
131 1232
1193 2931
1859 1860
1580 4886
2930 4629
5064 4470
6061 1162
16 2362
3172 2106
5042 5373
1763 4463
4883 2311
4880 1205
4551 2604
3152 5121
3081 247
3858 5261
141 556
2205 5948
5585 2192
4425 3321
987 557
2358 1212
6103 3641
969 4321
1493 2410
6361 1922
3362 3028
5804 5580
1529 6247
4250 5748
5268 5535
2536 2683
1783 2267
690 3527
1230 4760
6192 5241
4001 6002
5453 4804
2819 4655
1969 5374
6098 3194
66 1971
440 2704
1398 6128
4519 1063
4412 3337
979 1516
4911 2238
3067 4048
301 1354
1895 3523
5718 1356
3946 2048
235 1242
666 5880
2847 5792
2050 1789
2902 5170
1759 5392
1713 4255
1629 248
6050 6087
5564 2340
826 3524
1549 4683
394 2401
3060 3599
403 1545
3757 5156
3451 1427
4156 1888
1570 4607
3750 669
3329 4003
4969 2613
4062 3514
2291 3847
5685 3824
1296 4255
1381 4059
4640 1208
4914 6088
3310 2376
1772 667
1115 3133
3630 3716
3804 6212
1850 2372
2377 2827
660 2056
731 918
2778 4925
326 3348
5939 2462
6116 2202
34 5258
3468 2462
2137 5383
6346 1887
239 3639
3954 6310
1863 1293
3934 5440
960 5456
5960 857
1745 5577
5962 4726
941 594
2753 4083
2441 1630
3810 4514
4127 1523
4983 582
4469 2627
2328 590
3992 375
4098 532
6095 4968
4090 2094
169 3246
5427 1780
1029 3258
4115 2554
1840 4666
5169 1337
1009 846
4303 3046
5090 451
3729 1188
3277 5592
117 5313
2636 6183
5479 969
3633 653
2327 2680
4752 2186
14 2551
4154 5932
3316 2838
5831 3118
1408 3961
6290 4770
4167 5245
2368 554
5181 5635
3856 2728
192 1344
4042 1298
1952 6190
434 1072
2721 2566
3581 4593
344 1980
5603 5067
748 69
4979 1227
1661 5525
2801 6132
3173 293
4648 531
3210 1762
5716 4101
4876 5777
1706 1130
4866 2380
654 3771
2500 5920
2348 361
1726 3489
848 1656
3518 4555
2226 1513
1192 5580
3586 1069
1637 4376
1136 1542
583 1455
4446 4743
3763 2400
906 3103
4831 1407
21 3354
1218 2650
2088 5597
6060 2076
77 557
4046 4886
1118 4172
3442 1533
3931 2838
1718 405
4707 366
219 343
4501 4407
5774 2348
1624 1284
2245 4606
5412 6114
5532 1200
5077 934
1370 1071
6025 3269
6280 4319
5911 156
1866 188
3925 4248
106 2474
3903 199
6184 3077
1962 5566
3976 264
821 4367
244 779
4610 2994
2055 3935
4682 3578
643 602
508 1547
2111 6141
2894 5887
62 2538
912 4975
2395 284
5104 2256
97 2527
459 2343
2040 5059
4982 1180
359 2400
6222 687
5680 1709
4219 4613
6311 2429
3898 3990
1241 4097
2862 5032
2383 2425
1045 3112
329 802
3801 2512
2813 3122
1265 4951
2206 4114
4673 3722
6032 4305
4426 5269
2605 3586
843 2356
5914 215
6086 627
5092 4271
938 3109
6154 1599
4846 5543
1621 4750
604 2029
2529 4830
741 867
686 3538
5403 72
4515 448
927 2823
5849 4425
109 3671
2473 2752
5691 2571
4091 3542
5847 4598
4540 4358
4113 5583
1524 496
3962 1706
3893 1866
4253 5434
4995 3207
2432 3213
6138 1336
1259 1174
4135 872
3754 1742
12 4053
5905 173
1601 254
210 4033
4329 3900
5507 849
2720 6002
4171 1519
638 5888
3625 4629
2673 2651
1791 1668
747 4915
1306 924
3330 290
1127 1370
2547 4643
2505 5223
2399 294
954 5720
5667 4487
3006 5219
4663 2364
3164 1339
4784 2461
5157 5746
2272 4628
3017 5401
5938 1855
1482 3039
5631 382
1451 2130
5711 1605
471 3842
4507 725
981 5744
854 5099
3808 3858
5835 3383
3129 6028
1801 5330
2638 6213
3800 3187
1843 3269
2534 5466
3780 180
3036 1697
5604 2677
1000 2278
4186 5736
6199 5759
1657 5441
1714 3581
3506 5163
2065 3466
5684 4100
2046 4848
4285 4603
1869 1268
4036 2596
4807 1589
5696 4506
1322 1174
2735 526
4933 3001
1963 4911
3251 1705
524 2623
5671 3900
2973 1315
4216 3930
436 1253
3225 958
1666 3137
1664 6107
1148 6069
5669 2211
4490 2561
5271 3393
2260 6215
2656 649
1490 5185
6250 1839
1803 5545
2221 3033
1828 4186
6169 1418
3214 1534
4063 1236
4974 2048
1626 1265
6254 453
4862 459
4931 4992
5917 3170
2712 3912
2465 2616
4887 5947
1627 4379
1644 2013
1343 5310
2163 2881
2382 5305
4692 5935
2867 4535
2 3610
3285 2065
3569 6048
4345 6032
4461 2211
5512 1674
2913 5189
5193 4953
340 5436
5078 5071
2762 4104
4332 3090
2640 2471
135 16
5884 3964
6064 106
1512 5230
4185 3084
5902 1774
5978 2907
5362 1795
2925 2495
939 1837
1905 2296
4017 2716
4118 1493
6065 1608
5093 482
6242 1773
1041 6337
994 6329
1026 2533
3973 2712
5737 2067
73 6134
1383 3345
5073 468
5822 3895
4898 5738
445 4407
4937 232
5824 5248
322 1161
3226 2022
4027 2460
2961 5856
5171 1373
40 5760
5787 5678
1454 1600
2702 5287
2851 4098
3879 5222
553 5807
4810 1516
551 1574
5986 4065
4423 3450
249 2618
493 4471
706 1335
3260 6184
4346 3427
2732 6080
4481 4435
3493 6315
1374 5112
1817 1074
5964 6200
3886 6151
5813 1182
5467 5797
2558 5999
2665 2325
806 4431
1746 5272
4592 3803
5953 2
439 4590
1877 1718
3242 4318
4266 232
3584 3961
6303 297
2531 4944
945 121
2928 1048
662 4217
3933 2272
4730 1672
2483 5823
998 1859
2543 3975
5530 4366
4037 6002
4674 3673
4509 230
6256 2477
2091 4823
6143 1910
1758 4586
4256 3989
5640 5111
1365 1529
1972 2911
4699 1190
2817 6063
6041 2150
2102 6344
1833 2656
6292 2333
5161 5965
446 1762
389 4308
6356 6014
251 5345
3693 6069
6185 1003
2645 2432
5616 627
6240 973
5385 5360
4215 3118
576 3415
1423 6321
358 960
1719 717
3121 5374
3628 5891
281 3789
2740 1126
6015 2446
5251 3301
5539 880
3032 3864
2306 3870
5553 1924
688 3221
6273 3267
2829 3948
1300 3743
4950 1466
4428 598
3613 4096
6236 4372
2288 693
3052 5872
5243 5517
5109 5973
5197 3439
773 1440
3520 588
6105 1245
3031 3978
1997 1633
5508 5886
2406 6
4227 954
888 1316
2903 280
3086 4152
4762 1776
1558 1656
2363 1115
4181 3040
976 1093
5134 1175
5105 2487
876 6105
3370 4805
5253 3129
1502 1061
1270 2403
5416 3083
2034 3706
2865 1440
1350 3888
79 2314
3043 3457
3650 6359
3980 2394
861 3569
1439 527
1420 3354
5567 2106
3406 5827
3302 5436
455 5080
2834 2579
4385 2672
4539 6184
6176 4627
3333 1859
1788 4418
4782 6104
3016 2512
2643 1209
2390 5091
3322 1667
5184 5964
60 4920
3863 4271
715 5851
486 1700
2914 5288
2004 4460
1959 4609
1443 1673
5660 4577
2062 4327
5959 1886
680 5101
3388 838
2058 4618
574 2542
5768 2847
5122 4760
2575 430
3058 549
4745 114
138 4168
2176 3337
1590 5613
3107 3536
1950 4437
5408 4958
3045 4052
1258 5526
2365 3664
5094 2107
4742 2314
1517 4754
3390 1017
2877 1490
4836 5505
2617 1051
5700 1439
2818 5787
2918 2451
753 2242
2398 4301
2350 3981
4239 6031
4776 1944
1052 110
5229 4598
2657 2531
989 5986
860 2080
5521 732
4193 3529
6342 1300
2755 1525
5846 4931
2826 6192
911 1637
5919 6337
5819 547
1821 4990
4510 3209
399 954
3695 6217
3707 2247
1274 1720
5081 140
3051 5061
1395 2745
349 90
6094 6075
651 3933
5576 1427
2599 3630
5984 3776
3412 5397
1450 700
4395 4482
1058 5850
3559 3633
4563 2538
4819 453
2820 2838
2948 117
4419 346
3746 2951
2264 304
76 2245
3180 5338
3508 4969
5812 4798
2885 2479
3223 1444
2975 501
5723 1787
1469 4876
308 2895
5200 681
5815 2177
5198 5553
1873 1052
3373 2526
4976 5577
5020 3946
4277 146
2940 5856
1415 1069
2669 6279
2681 1893
1320 400
2285 1079
5629 2376
4711 922
4427 15
3714 4470
5315 1886
3575 4334
5066 1809
5838 3829
2025 1454
1879 106
4445 3712
435 2479
2840 4
3447 2539
3430 2544
601 2467
730 3356
498 473
4384 1014
4843 6184
4794 6341
250 802
4189 1837
931 3173
5698 3581
4526 1252
2919 5067
65 976
5995 6152
3416 973
2187 445
923 6247
3861 5525
6205 3006
2169 4072
4411 3259
6019 6293
6177 4438
4665 4475
1663 2243
32 6112
5125 1264
6220 34
1515 4990
5188 5566
652 6283
5904 1854
3790 3697
5998 1697
67 5613
5799 5987
5294 4156
1920 2471
2710 2795
104 1494
624 2486
374 2194
5319 393
5997 5775
2685 802
971 1033
2861 4853
4249 5124
2489 2291
4208 4498
4703 3459
2786 3513
5658 4853
2115 13
4134 3109
5588 270
1609 5484
5293 6255
5430 5624
4680 2479
4649 3433
3782 4114
2277 191
5809 1480
4562 3321
3463 4615
3854 34
750 1440
4274 2592
831 3889
2852 2046
1973 2454
2361 1377
6040 6307
56 6330
5811 5192
4491 3580
3986 1886
759 1836
1050 230
2653 2338
3020 4483
3679 2680
1936 1658
3132 1467
1748 1302
1042 5866
1437 4192
4739 1491
5547 3744
2049 3708
5023 2843
5941 5499
2313 5183
2003 2536
2608 4737
5130 1709
2097 4670
4639 4637
1847 3338
4349 802
392 4367
5160 757
710 4794
5676 5662
4337 48
887 4578
4273 6103
4294 3953
3617 3682
6281 3548
6066 5504
1194 1306
5474 5280
6245 441
6358 4557
5796 5342
2408 5001
3872 4711
5425 882
3629 5908
4008 3362
5910 4849
5289 5716
2060 2500
1098 706
4901 1707
2783 3041
4927 1170
2210 1826
4585 1137
5975 2404
5625 4937
4775 1836
4741 297
5113 6178
3070 5980
4447 4934
2749 2067
3909 3982
2074 1443
5520 2729
5695 4607
4032 5919
2718 715
2788 559
967 3696
4210 1033
2970 988
2727 1522
1425 6060
2234 4990
2714 4250
4890 312
3334 3948
3218 4989
2950 4378
5652 754
3627 2686
6081 2183
4024 6128
5444 73
3667 2983
2934 1025
5622 5036
3238 1186
3932 5081
4736 2500
2270 3270
977 564
1117 2608
6308 721
3998 3251
5283 1880
2524 2135
3877 3257
823 4029
1565 4843
3593 2874
4686 5261
460 4394
1603 2263
2469 3932
6139 3673
3004 3774
2230 4800
2373 4551
595 578
2397 1491
1362 2783
4315 1909
1810 749
5065 5075
1018 1251
639 1582
81 3242
2897 5048
4528 5321
276 844
3150 2234
6234 1844
992 6136
5451 4175
4763 2432
480 6336
3015 3232
697 1519
1277 2437
4601 4698
8 6262
1141 5628
2635 5211
6278 3669
111 1585
4978 2161
6327 3437
3205 2386
2770 2543
5391 1115
1355 2740
4669 2408
5475 3527
5210 3227
5204 1395
4264 5283
5896 3925
3387 539
3963 162
5317 1426
4667 1324
427 1673
4126 1748
5010 1795
629 1648
3749 1170
2082 3900
3505 1933
1518 4737
1857 3545
2760 343
6165 988
535 5838
3313 6184
6051 5776
3832 2885
1219 3090
5544 1843
2863 5501
5735 1765
5227 5786
5513 2415
587 3226
390 758
4272 6323
772 5128
1861 3140
396 459
5861 4576
2151 1106
4031 4817
5432 5001
3921 3179
5309 1546
179 5162
3844 5097
2310 4514
4943 3696
1949 5938
2891 1973
4584 2105
3252 2834
1053 2311
1184 5929
2043 2998
2772 1569
1568 3182
431 6154
5529 6074
3219 5757
1670 6122
6085 138
5538 2607
901 3275
995 3218
1814 2762
5154 2063
2583 4317
6284 6088
2289 2997
2779 1511
4895 540
3866 4283
4226 3934
4626 3860
4722 33
1229 4083
1966 861
6135 5846
3719 5106
1397 2859
3224 6245
2917 2310
3546 999
2269 5185
2047 2762
2229 5440
1197 2220
4521 1114
1134 134
1199 4633
2114 6359
1721 2444
2816 3388
4894 988
1931 5577
865 2403
1756 820
3791 1010
5380 2970
4382 5382
1352 1972
1016 3408
1984 4607
3690 1306
1438 2571
902 1341
4353 4147
3602 1279
5493 2645
5195 5985
5370 1201
1653 5271
4247 119
5046 106
4675 666
4997 738
4679 3287
4870 4703
212 5595
4014 1127
5670 969
238 1509
125 2436
644 2582
4970 390
1578 2668
2736 5499
229 4663
4841 2920
3705 3046
2452 6302
6259 4527
3449 5478
5202 53
1135 5963
5664 4790
5674 5866
4751 5068
4351 6203
1046 29
5598 3307
4458 6111
4993 4423
659 2181
968 1791
154 1647
1903 6093
3574 5287
2896 5997
5842 5990
1314 2315
4892 3463
890 5087
3100 5097
2530 3751
4173 4731
5705 4175
2136 4129
2101 5644
3319 2706
5871 120
1625 472
170 4752
2717 3891
1848 2676
2879 3574
3645 6236
3097 987
303 2732
2929 4755
190 4286
5857 2029
3516 5998
479 2703
3114 5000
4785 848
1738 329
4153 4530
6076 4180
3343 4357
1399 1606
1908 2032
2054 1528
2212 4216
1560 6179
4350 1768
2145 5872
3552 429
4035 1821
815 5294
420 4952
2393 2144
5782 6196
1499 1284
3389 1755
1739 1565
5143 5204
5247 3854
6082 2483
3452 3633
1087 367
1163 3656
2319 5723
1105 3524
3147 2531
5399 3968
1047 4546
3815 736
5852 4240
2237 1602
1263 1925
2688 802
1414 1609
4128 382
3263 5942
3401 3077
3471 3158
5004 2596
3299 6262
414 2274
5873 3780
345 234
5926 5869
5477 6111
5352 2818
5083 1052
5074 227
1862 1865
5445 4542
380 4416
5040 900
1484 925
1981 203
6017 5998
1846 4788
1884 5260
974 2941
3177 1404
2318 2505
3521 910
260 4599
1554 759
500 1801
824 4751
197 4953
1 6328
4641 2098
5142 1088
5733 1372
2518 1751
2379 5796
4787 3937
4905 1402
775 1926
1576 3602
6078 3221
4713 1437
100 2351
5398 1599
3612 3856
3341 3968
4360 3861
5233 4986
2033 5257
871 5477
5235 5975
3876 5369
3846 5232
2459 1107
3779 5718
5976 5092
797 1499
5741 4227
3960 2441
3266 4238
699 899
1694 2234
352 5330
1038 3137
5727 1365
6343 1337
2146 6079
2654 3720
5579 2589
4120 813
3074 5468
2197 3103
3758 5703
1283 2451
5643 419
484 3253
3366 6064
2501 3510
829 2573
61 5300
1234 284
137 1536
3913 6310
462 5920
3261 3795
1403 3406
907 3575
3483 90
5779 5464
2044 122
4391 5337
5649 323
794 4930
5772 6130
616 3219
5446 3302
3265 6200
2759 1661
562 2719
1396 5987
78 1632
6230 3370
5359 4864
1012 3673
4906 6266
2276 4349
3303 275
4400 3610
2990 209
3753 2851
5164 5678
5717 2887
6209 1523
3724 4579
4984 3150
6244 1756
2198 2943
2493 3062
3047 1307
3271 820
1260 6202
3691 2727
5864 4816
4714 2476
5582 3330
4444 81
3391 3277
2876 6208
2855 897
2824 2262
4783 2930
19 715
3135 5472
1956 6004
3192 2028
5627 5748
6125 589
5496 4529
3291 1681
5365 1992
6044 4673
421 1830
3119 433
3873 1723
1292 693
3647 2662
4631 4174
3609 4841
1031 5164
3698 3040
2302 4079
3828 1977
3689 1608
407 3818
242 2433
1471 650
5027 382
1142 2444
3911 2785
793 3976
607 1156
4702 1812
4142 4494
4600 451
2513 261
4946 1640
2926 2579
5469 5995
2828 3915
3025 6018
4402 3718
363 3168
1432 290
1351 5470
4028 5965
4276 1628
5254 3586
6253 1535
3567 3118
1651 3989
3235 3506
3701 593
1379 2719
4464 1122
3742 6331
4408 1499
520 5592
3392 839
1346 3735
2711 3344
4847 2826
155 4041
3816 1053
3731 6142
4651 1765
4058 945
2966 1968
94 821
1458 1795
5710 4726
4488 3653
2871 457
5642 3228
5024 1980
5274 4491
4381 3002
3342 1227
825 3588
2947 731
2697 5095
5537 2763
1262 2442
1592 4901
5084 2383
2580 1349
4881 3473
3136 4039
2155 1673
4220 2773
2615 2662
2856 4977
4690 661
3410 1434
1872 3353
225 1156
2936 245
3011 3699
2248 6114
3035 5958
3075 3326
4552 3520
4121 3326
4045 3445
1392 444
1717 5001
3376 1730
4724 957
3054 3727
5814 5793
1217 4786
3871 1277
3709 3974
777 4255
3420 1287
3369 4591
2367 4303
3683 6068
2005 2608
5707 35
1940 5677
204 3368
737 389
4818 2297
2935 2481
6324 6069
315 3587
5982 3494
808 5819
2255 3178
1557 703
4691 965
1008 5883
6071 5986
2661 3258
4261 5467
4972 3017
1988 2234
878 6096
3761 382
1179 897
1066 5583
6272 3884
3274 1835
3951 3455
6140 258
1735 2889
4856 5535
761 5098
4608 3524
5015 5643
4502 6214
2227 3228
4961 1685
2292 1836
858 131
4789 2275
1080 4315
1150 334
3424 3673
727 863
3812 663
6119 2118
6059 4633
798 189
3089 6303
2606 5443
1198 5271
4520 1920
4138 5408
4404 2533
1551 6287
5606 1014
3435 185
6056 2717
3030 5436
5186 6139
3469 4498
3250 4065
4451 3769
4988 3930
3453 1955
1876 1226
3807 5662
4462 3037
4733 2531
5364 4597
1770 5391
6149 2451
3606 106
4122 2164
5118 2711
3460 5466
5225 884
118 814
4718 4776
4399 1522
3624 1031
2884 4036
1143 1269
3191 5777
4957 1620
916 789
6261 5379
694 4367
5336 5642
4701 3732
3394 468
5297 4534
3952 2197
1485 555
796 6082
4544 5280
1153 2694
3024 834
4112 604
1593 5936
5070 4966
1993 938
705 6065
3446 811
3104 1886
3378 3135
3721 5948
5837 224
3659 1434
2196 2338
5350 4472
3196 4453
2059 3664
4259 4021
3907 4853
5482 4596
2758 319
1900 1842
5306 6059
4177 5763
3734 4091
3991 4487
1413 2592
4852 4583
5423 5501
2171 2418
45 4217
391 3747
3465 3073
1823 3901
5970 1200
3608 3627
1076 5970
4570 3096
4697 1506
5325 6134
4166 1732
2129 5169
2878 3141
5878 6298
1202 5456
3349 5991
764 3225
4092 258
1616 3437
1815 3619
2978 2278
59 4312
2434 1891
3350 1131
5457 3138
4815 1093
2812 3617
1669 6225
6216 3564
575 6325
1340 1460
4832 4599
3711 5053
5974 1493
2570 5446
585 1638
1923 5730
2507 4838
5026 2453
691 3448
6113 6124
2619 2177
1271 6122
2850 3406
2660 2497
840 3512
2647 5436
3254 1249
4619 5896
2064 5135
770 335
2066 6158
1678 5319
186 2206
1849 5032
2189 114
1464 5473
1111 2720
1682 5155
4564 2437
383 1311
443 4565
3 959
3595 3780
1543 1313
4492 5525
1725 248
6197 5892
1852 2102
4212 1085
310 5744
5413 2102
5049 2173
80 2763
437 3874
4268 5187
1181 1484
637 5269
2976 5815
5278 1408
3379 3908
4991 6283
3386 2199
4758 1322
4298 3911
2678 4765
4732 1716
4026 5441
1406 1109
6233 5318
572 2237
1618 2500
3295 3074
3910 57
4280 2846
5368 3893
6277 1397
664 1857
3843 1080
267 4256
4537 3412
2521 5048
5789 478
4296 29
3418 2712
4497 2151
2391 5039
5388 6161
2093 1283
5734 1779
1550 5122
6106 5232
1257 2564
5159 521
565 3642
4554 5355
6357 727
1060 4774
5900 5469
6294 2810
4103 1117
3806 3838
3003 3871
476 2262
3206 874
800 6185
2995 6131
4715 4067
615 2046
5745 5640
5983 1811
2128 1481
1389 3441
3939 366
5665 3006
4767 4895
1036 1835
2337 4929
4499 2978
5682 3988
5714 3905
6053 3858
6029 4579
5663 2115
4518 5337
126 5835
1411 4754
1489 701
1103 5484
2412 5846
1500 5989
5969 4310
2549 4979
231 823
1965 2657
4792 6302
3666 143
4478 1310
5916 5840
5331 4668
864 113
3068 23
1960 3699
2923 179
6027 2256
985 5192
408 5603
704 4814
2217 68
228 2649
1702 4351
6264 5090
5060 5026
2844 2206
6000 718
6155 1009
1684 597
5742 4849
285 237
2748 1204
546 4700
1068 4786
1775 622
5808 1594
1164 5738
4074 582
1119 5305
95 3369
3231 5284
1101 5489
1474 3850
4588 1908
1781 5109
4904 3832
3288 1762
4354 397
5150 5533
3160 1242
4869 579
1430 838
3306 5274
5476 3011
2849 1902
4116 842
2008 1063
2279 1654
633 1817
5725 2827
1643 2939
2121 3857
634 2400
3956 402
1409 5217
2508 2887
2463 861
1452 5407
4260 776
3646 4254
2301 1875
2188 5326
1583 4816
5256 353
3346 854
4647 811
144 5891
5007 870
847 1697
4465 3844
6299 2565
1187 2497
5889 6328
5971 5030
4433 2431
1146 118
181 6082
3309 1253
2782 6007
4541 4384
2480 5201
6318 4812
5524 2042
1286 3366
4165 3726
4047 1803
2831 1021
668 139
4291 2706
4907 381
432 343
4401 6197
1646 3569
2233 5295
6366 5620
550 3505
5045 1307
6332 6108
3694 1124
1278 277
2216 2421
5912 2406
3784 3689
2110 1578
1140 2686
5502 5846
1978 6075
1953 1779
1357 1338
4659 4003
5933 3328
1123 2136
2148 5029
5954 4910
1220 2452
816 3512
266 1111
6305 4341
3566 3296
6099 3379
914 4044
1868 3679
3066 201
1213 4729
4561 3960
5816 5222
1995 1763
4102 2396
5961 5707
1113 5923
1035 2110
6188 5416
3385 1215
5262 604
3700 2513
1655 689
5051 1422
1617 1788
1916 2748
4642 1951
6010 4789
885 1455
5712 4564
6148 4418
325 4733
1120 821
5149 1263
962 4224
4533 2856
5011 2835
6126 3860
2284 727
1448 4651
1235 634
1687 1671
1699 1162
4903 534
3174 318
5750 4981
2438 4595
2949 945
2960 4054
3144 5866
792 1739
298 5123
3236 6132
1607 6318
4111 4680
5480 4033
4829 254
5213 3896
1794 1005
851 2613
4004 5358
733 1211
483 4425
630 706
2792 5395
5515 5217
3290 5099
6291 5978
5025 5592
5992 1107
3738 1140
1096 3684
465 5525
3560 5727
1733 2660
5645 4327
4799 3802
4242 5487
2375 4235
6229 2796
767 955
5449 997
1586 2527
4299 5685
255 6041
3340 4612
1295 3960
4922 3225
1635 3335
4778 2325
4939 1427
2509 1596
5063 4713
3467 1700
4878 5377
2742 5580
1011 4288
3827 2382
3794 4771
623 2206
1290 2005
4921 6343
805 306
2359 2875
5511 2108
966 4364
5339 1685
2815 2992
3091 308
4110 6187
4677 3046
1939 80
4389 4050
5303 3617
3374 158
1361 2802
151 2330
709 1046
1508 5676
1894 3449
1532 5127
778 61
2771 3409
2122 430
6084 941
2014 2606
2664 5705
1790 2010
2494 838
3590 1884
5646 3552
5630 4192
2009 53
1238 2145
1027 6342
3618 5753
5439 310
3616 1864
2737 2481
3099 2173
3917 3415
676 663
236 4433
4575 1487
2593 3053
1782 2988
1431 1887
2119 1651
4187 881
4088 772
259 6209
6005 321
1139 344
4545 2616
920 5268
3157 5002
930 5644
2916 5070
1289 5178
2977 979
447 3480
4170 5513
671 5669
6127 5539
742 3871
5591 532
1921 3542
171 808
5930 3336
331 3770
3541 1393
205 5997
2090 3141
6238 3607
3304 4560
426 4232
5054 6332
4493 1926
1937 3390
6092 158
168 2221
3403 2537
4188 1110
2652 3507
2134 72
2316 3659
3904 4506
6024 4071
6008 5484
5749 1293
3009 5118
1591 210
24 1833
6313 4411
2320 4897
5282 3909
5043 3496
6363 2803
3675 3440
4051 5199
3281 3826
6153 3867
1679 4421
6263 4403
6001 223
1737 2044
3638 392
2515 4684
5132 2678
2160 1200
1743 1984
4811 4203
1483 2008
386 2531
2335 5768
5550 3545
3643 6191
2503 2759
2258 156
4155 2914
3491 2455
6369 2580
108 4964
2241 2709
1564 138
3425 1966
4706 4013
3730 1472
4355 4319
5754 6142
5082 1155
6054 2122
2132 6073
5945 4011
404 3813
4436 1855
3525 1243
4859 1891
3245 2459
3087 2619
3535 352
5634 3271
4694 4597
1597 3998
1210 1925
1845 2065
5844 1604
6251 2400
5158 4849
6252 5560
136 244
2845 297
5354 1412
2915 2833
112 4734
159 3506
5785 5451
1330 1848
3490 2729
696 3467
533 1141
1979 4651
516 951
6276 5250
1178 1641
2932 4572
4107 3582
2972 6237
5076 3682
928 3855
950 2282
3110 484
3819 4859
756 2753
1459 737
5037 2155
2051 5096
1281 571
5773 5847
5826 1525
5541 2977
3308 4820
1125 364
2622 1722
5972 2637
4214 2853
2687 4932
2157 3141
707 2628
5765 4897
1078 3074
2754 6344
917 3788
5683 5561
3315 2120
3038 2802
4875 6369
552 4562
3704 2096
398 3698
1777 961
6355 5058
2933 3184
1806 253
1615 6219
3197 5413
1612 5080
5780 2423
1191 2586
6352 2072
3108 3459
5781 695
6354 1220
4949 5227
4309 1245
6258 3234
327 4979
2012 1060
5832 6238
1386 3494
4198 882
3906 4743
5784 5131
5686 1908
3423 5458
6147 1117
6319 2315
1462 5639
1384 4595
5688 3511
2300 5523
5402 1219
2535 5603
2528 5564
2095 3535
4476 4538
855 3876
3786 2499
4234 74
3438 3378
3670 3352
3247 5511
5993 1889
5220 31
5967 6193
2075 192
6091 6065
5626 1571
3094 71
3405 883
5116 4967
123 1334
580 3020
5581 1818
1567 2195
5769 5898
1800 3470
5977 1589
4671 277
3049 1027
2761 596
4133 5562
3848 4451
1802 4992
2352 2565
4748 352
5563 346
351 2518
3660 2154
3811 2902
837 3673
49 4500
5694 6369
799 958
2116 3770
755 1558
4151 77
4415 5022
6172 1558
2954 1150
2354 77
491 5330
5862 5460
221 4045
4740 2749
2286 6011
3622 5164
3762 2501
812 3291
944 4996
2416 1637
2038 3514
1473 2770
4652 4291
4624 632
1151 5429
5607 536
4688 1434
5419 4790
5237 2336
3061 6129
2103 3096
2339 334
2743 902
2600 2062
852 5896
2317 1495
2428 5606
522 2183
6100 4490
4344 5325
2956 3552
3603 4703
1206 3467
3996 3221
324 859
2037 6108
745 6165
5801 4611
5144 4409
702 5307
2308 2551
2864 2725
4605 2642
1405 4737
3892 795
5778 2949
5129 4225
295 3793
2385 4726
272 2118
385 1181
2156 2405
3162 5135
5882 964
5510 5480
332 5449
2149 3438
150 1186
5899 847
103 3727
4085 407
3672 1231
4971 3935
5492 2176
6162 52
719 557
5422 5744
1256 3215
5834 5487
3528 456
5240 1494
5706 5070
4735 251
5584 5792
4140 4887
5041 2655
2922 1921
6351 835
1441 3308
4094 1068
1248 6297
4448 2786
1913 30
127 3587
5825 1465
1039 510
4757 3305
1308 1621
489 1629
148 937
3840 5877
2031 4220
5740 272
3823 339
1652 2943
6110 1412
525 308
1172 2843
4211 4153
5565 714
990 5443
214 661
5830 2291
2532 1412
3064 5342
3487 4231
3185 1775
1829 6194
4489 1127
4398 2913
2832 3392
4635 4910
3312 3168
6067 6176
4159 6028
4373 4972
4709 1187
2946 896
417 2153
5381 3422
2587 5519
338 3529
1752 2500
3662 433
2254 473
836 5565
3778 6354
832 1160
3942 3943
3117 5914
4980 5276
4797 3034
5845 5145
568 5926
5424 2052
716 5716
5854 4311
4158 1231
3023 2361
4851 4716
5764 5717
2414 5484
1595 4310
4282 2241
2167 4111
3568 1706
1883 1490
4513 5561
2225 6048
4558 6134
538 5848
288 1953
6175 1875
395 2579
5146 616
4549 6238
3311 4875
4325 1318
2598 923
913 859
2794 3051
5722 569
289 5821
1006 3588
877 483
5431 2255
3055 3482
6163 3699
5952 519
6248 357
1990 4374
6316 5817
626 4925
2087 665
2787 2151
4644 3038
3882 2040
5353 3274
2663 4085
187 3200
2019 380
5806 3673
2520 3722
3116 5570
5119 5473
464 3446
5666 3930
2784 5388
3865 5560
7 6233
2806 1062
4938 2779
82 3087
2231 3844
3428 5102
5549 965
743 6071
6055 362
5312 2710
1786 574
5173 2625
163 5427
2692 6331
982 1729
2329 5655
5349 1031
5409 3182
4885 1631
4194 982
3080 1833
4636 4381
4009 785
2174 5175
5522 4144
2898 2547
494 1331
3540 5293
28 5269
5713 5303
3967 4966
4965 62
682 6308
5281 1189
4994 4056
5697 1722
4553 4126
2215 5821
5668 3051
2982 1289
5151 4893
1928 2095
1173 2069
3500 3278
1267 4536
2191 4126
2232 3954
3429 6203
3658 60
591 6231
3284 1067
2682 4614
1766 5975
3509 2907
3918 6010
2901 580
6218 1502
2821 847
6322 1836
1272 5556
3887 2531
2252 1983
1711 914
3920 3536
6224 1664
4822 6244
4123 5921
2355 4334
3971 2070
3398 2271
3859 1311
4375 727
507 4499
54 1873
1945 491
5180 266
4884 799
84 4729
2924 5926
5913 4739
58 3385
1154 969
2036 5728
2081 6363
817 2884
4587 3693
1166 6225
6020 4959
2671 628
4857 1010
2969 5501
3154 2507
88 5810
893 5856
5578 395
5291 1904
3347 2527
1598 2782
4204 2660
2584 1196
3358 5362
810 5644
3597 4378
1704 942
4710 1753
2250 4334
2953 6190
4342 1458
4202 950
698 1012
3175 2242
5329 3730
5438 5683
751 3769
2280 3133
6170 2810
3105 1307
4457 5197
5333 1220
388 1531
1878 5213
1100 2002
4917 1886
5843 1259
177 5943
1233 2617
1449 1369
3148 2103
6052 2763
952 3458
4623 5988
566 4294
3993 783
1747 701
307 4916
4176 1403
4658 1675
314 2604
2986 749
2371 3898
3957 6200
2468 1496
5498 1082
5176 1697
2389 3162
3156 764
2601 5750
4855 5448
269 741
875 3913
3941 3154
1043 2430
4068 5179
2540 5688
157 4932
246 1451
645 1206
4287 4225
1559 4633
2159 1004
4034 4231
4218 2208
1040 1297
5632 1947
5918 1585
926 5390
1280 1486
2158 3492
3688 5957
2035 210
5719 686
4307 6234
4333 3511
975 888
5417 3107
5903 3951
4480 4937
2021 2370
4295 1853
3966 6340
1610 6172
5925 532
5267 2464
3059 1631
892 2416
558 4242
5008 815
933 1992
3845 5429
5275 5230
5699 1839
4077 1614
5615 1613
4571 3800
4865 4697
3461 2048
5387 540
3820 1735
5034 1622
4687 5085
4263 3739
4078 1594
6062 1949
3868 886
4505 3761
1587 3954
6347 2537
4270 5405
621 2307
518 3520
3360 2771
4867 1364
2644 1138
2092 1763
1429 3827
2842 5208
611 4684
5421 2191
86 714
1416 2705
2207 6007
4516 5332
869 4769
5509 1463
3396 4745
4022 1180
766 1314
673 4441
3640 1196
6226 437
4845 5887
1323 4683
1159 3944
2420 133
5732 6093
5055 3924
4580 1484
5141 276
17 3718
6295 5699
4314 2133
337 3373
3837 866
3997 5724
1054 4254
1881 1356
4842 4480
5177 4806
3836 5178
4405 4255
3814 4446
3503 2981
4550 1273
1250 3229
2858 5803
1077 2460
5212 5018
1353 1130
4662 3307
75 3943
4768 4070
2886 1097
3922 653
4796 4630
1121 927
5648 4559
3331 4446
2360 1260
4657 5552
2104 4724
1731 3938
3486 349
1304 3558
1520 1172
4164 4842
3783 5307
6035 4565
4020 4688
6009 2380
470 4992
4945 363
172 5836
3665 4505
3093 3606
4602 5255
5542 1735
3355 6234
4252 469
1312 1127
1987 4435
2426 1151
1104 5859
1858 4929
2281 6276
891 131
452 4433
4844 5525
801 3408
1359 903
26 4899
1216 908
313 2137
6198 2450
5414 5580
1446 5393
5497 5035
909 4200
4850 5224
3395 5921
164 5172
3792 5376
4723 2466
2563 5654
4139 1748
509 121
4069 5856
4141 1304
3201 5128
760 5963
2734 2990
6333 6301
4879 388
4466 2874
5420 5640
1934 2241
5568 3519
51 6029
904 4424
3082 2009
4704 6288
4275 2989
152 5077
2912 2378
2809 2912
2854 4270
734 1606
4523 1274
3019 2860
5558 2418
5103 1909
3076 4411
355 415
2590 265
425 4480
6039 3428
6049 3243
6246 2623
3929 5919
4410 3688
3965 576
2797 665
4664 5921
1764 756
1822 451
2999 4762
4495 2978
3478 3550
2510 4137
147 2373
1527 4967
3189 5722
1798 1357
4923 1927
5394 5327
3687 3149
4708 701
4948 4371
2387 4464
3561 4962
3071 4048
387 6216
4477 4790
1244 5174
1247 3507
4076 1045
4302 280
2179 3124
2257 3822
1514 84
4016 673
211 5563
477 4987
5400 998
3916 2604
723 6100
241 5559
4873 5938
4380 4884
330 412
1885 6176
1954 4081
3950 2930
5308 5290
6077 4032
5636 6235
1457 4839
635 1628
1497 1149
2024 2508
4430 2783
972 760
5870 4794
2597 5920
2424 1584
4196 1062
3841 3406
4485 3748
1566 1838
2140 5855
1032 167
5265 1518
1807 1808
2791 1748
4143 4275
5357 6215
6182 555
1479 1366
5072 5683
2839 3091
502 278
672 3518
3736 4100
6223 4357
2574 1264
6349 6151
4328 1036
356 3709
2086 1588
5633 4827
1319 1839
605 4632
178 487
4095 1166
1309 1705
3919 448
1329 3096
3785 6154
5770 6182
3979 2570
6265 4058
4749 1527
4908 4642
2906 3285
5452 2943
1144 1121
5242 1359
5747 5154
5481 3340
2326 4823
3027 5459
2670 224
5304 2456
5296 833
1563 6336
2667 757
5931 527
1724 2088
2219 1867
1299 195
2222 605
5286 938
1901 3679
6043 2484
4195 5740
6320 2882
5641 2884
2904 122
3407 3343
3571 1308
333 6276
3522 5655
5885 4132
2567 1875
5298 2326
1456 5527
5555 4768
3481 1813
3752 2528
6022 4437
5341 4459
3384 1247
50 3180
3745 4260
3631 2076
2942 6307
2283 5600
2113 2464
4508 2353
6137 2685
5249 1943
450 5862
5574 5867
3777 4386
1030 2338
2830 4248
3237 5114
1276 6348
4149 2514
2965 150
4569 2686
3151 4369
2594 4952
6282 3264
4773 342
4468 821
1203 5688
970 5397
6047 453
2648 3735
980 2674
1133 4723
5009 3561
1932 6167
3685 421
4877 456
6210 716
4245 2276
4568 6357
4330 5376
6271 5830
5182 315
299 5185
1288 1974
1526 2928
2312 9
4347 3743
5120 2856
3292 2723
5638 4180
4717 2276
3585 5208
4791 2492
3611 2559
96 3725
5758 4666
5966 4593
2180 1116
5755 6224
4293 3700
4002 4562
6268 1126
3244 5356
2516 2338
4297 6308
