9724
7470 5520
1920 7470
4997 5520
5970 7470
7877 1920
2165 7470
3701 7470
4232 2165
8589 2165
5962 5970
8640 1920
4453 2165
7288 7470
1466 5520
6894 5970
6644 8589
2108 1920
5123 8640
6693 5970
7131 4453
8656 4232
1395 7131
8941 7131
5743 6644
7366 8640
461 8589
1774 6644
4552 4453
8424 461
46 7131
9317 4997
550 7470
538 550
3520 1395
7003 1395
5737 5743
8105 2165
7522 3701
8498 7288
6008 7877
9077 46
4733 7288
7636 461
6899 6644
6102 1466
3506 461
1331 7470
5770 8656
1632 9317
3305 1632
4219 5770
4127 7877
1277 3520
2889 8640
1988 3520
8490 8589
2340 8490
1903 8105
4504 3520
5946 6894
939 7366
9067 4552
9582 8424
114 6894
2154 6008
3420 5962
226 1395
8436 3701
4113 3506
532 6102
8485 1395
7089 8589
3110 8490
3647 1466
7598 8485
7783 4552
6649 4219
839 114
4707 7470
8889 3701
231 3305
1526 8436
2705 1988
6524 4232
1132 1526
5299 2705
5078 7783
8023 9077
8413 6102
8686 5078
3663 7877
8701 1988
4829 9077
3428 4113
4483 7470
6974 4997
1635 4733
7845 1774
6788 6974
7445 4453
6040 5737
6969 46
1303 1632
5262 4453
7498 7089
8669 538
948 3428
7596 6899
2014 7445
3083 3701
1633 5743
6616 6649
2010 9582
3119 114
8057 6788
9610 46
7569 4504
646 939
6455 2014
6638 8640
921 1633
1707 532
2987 5962
2967 8057
4751 3520
9666 6008
3489 7470
2204 1132
1645 7596
1767 2108
3262 6524
8967 3428
9252 1633
8509 7522
3649 7003
542 5743
7686 2889
9450 8889
2009 7783
2768 1920
7180 8941
4639 7569
7070 4127
6809 5520
2486 8656
2534 7845
6213 2705
1583 8498
8753 5262
851 3083
6090 7636
5400 2534
7992 3420
9084 7522
5750 7569
4134 8413
8965 9067
9565 4829
3608 4639
5439 3663
6244 6969
8943 5737
3970 2486
9373 4134
8289 6616
8443 3647
8661 7598
8807 4639
6304 8289
4672 646
4749 6693
6802 4219
313 8967
982 7180
6839 7089
6844 4113
6388 6455
9218 4134
5448 6899
8620 5262
5632 8490
233 5439
4201 6844
6545 3489
2268 7596
5949 8509
4102 2987
4051 3428
8223 7445
9222 5632
4800 6899
8203 2987
4165 7783
2523 1526
1698 6638
284 646
3617 4829
6609 4997
6733 4829
3799 5946
2239 7070
5094 9252
4965 1903
3010 4504
779 839
1892 3489
998 5750
872 8413
1746 4201
8426 4552
8365 8656
4654 9582
580 6693
6667 921
3879 7783
758 3489
5055 6455
9720 4751
4276 3701
5720 7070
8692 6667
9313 6809
7526 8485
5381 6974
3667 1632
7109 5094
8886 550
5280 2705
9372 1395
6772 7445
1860 8886
1732 1892
6207 5946
2156 4051
3630 9666
9369 8443
9316 8669
1079 8941
3386 8941
2054 5720
6890 6524
6309 6802
937 3119
3502 937
7838 1892
1819 5737
4452 7526
1944 3879
4088 8589
1477 6008
1078 3489
1388 5750
5935 4733
323 9317
2777 6609
3008 5055
3200 9313
6407 872
1625 8669
5226 6213
2173 5737
2174 8669
5318 4232
980 5123
842 5226
804 2268
8385 6788
4797 921
3064 2010
3810 2523
5712 7288
3806 3630
7033 6788
6718 8385
5248 5970
9224 9369
7313 9582
1644 4997
8258 580
9217 7445
6237 842
3986 779
2594 4654
197 5770
1080 6974
2026 8753
2024 2768
4595 6894
5032 1635
1782 2340
9272 4127
6540 7877
2320 3305
4341 6207
7105 542
4770 3420
9597 1625
8113 6969
3823 3986
7233 1644
1918 4201
3406 4654
5420 8620
5145 8589
3778 3386
9701 3305
380 7992
1113 4800
8495 6894
2813 9218
6507 5055
7039 3647
6739 2813
6094 2320
1197 6524
2952 2523
962 3879
6310 4672
6172 5248
8982 4051
2957 6890
3195 3630
6287 6507
5157 6040
7843 8620
7153 1645
57 4113
3189 8436
7523 3110
6086 939
5503 7089
3867 6739
2132 8223
5225 4452
5580 6090
3122 9373
7020 7153
7132 7783
7585 6772
5279 5299
3843 8424
5679 6693
3564 6693
2455 8753
9227 8807
5335 948
6028 3778
4311 6309
2899 5279
4943 8967
9174 758
1400 9582
8557 4800
1259 4232
3908 5420
8693 8941
5354 842
3228 937
7744 4749
3337 3970
7367 3502
4575 2523
9612 5720
2466 7153
2558 5226
6290 4575
585 6802
5775 4707
5715 8807
5536 7838
6823 3122
5101 1635
6150 4219
2488 3701
4928 1132
2567 1080
8261 3867
1063 6638
8597 5679
1397 2486
9116 1819
9605 5381
8674 2967
430 6172
6814 3799
1332 6309
5976 5520
7594 7132
8820 921
3515 8669
1037 8443
1564 7039
5017 6028
49 3110
6163 4797
2170 8261
7760 5632
8383 7033
8591 8203
7687 5299
5261 2952
9126 1397
7937 8701
7822 7105
587 8693
1310 1303
6682 3489
3248 5078
7832 1037
3946 4654
993 4165
5739 5962
5596 2320
9242 1132
8130 9582
7689 6844
5348 5145
7969 4134
7894 3810
4971 2523
9325 8686
1624 7569
1996 839
1720 1944
6928 3564
15 5775
5711 6172
6026 3305
3639 5032
8511 9313
5566 6455
5344 2340
1108 7598
6187 6507
1454 9701
8112 6802
3772 5094
3570 4452
2707 5775
6199 8889
7793 8686
7956 114
3526 3110
6338 758
2044 1988
292 9565
8537 3195
8428 9325
2589 7288
1200 2455
3965 3122
9431 7132
2200 9077
3874 3946
3698 7845
9525 7522
2686 5679
4270 1388
2798 5580
7917 4797
2020 8656
9404 6338
7794 6974
3280 3649
8075 9252
2243 6616
4079 2952
9154 3506
2225 8424
24 3701
178 2173
9173 3570
4925 5970
5373 962
28 6163
4087 6150
7255 2225
4996 8509
6472 3122
6070 6237
3263 5078
5840 46
8802 4452
1415 3630
9207 6237
8072 28
7888 8674
7908 5711
1937 4770
2327 8289
9066 948
236 4925
7983 5381
2578 3119
1348 1454
8154 24
134 3502
6850 9154
3378 5354
1339 8591
475 937
9425 2952
1664 8693
3581 6199
8719 1078
6921 1583
5844 6026
2171 5566
270 7845
2905 1197
2499 6163
3320 2165
8153 3378
5510 9218
1545 6338
3964 7783
4398 7937
2382 2171
9427 2499
7512 1944
8924 1564
8981 1625
3530 1920
7994 5580
8871 7180
1048 4165
1426 758
2213 7089
3352 7109
1208 1454
3747 9565
1157 7445
9572 580
4338 7033
6968 114
9437 6638
5070 1048
7924 4127
9201 9720
2975 8075
1198 380
2607 1426
9449 5949
7752 8981
2512 3639
8659 2578
4304 3667
8232 1720
9638 3617
6243 4201
2906 5720
4856 6899
3703 8443
9135 3667
6009 8511
7954 1645
9248 1545
8955 3110
5650 5632
7307 8424
3213 4338
2172 6682
8446 3701
7283 2165
2816 1918
163 8112
4288 6802
8218 2705
2931 9425
214 6102
1355 7070
1025 4219
7701 7594
1648 6814
6385 8075
5403 7180
6116 4088
8441 937
3923 1454
3655 6287
1598 3263
8716 1339
1948 5720
8063 1720
4084 8490
3528 9565
4754 851
3678 6649
8442 4311
5430 550
5334 6237
8581 9218
8295 5032
2982 5750
4172 3806
2984 5712
299 6739
744 3248
8911 980
976 5348
9057 3320
7821 4672
6935 2173
1820 9372
6737 1339
116 2014
8720 8495
9575 6472
6148 4127
6661 3520
3479 7937
9695 15
5998 9666
7335 4996
9073 8924
761 4996
4428 4971
6485 5439
6433 3083
2325 1860
7064 7636
2099 2558
2075 2165
4760 4672
4126 9248
2977 1732
1589 2705
6729 2987
2463 2327
447 5032
3730 1948
6892 4552
4308 9431
5519 5844
7511 6507
6610 5770
384 3823
1530 5503
2286 7283
2272 284
9164 6739
7804 5536
7590 804
29 4428
3124 6616
354 5348
3244 380
8050 1395
832 2171
9345 8258
7808 4575
4017 3867
8699 5262
4485 4943
5141 3428
5512 292
6164 15
381 233
9042 3908
2942 1132
4940 3879
9052 1625
1261 1635
4889 7511
2642 8669
8065 2967
7251 5299
91 6935
209 5976
269 2466
6055 939
5660 380
3042 9695
5075 2982
8875 8490
992 2813
782 1198
7887 2327
5411 4172
4487 5712
6656 9582
359 761
9717 9272
8681 178
3360 5157
6075 6472
4264 8383
1628 3667
4435 7983
1417 8981
8790 5123
5583 6199
4742 6921
5398 8443
2910 9572
1046 1633
3773 2165
6140 6009
947 3879
1926 6055
3392 3970
4617 2957
2407 8557
4199 7689
3569 5660
8617 6737
2137 49
8087 6287
7586 4113
5018 8875
1575 7956
1989 7832
1654 9073
3841 3528
7708 6616
301 9345
3998 1575
2831 4084
4432 939
165 3119
1917 8436
4060 3874
522 4270
2350 4595
4598 1628
1976 6102
8096 6656
1649 1113
6179 7153
883 4051
6987 3747
5889 7064
1514 7752
5550 5743
1095 3667
7996 3569
5378 8023
7321 2174
834 3189
6439 5318
4099 1782
5386 4453
9718 6163
565 7686
1540 2463
4227 3823
5577 7687
1535 2910
8552 270
7155 3647
6238 2686
6766 5018
5259 3647
8415 5141
9303 4113
3776 3564
7328 4733
778 4452
4246 2154
2655 6844
3830 8620
531 9154
1596 2272
8180 7366
9383 8591
5541 8640
6031 5017
9719 7523
4405 3378
5644 4127
1740 7894
7191 2523
1977 7366
9647 4749
2130 2589
5228 284
1209 8911
2292 6040
4294 2320
1572 8589
4186 8674
5992 8686
991 9719
3173 1415
7163 8203
348 9383
8741 4341
326 1572
417 5737
5707 6287
7707 7838
4499 1645
7341 9042
6959 5844
1592 9164
2846 3515
3363 2905
7457 417
7709 4341
537 4127
5535 1477
5825 6729
9490 7590
6677 1860
5891 8490
4671 2523
8404 2906
7222 6968
7786 1113
9435 6733
3577 5510
221 2975
3076 5259
7831 9325
3121 2910
8418 5335
1182 1310
2809 2200
5418 4943
5444 3630
4563 8875
4804 3655
7159 8720
2902 3843
1262 5775
5191 9597
2284 5535
2893 6075
6954 1918
7216 6031
7060 6086
7613 7522
2476 9073
2881 2523
7306 2488
7640 9272
5690 3173
5835 359
7723 3879
9323 2284
5385 2957
6384 3121
4922 4754
1064 1596
5539 778
7260 1477
5604 6969
8629 5385
6933 779
4678 4654
2849 2523
5454 8686
6991 5348
8014 221
5190 531
6620 6733
9564 9701
2587 5334
7091 6086
7666 3305
4437 417
8746 2463
4043 7845
4375 3830
5537 2512
3148 3630
4631 8057
9621 7523
4537 7843
5030 7843
4534 3986
3886 4017
3415 8295
9228 998
3311 1046
8444 851
4081 7793
5895 49
5375 5226
5902 8385
8706 1572
5327 6439
2581 2813
6286 8426
8953 8699
250 2044
5380 236
7638 5690
8928 5448
7972 7283
2401 7908
4047 1977
8292 3280
2544 9323
4497 7039
2703 5660
2384 1395
8274 6729
4112 9252
5873 4534
5908 646
194 2703
933 2286
3567 3248
7663 9164
2943 114
6499 9135
3626 842
1792 6661
807 9450
8182 6682
6560 1397
9697 7511
432 6455
56 5335
7424 3703
5167 3663
8196 9174
1788 5327
7739 7159
3501 3420
1845 4047
6095 2108
6183 8719
3156 2943
9446 323
6932 7686
4137 9638
5647 2054
8880 2476
5828 3799
4122 8597
4526 1198
5617 1545
9554 6560
5515 323
9004 2777
6512 5711
488 807
7771 8261
169 8941
5361 2156
3455 5690
787 7255
6615 209
2201 2320
3642 5318
635 8557
1407 6933
848 6850
5907 7366
1953 3841
4550 2984
9011 6310
4993 6094
2084 2581
1795 3156
3126 5191
5606 6244
6248 3506
8357 3148
4680 3502
5607 962
981 8511
5266 2587
3273 6040
9136 1348
7913 7020
7697 2578
6534 3998
8323 4928
3613 4940
6640 1545
8078 116
9020 3501
6201 4742
5 3886
2520 3799
8729 9052
8834 5225
8369 2977
4389 4889
3034 9201
3365 5537
7809 4797
4434 9437
5887 2534
6684 8258
5192 7260
2037 8424
7855 2463
6879 4199
1829 9597
9520 3701
3030 2686
7661 6823
3205 5743
1533 3352
3935 9248
2493 1845
437 7367
3922 8413
2661 3581
5505 6682
5740 9084
4986 5743
9531 6026
4231 9227
1650 432
3264 6729
1186 4232
7408 3986
8329 8369
8420 4654
324 3392
8123 7569
2844 6040
3184 4754
1196 7105
2571 7586
5347 6243
309 6075
1492 6439
6414 8323
5858 8383
826 1920
4586 6207
1116 2642
6301 9154
3093 6485
4461 3922
8291 8720
3402 4437
3335 3030
6904 2201
6057 2108
211 8790
486 4060
3145 2686
6358 7260
200 1654
622 3747
852 992
8939 4311
6782 46
6351 2284
4576 4680
6357 6040
7727 2931
6613 3280
8944 200
4713 8659
8695 7937
7451 6987
1880 2849
8483 4483
8893 7888
1317 2054
2308 3311
8230 6187
9522 1025
2763 4940
7069 3455
533 3455
2196 9004
2012 9042
9387 4943
2380 4639
7246 5344
306 7727
7420 1948
8949 5617
2752 7251
8816 9201
9337 6682
3668 6879
5021 1948
8024 1948
4334 1767
2553 3205
2446 1095
7678 2384
7362 2813
457 7727
7406 3506
7286 1533
8135 9666
1270 8498
8724 8057
8231 9222
1783 9227
3903 1720
6681 3064
441 200
4458 761
4937 3189
2091 9520
5681 6844
4470 384
9086 8078
2818 381
2639 9066
6261 2174
4190 3922
9287 9164
279 6388
3940 6244
1672 5889
5713 5101
1677 7908
9705 5398
989 1132
1602 9126
1386 2130
3458 324
3496 9224
1341 8369
8360 6899
8041 9207
7097 226
7563 3655
880 8436
9119 9572
5642 2571
830 998
7533 2476
8393 1937
5492 8329
5158 8365
3029 2655
795 7222
9393 744
7699 8581
2513 9227
4648 9612
5015 7699
928 4997
101 5739
3812 4487
4036 9437
9483 6439
8771 5566
1442 7877
8520 7097
6888 1677
2166 3799
8053 3830
7395 2567
7755 3122
62 5992
3174 6772
4475 7089
1353 9387
8664 1926
6380 5354
7976 4856
3888 2243
1335 3189
4153 1514
5558 9224
7612 3335
5329 299
5102 1664
7025 6026
1499 2446
9414 1157
4955 1417
1000 49
235 3581
9111 4648
1217 5398
8336 4134
6206 8130
687 2010
5761 1740
7948 7937
434 6031
2266 1046
1307 7913
3921 1209
4984 28
7927 2225
2136 6899
147 2136
17 9414
5774 5348
218 3747
3461 9564
7898 1386
4400 778
6133 537
2082 7697
9012 6310
7215 1499
5426 5075
1608 533
9297 6888
3846 56
1974 542
4213 5690
2625 7153
7509 7937
5058 7845
5437 6388
97 1845
1141 7598
1375 461
509 6540
8884 8289
2302 3530
4582 1197
1247 6892
4133 8483
7715 6512
7027 5055
1076 1499
6535 1426
2956 4639
9152 2170
4175 1767
2336 1989
3557 165
8038 6888
6835 6560
1150 4475
2435 3145
452 114
4535 7755
9633 5889
910 8884
222 2091
4395 236
4705 4680
8571 2225
9378 2173
7479 233
8548 2201
7718 5604
9548 2156
8481 7831
4462 3458
1646 306
6143 8640
2695 6638
3408 6616
8517 2325
5325 7191
9121 4598
5710 7255
7343 1918
2726 6638
3154 8365
4941 8571
9025 5021
3646 830
3242 3110
7212 5279
2867 8581
2992 4172
2991 2486
4355 1820
9068 5403
8818 7804
2679 7718
1059 8038
7165 9437
8641 9666
8867 7286
8712 3305
6296 1583
6861 7335
2555 9227
9474 1948
33 5510
2036 3823
4158 2905
6938 7598
1432 2587
3077 9565
7298 7793
951 2091
3787 56
3390 3320
8340 5444
1600 2327
5985 8153
8491 4552
6356 7954
185 8802
9106 4499
6230 8014
1012 8686
2176 7222
2264 533
2783 2136
9134 7260
104 4534
237 5361
2421 4971
3114 6140
7438 993
9693 7070
4193 7406
2916 2213
8099 7408
4784 3352
8194 585
8534 7894
7814 5617
7067 8498
1969 7996
4091 9136
4173 7994
7494 6809
1967 6140
2183 3363
1750 6616
7128 9446
6678 5895
7880 5690
4285 8498
1684 8641
4528 7948
7485 542
7762 933
6970 7755
5346 7927
2811 7522
7096 7470
8236 1575
4884 5325
1742 7924
5927 6938
5201 947
472 7069
21 7888
615 6970
4652 323
8942 28
9494 7366
2582 928
6982 2910
5738 6904
1994 9393
934 7697
9422 9425
410 6991
4787 7233
3519 9242
617 7596
7781 4598
6567 8057
1510 6823
1444 3823
952 8640
2515 3649
3109 538
3718 7744
3723 284
999 8413
6834 947
1804 8413
3371 5420
2557 4955
5497 3581
7186 8692
3892 7598
2734 9383
2917 5325
4195 2308
690 4133
1815 2977
2004 222
648 8426
874 9525
436 6718
8122 8369
7200 2984
1107 3678
2568 1649
9620 7689
145 5840
2729 1635
7049 2446
2643 8063
2533 6358
8132 7924
3227 5985
7568 9313
5399 6008
9365 7888
9408 8517
4697 9252
6920 4304
8646 7027
6726 2435
67 4122
4663 5266
8249 3064
2190 145
6392 5985
3187 533
2996 3076
819 2499
8452 2272
2773 4199
2644 933
3258 3352
1297 5354
3500 5510
9460 1209
8030 5775
6160 5949
759 3392
2451 2594
9637 5266
856 1649
4577 5017
6597 9450
4747 565
2601 2302
4556 8443
5351 2172
5839 8886
1460 3867
5150 3420
8828 7306
4826 2533
3605 9387
9177 7877
8144 4534
9710 2777
1939 6954
1762 5895
7471 3502
7327 9610
7154 4434
7986 8867
6346 8452
6318 6057
5625 8444
3875 4697
6438 4925
8051 1514
6344 4153
7240 6187
5269 2302
9010 1592
8359 9057
3453 3519
4877 6935
5009 3776
2035 999
8286 7594
2782 6613
87 6938
4236 1331
8904 2607
2924 7064
3117 1920
6728 7686
5811 4575
1893 8144
7047 8075
191 6384
73 2867
3798 787
6717 3042
1805 6968
3873 8699
7914 4389
2291 2578
4431 6384
1769 237
2376 8771
2740 6920
1697 7096
7719 73
8098 299
8190 9248
333 6970
1205 8144
8376 6974
7405 5761
3129 2844
3243 5505
3788 3564
1257 2466
18 5825
4629 3195
9123 4475
7546 4452
8895 1386
2857 7200
3597 8024
7837 2707
3356 4060
2864 7887
1894 1782
2309 6439
3391 1113
1334 1000
7796 6677
519 8712
106 381
7189 1746
875 1805
2095 7590
5609 2200
798 2555
1383 6455
9686 7479
9603 4470
6087 5750
1102 1697
6305 9316
530 5774
2353 2020
6081 4928
5235 3119
5407 1988
1912 354
6699 6433
1812 9373
4669 4652
3559 4631
5792 9042
4451 2567
7326 6187
8191 6560
1786 8144
5855 8620
2071 2136
7271 3356
3108 9004
4650 9710
3596 5970
5199 7821
3041 1939
2003 5101
2334 486
4924 1332
4030 5335
8990 4227
217 7522
811 939
7549 8640
3592 2037
8998 7327
7751 6892
2395 9337
8293 4084
6027 4458
2895 7212
9122 9446
505 6261
7339 7640
7013 3243
3049 5018
7121 9638
5267 5515
2779 6392
6747 309
4854 5437
6466 1948
6658 5650
5304 4576
1559 8078
4010 301
2968 2200
328 9252
965 648
9634 6290
1091 6844
2104 2204
8782 5225
810 5844
1870 4595
6569 5266
4421 6610
5395 1598
8516 2266
5659 7755
2853 2881
3071 8816
1512 1977
3602 9372
4913 5520
2828 8385
3961 992
8475 6969
6122 6040
5666 9325
156 5503
228 6009
1593 1257
3482 2768
8375 2455
4343 4680
9258 2004
55 1442
8011 5985
1389 1388
5149 2777
8079 9638
1338 3613
159 1000
3694 2268
3169 9387
9540 1217
3765 436
6337 4586
4583 2544
2195 7067
2055 9077
559 9647
1853 8701
4414 8190
1599 1645
5491 4707
5717 5835
710 28
5326 1150
4980 7612
3098 4127
4903 5411
1286 9718
4531 6237
918 5738
4887 982
7905 8231
3731 5927
5184 2401
3315 1977
3409 4680
8907 6438
6251 3798
891 2625
2304 5361
6340 6055
7211 5583
549 5998
2614 8664
5752 5604
5619 4754
5051 1893
7866 8011
764 7027
7054 7986
4670 4232
5081 6407
9340 2166
4655 3029
9434 5235
9648 8490
1151 7948
2415 73
128 2320
571 6392
8604 5825
2402 5604
7933 6207
816 4654
5208 299
4399 3335
4290 5267
3871 8383
4585 2003
1723 4713
4233 9173
756 4153
3635 4288
8997 6388
4679 5505
6547 7457
6408 2195
9327 4389
1841 1944
9129 6928
4882 5566
7217 7020
1604 1805
7746 2752
4320 2893
8542 951
2126 1102
9264 6737
3682 6739
3618 9297
524 5873
4238 1829
936 4856
397 4195
7662 9437
901 9227
2271 7328
552 7781
4665 1095
6720 9431
6831 8720
1562 5844
7059 7339
2459 4399
1105 8517
162 839
1694 4462
3902 6287
7939 1348
4886 7972
8247 5887
4738 7590
763 5927
4569 9242
6452 3371
138 687
8935 5334
6312 7755
7865 7485
6624 1151
9615 1059
7772 9686
8070 937
5649 7865
2586 7546
1744 4126
2381 3830
2749 839
2702 9323
3621 2172
7603 2130
5006 7666
6617 3034
9071 8113
4694 5021
8829 6213
6184 4375
3376 348
3369 7189
1416 5717
663 3903
1716 2811
1412 947
4474 2607
2887 1976
6707 7751
1096 2451
1333 2956
31 9575
8846 9435
6131 5536
6451 7794
8468 5262
3284 4231
7534 4650
6669 5679
5140 6337
1464 9693
7496 8365
8315 764
4393 3678
1515 5558
1897 8495
3643 1432
9178 3010
2791 1782
6257 2828
9208 1684
4834 7445
9167 5375
346 8829
8584 9084
4391 4672
9456 3360
9443 1786
2820 2264
6955 4986
546 4586
8821 4485
6694 2512
327 6148
3250 4393
5903 3519
9035 1492
7721 3213
3748 2126
7623 6206
7337 2493
9691 6183
9246 3264
88 9621
3815 3663
3463 2195
765 5949
6599 3030
6375 2639
7277 3129
1610 7494
3568 2916
6566 2707
4442 4113
7629 6184
5579 4697
5118 21
2281 1037
6659 3639
7754 7905
7530 7025
4567 6649
990 7335
9285 7821
4046 1750
9318 8620
561 2308
3715 8746
7491 2004
5785 18
8118 9525
3984 2607
4069 901
9651 6718
1155 4567
7964 9057
3728 3823
4473 7405
5170 5515
1456 3008
9251 810
554 8130
8384 7511
4717 4751
8690 6338
5473 1012
450 9494
4533 2350
4685 765
6219 214
4615 3156
3615 7880
4141 1917
1579 6485
9486 1917
2884 9494
4477 7047
8300 7796
8732 9693
3349 5261
6880 8442
709 6566
48 5579
8061 7233
6901 4670
2829 7924
4366 237
8952 2132
3914 1182
6557 9164
5422 430
6469 2401
3355 7479
7968 8323
3314 3187
1325 2828
9333 830
8551 2415
6325 6183
125 3946
5031 5720
9098 5102
4185 73
5165 872
6097 1788
594 7091
79 4343
3267 1820
4708 1388
5247 8295
6307 4046
9657 2943
4211 1845
3611 1815
2672 542
4416 1767
311 1426
8341 1151
4116 1562
7849 2643
2139 447
5000 2132
4881 5473
1462 2820
8937 7723
9611 1795
6103 5398
1184 6103
9442 7837
8567 2488
290 250
6320 324
1735 7070
2458 2906
887 2104
1225 8441
2945 519
6188 830
6801 8369
1223 5140
9044 5123
4767 4650
1229 5226
3411 145
9175 999
9426 7246
2847 3029
5699 2791
8241 9494
153 3455
8687 8790
6078 6408
1950 1375
6267 55
70 7306
3771 3946
512 1592
6450 8376
4433 7457
8561 8941
2826 939
1836 2099
6412 7569
9669 3526
4970 6340
9683 8729
1617 1994
8058 1460
2250 2044
2296 8223
2531 5280
598 3205
845 839
2559 9651
5765 5828
8240 6338
1448 8771
8171 2183
2930 1096
1532 1353
6249 3815
1854 6693
2103 1654
721 6932
1321 5785
5545 2729
6306 2196
892 1132
1293 880
8469 9615
3425 2899
7346 3184
2 7109
516 5946
5864 6472
729 6199
7055 937
8685 79
1505 3570
1507 8520
4715 9522
5480 8365
6478 4886
2626 163
7171 6658
1584 5873
352 9582
3061 9077
7322 1107
5628 3076
769 8701
7258 7913
2842 7322
5350 5840
3544 6027
9029 9414
751 4270
949 2857
8556 3613
6276 9154
9037 7719
8339 4705
618 4233
707 2555
5881 3698
5106 4881
4613 804
8869 2395
7998 5422
502 397
2378 8942
5977 8729
777 6451
583 5536
2869 3280
5291 4613
8048 3200
4178 1625
8054 4617
1828 6615
1692 5844
5172 542
8541 2534
6795 290
6786 9134
8019 5765
6574 8719
6317 9010
3466 6499
4748 3569
7231 1598
2178 8153
4667 3355
6391 6968
7435 1792
5635 3200
9273 6694
4261 533
7659 8413
4745 2024
8179 7286
7879 7804
8488 8196
2597 2555
8626 9052
3609 7719
1503 6661
5524 1632
7607 2607
7658 3311
5086 1310
3838 7096
7475 5505
3844 663
276 4199
626 6534
668 8875
3253 3544
5083 3649
5799 9449
7053 4552
9410 1774
6738 5031
670 7855
1688 8629
674 8871
8600 7568
7032 4238
7264 5647
7473 4996
3853 5739
8417 2286
3767 2847
9186 918
8728 1388
7561 1769
7931 1829
1143 3174
9362 8223
65 87
9618 4925
7940 5537
3362 4577
100 5962
510 8231
3588 8941
3962 4036
824 8230
8957 2381
6668 6802
1601 9666
8157 8669
5613 2672
2065 5172
9526 952
110 9691
4838 472
2057 2952
7495 9067
3230 7470
6378 1735
4766 1507
9415 1903
3380 1598
4757 5976
2535 7594
4274 4708
9497 9010
4117 842
9413 5280
4109 2881
6231 6009
9472 228
3345 7053
8455 7927
4145 1994
1381 4650
490 4458
3027 587
3981 5835
6889 9621
1641 3731
192 8944
4571 9597
2923 5510
4709 668
4068 1641
7252 9651
8401 6597
2928 4784
7202 5165
5169 8686
8526 7613
1008 3129
5056 5864
7971 2531
4638 4338
8034 1386
3944 5580
591 5259
7354 8997
2738 2777
3101 510
5452 159
6462 8967
2854 7849
6808 580
7190 580
4090 7887
3019 5717
1669 9119
8142 5737
955 7189
6352 3362
2615 5083
20 1750
6847 1388
72 147
1243 8180
3285 7511
5196 1355
3671 502
6930 8829
7657 1355
6018 9174
9392 5903
8786 2139
3181 5056
2307 3871
8870 3618
5978 1223
7318 8041
130 2535
6197 4639
3709 9548
5683 5347
802 7855
5705 635
4385 6613
6592 2707
1550 2559
2478 8196
6468 9431
4226 5228
4727 7831
2310 3908
8134 4697
4358 5606
9529 7339
3389 1355
5638 1707
5076 928
1942 6462
6748 7783
8313 4060
4269 769
9087 2589
1528 5903
6500 6055
835 1375
7868 8786
4210 9333
8662 1893
8208 6889
368 5070
7764 6309
5343 7793
5996 7049
1214 9373
3087 368
5526 3363
9646 4727
3202 4046
699 5346
1238 116
8110 6237
6406 3577
2345 1600
9276 1841
5964 5970
705 3108
3063 2707
6601 8182
2888 4068
1326 9612
3239 883
8000 769
2454 6160
5509 9474
8636 2099
3910 2931
4038 4145
3470 8871
1714 1853
5316 3030
8808 5889
7978 2703
3947 4393
4196 7992
5928 2054
9060 3345
2237 9228
4741 7534
4278 7983
4684 3940
151 3559
4822 6179
2932 5280
4159 587
4525 5380
3424 6823
315 6433
3293 7924
5019 2513
3040 2578
4448 3173
8321 8475
5315 3071
9009 2749
4644 1988
1814 8418
5433 1460
2674 3228
8439 2382
3945 4877
4541 6737
2069 8552
2092 5118
5264 4145
661 2307
22 327
6505 3841
3172 4684
3697 9098
8183 1828
9545 3630
2098 4453
7249 7471
9182 542
7595 1562
3309 7658
6691 8557
3721 3064
8318 9136
3249 6567
574 7879
1869 4671
3790 3630
2941 7783
5691 9077
799 4051
2184 934
4778 6707
4957 1829
8284 70
4912 7964
105 6954
5967 192
8407 8446
7841 9717
4277 5492
8412 7638
6760 4311
4377 1602
4500 6160
5778 4787
6544 901
8513 661
1057 2055
318 55
9236 6352
3038 4497
2145 2729
7667 116
792 2917
4995 4358
3933 552
2919 7039
6229 3635
3491 8604
5848 29
7436 4090
525 1579
6108 3108
3792 3380
330 2520
7205 5579
4292 7917
9707 1507
9283 2849
246 1507
9331 891
6483 1648
4616 7189
634 1950
7795 3181
2257 4233
6015 6317
2741 6238
8280 6320
6999 4010
4373 5056
4597 5304
2483 7590
871 5165
5810 4437
9495 5520
8831 250
9211 1383
7390 7814
2485 965
121 2779
4262 617
8492 269
9040 4069
6020 6102
974 3122
2424 9554
5788 8617
6226 522
4793 9443
8803 3239
282 5891
5534 6378
5560 6597
1140 9273
4932 5811
2356 3596
5549 2407
2255 3577
7827 7286
2260 2264
8866 2055
3927 512
9476 1456
310 1732
7828 7326
9168 6103
4472 6560
2297 1635
7981 3647
6774 1617
9643 7190
6598 2847
3069 1395
4257 6638
5328 6309
103 1257
4868 7968
6035 9012
8398 6809
1789 7937
7331 6889
9568 8557
5001 8142
700 9486
4687 9252
9537 1510
726 6691
7847 5788
5600 4535
6135 5788
3072 7470
5684 4257
9328 2726
8205 2594
6032 807
3100 4644
1568 8866
4422 4084
7068 4760
1965 5681
5236 7420
973 8118
6538 8886
8819 1937
3890 3981
4221 6834
3313 8686
1910 8537
6170 6557
8346 1388
6489 269
5943 9217
1463 5580
1021 8746
1218 936
5937 8640
8930 2095
3932 826
8440 5299
2411 1338
6111 6512
2144 3613
5974 934
752 998
3795 4043
8018 6090
2034 1786
7467 5075
2866 880
4702 993
6501 4010
1760 5788
255 333
171 585
6732 7908
6910 516
4799 4804
8317 8828
6927 834
6770 8132
2565 9328
9346 5710
6714 4172
4991 5328
8606 2172
479 8928
8621 2768
2246 2826
1489 4616
7973 3723
8539 1499
4097 7697
6577 8018
7587 6020
5734 4141
2579 6717
407 6524
5670 6540
1294 892
3828 826
4627 2932
5809 3771
9623 9285
2394 7939
3905 4485
9660 22
4917 3228
5925 2286
3060 4996
8927 6097
8744 6577
4326 4648
9357 9378
195 856
3274 9660
2244 310
2224 4887
4788 8018
7758 2919
3542 4090
8648 228
6866 7972
8855 3479
3780 6406
8922 5992
4396 1512
9510 8321
9203 2380
1266 6544
5965 8023
9553 3602
5529 8687
572 937
4093 2726
890 9345
5232 516
2218 3526
6162 5031
6203 3592
420 9029
314 6814
6410 6238
7409 2639
287 8048
3977 145
1963 648
5914 214
6746 5774
5323 2931
8283 397
7532 209
3503 1277
3839 4541
7304 3200
7437 4577
9396 5550
1541 2952
26 3274
146 3964
978 9174
5131 8866
7882 2476
8159 7771
9377 2204
5465 6286
4944 7640
5071 5774
4425 7786
8986 7661
6591 6032
3170 5190
7576 8142
8872 6932
1347 7697
8945 5996
5555 9067
7086 1515
5538 6889
590 6102
7152 6408
7305 171
4224 5976
4951 2535
734 1347
818 6020
9179 323
1308 9695
6837 705
3782 3284
5706 8552
243 9553
1619 1677
6166 5157
5456 2597
6862 1223
2088 7603
6856 6433
2840 7068
5553 2916
805 4913
3481 354
1443 1477
7872 7933
6926 9182
9549 1897
3601 1584
3387 2014
1868 1456
44 1297
1422 7686
1776 9340
3344 3184
6400 73
2040 8511
1736 4199
1771 8401
9528 8218
3178 2281
809 6163
645 5691
3917 2
3836 890
8735 5799
4649 583
6254 2601
5853 1776
3705 436
9626 2828
940 5617
5813 6974
5636 284
797 5737
7885 243
4710 250
8450 5264
3412 3019
7207 9572
3809 5433
570 6261
394 6162
4351 901
9349 6304
7631 7154
6432 8057
5396 8699
5458 1789
5134 1064
2100 6959
943 7032
9350 2782
2727 1996
6917 3601
3891 580
1846 6782
1350 9494
1411 663
3525 8441
5756 6357
4376 8720
1357 6786
5947 8122
5245 145
7497 4784
5963 2099
1478 6910
7290 1575
745 4285
7172 782
9235 1545
1295 4663
6787 8485
9200 48
9592 8692
1167 420
1713 9287
201 554
2316 1804
1363 3767
8085 1105
5224 2044
2682 6143
4002 5887
5372 3369
1179 6681
2332 7470
6395 3715
1509 8498
8394 5992
9694 8034
6494 9490
566 3098
58 3455
7857 8048
7745 3671
7176 2661
2790 5855
4065 228
8344 6733
5183 8517
5435 998
1471 1836
1734 5887
8116 1625
3710 3844
3752 7039
5987 4533
4755 1550
2229 2139
5275 6237
793 5799
8863 1771
1521 5541
2710 2945
4443 7047
6147 2190
5994 5009
3418 6598
8929 2842
1376 3792
1118 6926
9629 1601
6981 1540
3870 1669
4507 7354
1402 9413
4031 8584
5495 7326
4911 7013
5796 6306
6581 110
2370 9633
2477 7305
6675 7318
9654 7845
2948 5291
3472 7760
9024 8831
4565 3838
5476 7409
6975 7109
1639 5737
6202 4697
467 104
1075 2982
9150 8648
584 4099
9595 2798
2613 1735
4070 8669
9293 231
8435 1499
3993 2297
6333 235
202 97
4553 5625
9142 3371
3893 6938
1618 73
2017 8567
3548 7534
8909 4431
7675 6512
1273 2376
9428 5248
7717 5785
5284 4631
2543 5351
7502 4270
2576 6304
8622 530
4456 8000
2699 9621
9321 5992
3739 4376
7386 9660
6436 4002
2646 5140
2540 2271
2659 3380
3433 524
5487 5190
1035 1639
402 5711
8457 171
223 7623
1607 9472
9541 3156
483 4437
1801 4984
7173 5505
3889 8831
9411 3703
6753 939
7753 9494
3599 835
6848 2576
6418 6837
6037 7437
9022 8646
4042 7153
9471 7760
2019 4113
9364 441
9499 3780
1441 993
8614 7405
814 7585
1936 3703
6884 5275
753 8551
9339 9323
9220 7721
2484 7321
1938 7132
2063 8142
9416 165
8109 73
7137 8443
9033 8018
3066 8716
1211 3066
6645 585
4478 7526
498 5070
1322 8383
2330 4767
916 7172
8598 7686
7021 3678
5592 2594
9334 4751
5551 2488
5108 6538
702 2581
1796 779
5915 2881
4191 6581
7028 1654
908 591
4675 3345
2295 795
800 5915
6324 233
6014 7837
6169 8869
8137 9694
8148 8375
1855 989
6531 1720
9336 3823
40 1897
7334 7395
1768 6880
1873 7613
4258 1471
5046 3227
9690 6356
7570 8061
4832 6438
6555 2421
5530 7872
5804 8085
6822 2910
4336 6162
4908 9718
203 9029
7853 9235
5255 2729
3091 1880
4187 5101
5024 4269
1455 9119
4608 4680
9005 8869
7514 4428
5336 8404
8565 3311
5104 4341
9095 7986
7198 3178
7999 2463
5004 6574
161 3962
2096 31
2630 580
1784 2069
3779 1091
5913 1789
7199 7211
5816 436
8643 4112
11 3839
915 9666
3118 1350
5933 6728
4645 2130
4769 233
3459 8829
3907 752
2834 519
3555 9142
2730 5199
4977 778
7458 1402
3385 1782
6128 9228
2400 4563
8760 6555
4318 8446
5727 940
3215 7366
9513 2183
3486 805
4891 4793
4721 7595
3833 2888
6900 5030
3144 2103
3743 3914
7904 7739
7884 1796
5059 2816
3220 2098
3992 2250
5802 130
3341 255
2796 8468
7958 3506
6303 2380
4136 6557
6708 3618
5731 3077
2423 3874
6916 570
7368 2014
5728 8880
7122 928
2123 2004
606 292
589 9123
900 7956
8759 6682
5513 9365
4732 7940
3518 8153
8111 1463
7767 3655
5408 8807
8076 756
4004 5604
1188 7096
3351 3083
6632 3380
6607 916
7040 4787
2912 8171
4028 4497
5434 1768
4397 8952
7575 7751
7963 3258
6590 6020
704 4769
2326 441
1544 2350
4364 3335
718 3061
304 279
6690 5731
4566 8561
1840 202
4918 8695
7995 6439
6393 2682
234 4571
673 3341
2399 2513
95 8413
6446 4278
8823 8218
9124 5715
3859 6086
8022 4977
6756 2967
2027 2707
413 269
3354 9186
5074 2183
8612 3184
5581 3060
3987 2906
1127 4485
291 1353
2005 8904
8913 5727
551 483
4692 7585
5920 1584
4074 1635
3012 3927
9466 5549
1176 4887
2319 4702
2545 8111
2985 6346
4858 2887
7044 8643
4735 8509
2328 1325
2361 4754
9147 7534
7735 7509
5598 2244
4830 7623
1418 4997
3950 1057
7684 4084
3633 9633
7413 8014
9319 7252
6611 8236
7263 4932
4164 5715
5826 2201
2053 3601
5129 2326
2744 3019
9295 845
5370 4995
289 1167
8314 3806
4135 7933
8518 1894
7463 4038
6262 3228
521 5848
8747 5444
5605 1273
6448 4042
1269 1200
5258 246
342 4679
2354 9283
5703 1600
4618 8183
7778 2063
3982 7027
8301 1197
8356 2173
2050 4692
7731 6324
8980 2316
5741 3380
2191 9313
5387 2424
2275 8098
6011 7847
2588 5705
3421 4396
4054 9060
6117 8664
7359 2659
5833 4908
4259 8440
6865 6597
4933 7771
7962 8699
3162 2095
8480 7339
8042 3944
2938 721
2422 7894
1230 7913
3953 3678
3858 6287
1733 2924
5307 2533
168 7663
3598 333
920 5245
4251 2424
8213 5903
6401 5720
6860 8230
2107 3844
1824 6254
8824 1200
2398 6577
7851 8957
1704 6860
9127 622
3997 5853
4633 645
4440 2679
601 4697
960 8820
5185 1654
2153 1422
568 871
2021 233
931 6262
8029 7420
725 845
3070 7570
4436 993
7946 2027
2562 2977
5289 7055
5789 7025
7241 4709
8709 6699
8108 1767
5655 939
6875 4421
4492 8190
638 7217
9002 3117
7090 6351
7188 2582
5214 8365
5025 848
6205 3569
6211 5581
2462 6261
4094 8600
4842 2582
1281 6501
8603 3728
1594 8475
1629 4278
6660 795
9658 8369
771 8053
8380 2844
7104 5539
4561 5946
2758 936
7234 9666
32 1509
8892 7457
5493 921
8035 8513
8487 4597
8742 2103
2443 171
8256 3072
2900 1150
4916 6135
1398 6108
3808 3710
1864 2302
277 5019
4572 8369
6948 2398
5446 1514
2839 4675
2821 3977
7521 554
3677 8686
5955 450
6394 1540
4404 8669
5997 7771
555 3677
7792 290
3165 993
8999 8236
6924 4292
7584 3962
6516 1422
5875 8537
1876 4955
7415 9337
6399 761
9500 128
5899 8495
8209 1321
9452 4793
1370 5539
2181 4747
3132 5418
6965 3040
7323 2486
6165 3144
7619 3705
3580 7917
6012 5078
7239 2423
357 2513
2973 2783
76 163
412 8357
5237 5395
3768 4830
9444 771
6596 3165
9539 2811
2696 1589
3396 709
5477 824
2541 5031
9361 3122
5376 8620
2539 8417
4329 4957
1220 4376
1279 1294
7388 1550
1446 2257
2078 1684
8608 8075
3988 7715
5096 6346
187 8517
6820 2991
3911 6097
822 6835
9560 2295
336 758
4536 2005
7788 7304
3149 4672
8730 6894
1553 6116
2235 9427
5759 5354
5623 3470
6120 9073
6030 2350
5367 4190
6142 467
6326 2055
493 1950
4207 8541
5570 3313
8386 121
6250 1917
1670 1784
6402 8819
2375 4329
9509 5994
6321 5056
6247 4694
820 2613
8885 5078
8181 4093
8163 8893
42 7809
1251 9442
5923 40
7712 8980
8472 7686
4818 6140
7373 7470
3347 2768
9001 5375
351 153
6768 3243
8335 663
1668 7032
1849 8534
5651 57
3086 5655
4110 2478
5663 5712
9566 3705
2120 5789
8206 299
5787 6616
9053 9494
2662 663
8322 9129
8377 5185
5945 3117
4111 7546
7862 9626
1314 8693
4412 3808
1761 8209
3261 940
3759 5811
6743 1388
3235 2332
4821 2727
1620 2888
8150 758
9225 2183
4286 9383
5886 6142
3684 134
2960 4090
8599 9164
1171 2394
957 7865
4045 532
8845 6500
1494 9029
5365 1786
9533 5214
2261 6924
794 326
5142 991
1018 8418
8416 9553
2294 9416
9195 5004
3851 8603
7345 4685
1495 4133
4698 4629
9078 6601
5357 2103
7461 8747
2550 2996
8421 6507
7854 8118
1054 4913
9157 5497
5065 805
2874 4091
4923 591
1959 4957
150 8130
9498 5145
6790 4908
2080 8659
1929 2597
6608 908
2210 3165
2619 7086
259 2842
7243 3156
7349 6981
465 4462
672 1171
5377 3997
697 3412
2692 4565
9021 5491
7647 4745
5211 5765
3186 883
6285 9611
5842 2534
4681 3970
4779 5839
136 9474
4228 7978
4744 6726
5586 1035
166 6026
2739 4336
8750 542
9445 7596
3364 6894
1250 7786
1365 7927
6936 5642
6415 6677
492 2977
2728 4477
5300 4755
8810 7241
2495 243
1053 1645
6043 6312
730 5269
6029 9078
9189 5316
3750 6472
8005 9217
5877 8747
459 3838
2860 7594
2242 910
8396 7752
5668 5456
4408 7795
9475 5191
3000 2558
4015 5739
7071 4881
1990 5354
4873 819
2059 4655
2089 8317
6463 3611
1765 5387
6988 5889
302 809
5585 8300
6931 5913
1898 3313
4305 3083
6220 5690
229 6358
396 3520
4303 3621
6579 9334
6775 6726
747 7514
199 1209
2064 8712
1123 6904
7046 9539
7098 3149
4105 498
3822 2037
6314 2380
2240 6133
3487 3466
4266 4453
2886 1804
3898 8643
6246 49
677 8981
8047 9408
7371 4435
3322 8643
8212 8746
1228 9208
961 4135
2964 3853
2808 6140
3147 6535
6292 6975
750 4172
7965 2540
8996 9669
7951 6965
387 4185
4910 1037
5767 4821
9120 5378
3883 9317
8043 8159
2723 9127
6491 2642
7466 6012
3722 3613
8422 1182
3478 163
4505 5750
1045 4754
4100 4136
3053 2304
6215 6385
8702 6150
2087 6567
1497 4937
2621 8990
188 8286
1496 1672
3164 2705
7729 2782
4968 7762
1190 2763
9023 2957
7635 6599
242 9264
6258 542
5701 203
4623 7435
7340 800
4170 3530
9219 5248
3394 2089
5548 3767
5113 3239
7669 2730
7516 1774
9170 8418
7819 8509
7633 1411
9496 3156
7312 2021
5921 7290
6259 9339
6186 962
3688 5775
8722 5691
442 9317
2452 290
6821 9042
9676 1334
9118 5828
3153 6661
7100 4638
6846 6616
52 7485
3915 9208
7791 7467
6153 2820
2043 2956
455 4219
5876 9572
8119 1714
813 2553
8757 5710
7008 568
3627 5208
6701 6936
1085 4913
4108 2831
1199 8930
4469 9321
5207 7534
247 3642
9190 3787
9371 7090
5506 6656
6434 1648
2013 1303
2890 330
1691 7163
9091 6540
4498 6197
4189 750
5227 2384
7274 8317
8308 9476
9332 1840
3358 2294
6063 352
9418 8292
9536 2402
5662 4565
3717 1550
7614 8412
4985 8300
8451 6920
334 891
3658 4917
1289 7745
9113 6201
627 2099
4447 6351
7597 744
1925 2190
4220 798
6158 1205
9221 880
5578 1617
5085 1625
7169 6982
885 9466
7429 1269
8501 9595
790 3470
5088 4767
7456 42
5862 6186
7611 1600
4014 323
8367 3627
501 3472
267 6410
1885 5515
6695 467
8298 9134
238 5524
219 1740
1722 2758
2519 3066
7936 2455
7230 2171
3974 7173
1439 2319
972 2145
1042 8831
3185 2328
4125 872
503 8256
2502 6128
7677 549
9702 4038
8046 1045
7299 6321
6370 7884
1901 6494
2418 9002
8040 6276
4740 6102
1822 2985
1927 6579
438 7809
1798 194
6227 845
5544 4159
8780 200
120 5491
2086 6186
1453 2310
3212 9490
7993 1143
5229 1988
6089 402
7493 1335
1031 5864
7798 7337
38 5106
3480 7445
7072 6889
5345 5106
448 2292
3852 2821
8207 8317
3744 7437
1015 8501
3095 8808
5591 136
2583 3164
4723 7723
5331 7340
9543 9113
8197 3354
5077 2328
7382 8134
5391 8757
3127 6707
3120 4985
6523 1331
8486 3871
6114 4727
8888 9009
7342 438
9473 9011
5155 234
1908 1535
6519 3557
7929 3169
9485 2512
6033 4112
3497 7570
6881 4436
4272 6147
4121 8426
7442 5227
3670 6358
421 357
6741 2286
8536 583
1878 1259
9270 2466
6807 6219
8254 1412
3584 6211
7316 795
3302 328
7706 709
1309 1795
257 8724
5958 5623
7075 6948
1827 3750
1148 4633
6260 554
8993 4036
2256 9568
893 6468
1440 9313
4549 7339
3770 7479
656 465
1947 9460
8229 7887
2033 5473
8129 3170
6334 5214
1248 219
414 6446
8601 6610
3225 7003
5349 1514
6481 7283
5125 7882
639 4195
1847 7514
4524 1325
2934 7721
2413 3063
2903 3470
7036 8871
3303 9647
6366 5538
7184 6184
7504 4286
9351 3248
3582 3121
3260 8336
5716 2626
624 3145
8007 1827
3090 5326
295 4932
3464 3722
8279 5279
8975 9052
2947 4187
6343 6717
2238 6469
625 2069
3237 3946
3331 247
1224 2139
7574 7888
5744 6884
433 7098
1659 3639
6101 9597
3013 8194
3589 9178
5936 3406
1345 1723
8343 7954
2921 5644
3107 8203
4249 6938
6424 7060
8809 4233
3640 756
2138 2235
7468 7040
7864 1885
964 8986
3784 9175
1741 4385
1219 1251
8619 4524
5808 4448
7599 8247
6911 6356
8073 3322
2837 301
1005 6143
7444 3559
2552 2104
2197 9683
5462 6717
2230 9373
5824 705
6299 9201
4095 3915
3289 5316
5823 2630
2787 2476
7262 6660
4714 2443
82 95
6099 1247
9003 4125
7608 7594
3251 1996
5044 2813
4867 6865
2848 9332
2342 6203
305 3570
4628 921
3319 3530
6479 8376
9054 7712
4982 147
9104 2201
4490 430
2715 6866
2258 8664
4774 2107
9187 7969
362 2098
1705 1466
8964 4723
4592 8750
8954 1509
6256 4084
7627 9325
4342 7964
6876 3230
8269 998
855 4031
6606 5307
8177 5258
6990 4187
8265 7845
8067 7241
8425 6675
6562 1376
6964 7104
5206 6120
1591 2295
5745 1386
3755 70
7765 309
9107 7865
6024 9565
5559 7561
8523 3582
5697 8394
1385 7755
332 9371
3785 8014
7722 4616
4012 3008
9672 7071
7181 1853
7156 2682
3265 1824
9366 3200
8147 5058
8387 2139
5847 8022
491 2553
5276 7575
4354 9337
9326 7677
9292 5738
5035 7697
6628 3461
225 6601
4972 6500
3504 4014
2794 5853
3878 5380
4994 8123
987 2905
8482 9066
9262 6318
995 9313
7668 6846
2329 6748
6152 7999
6036 3569
592 4639
8908 7003
1144 6393
5037 238
9184 6452
6818 3838
8351 7576
3899 9174
6700 1639
1147 8885
7250 8455
7455 855
4860 566
1112 1694
9257 8440
239 6244
4843 8450
8219 8537
8860 6163
5111 8286
7310 7958
5223 8047
5100 594
5610 7283
2231 165
5215 3580
8616 7898
1101 2340
562 9643
7 1333
8106 964
9096 2394
6957 4432
9238 6772
6952 9219
1557 1140
7317 2224
5020 6260
4990 6188
3001 5998
7138 4577
9586 4191
1360 5430
4557 9211
463 9404
1678 5018
8794 9425
6000 8941
3761 3311
9254 7003
6713 7854
4044 3253
2070 169
7432 8229
500 4195
7031 7758
843 9473
4457 7173
5626 709
337 887
5676 4957
7204 3040
2494 5570
1964 7888
5297 6243
9440 2964
767 8417
4441 2399
9216 9116
9204 2494
8198 4117
3194 7755
9607 318
9538 4081
8173 4571
6944 8802
248 3258
3050 1705
1351 9498
6004 4259
5531 3846
6382 29
5960 3012
2223 2615
6648 3376
8618 1389
7545 555
3136 4754
621 8108
4321 6729
1738 5623
189 8177
3813 4507
9577 147
7344 413
4642 6343
1556 2422
6604 2320
4243 704
1027 3463
4350 4669
9234 3581
6558 9719
8574 5123
1874 4972
5079 5978
879 1533
466 3526
9519 9096
1136 9690
558 8383
4360 5284
7548 5787
1316 1628
8160 1262
190 8809
5688 4286
485 4832
2481 3810
8910 1499
8052 387
5337 9416
6588 6251
9516 6128
4901 4549
1842 9494
5755 1541
9585 7914
1087 9273
9061 2644
6533 3947
9367 2411
3171 490
8876 7677
5162 9437
5084 5411
6686 8085
9465 6186
1675 4617
2851 7596
8530 5377
2508 3809
2187 4452
6130 4887
8918 8523
6319 2839
4953 3528
5869 5004
8466 9695
2863 8937
2344 9224
3333 7152
3017 5430
4607 7258
5342 7249
5152 820
4518 3258
7610 4211
2746 8619
4651 65
7506 5269
7897 2037
539 3237
2784 8205
682 1860
3854 3846
6789 5030
2324 5967
7017 4408
927 6055
3278 8050
5931 3730
5603 4461
3996 4655
1083 7914
7583 936
5763 246
6198 7069
4006 7339
7285 8981
1178 533
3541 5750
83 8058
9649 7445
8363 7252
8433 4334
7805 7317
507 4615
1573 2370
3994 5731
355 9383
4064 1462
3252 3953
9463 1878
6654 2481
3191 2768
1851 976
5482 165
2800 3244
7065 617
5249 2686
3610 6229
8409 7612
445 6215
4516 6645
1044 8249
9461 8236
2182 7420
3290 9116
7175 4452
7273 7882
3666 6608
4323 8742
8758 5235
6525 710
6563 6760
2876 2710
4027 3333
281 9476
5016 2165
4942 8735
471 1948
3452 397
1896 7584
5608 8241
8362 4111
7501 8421
6584 9658
8244 8866
7875 7318
1606 8597
164 6319
4202 6638
4878 156
5849 3853
266 3795
4139 5343
5428 2777
3217 2619
5292 5081
9097 413
2270 7040
2406 3626
7685 5607
5445 820
9544 8860
329 7305
4988 2063
5587 5361
7469 7612
7139 2057
2363 3808
9535 6534
3811 3122
3112 7963
4894 3017
1099 2336
6098 6733
4992 6786
8624 2794
2464 2934
9289 6414
8310 7273
5034 6875
9489 9577
7148 5520
6572 8999
5124 4461
6003 4856
770 6401
8777 2458
285 5683
8259 6130
379 4079
6851 1762
5571 9258
3952 8050
963 5792
9419 2292
7531 330
1491 4525
3536 7675
2882 8023
5115 3394
7484 2181
4131 4745
1695 9258
6983 8375
5062 8182
3231 4754
612 4400
1865 1929
2290 4923
4263 7040
846 6090
8843 1723
3556 3768
4963 8526
5984 3677
2492 7675
5353 2132
411 5075
8331 4505
6457 1633
19 4199
7293 3114
7012 8955
895 9346
2610 359
6863 7998
6642 8640
1585 5004
6769 4210
2279 7098
4938 6087
7236 8054
2926 3678
5498 2906
1500 5591
1852 7597
1778 2065
419 9168
5393 1762
8545 1824
8628 7764
1404 8759
1447 459
7991 1851
7769 4199
9141 1076
8976 1015
4978 8076
1438 1218
9587 2095
637 7305
5330 7905
5271 4702
2569 5907
3824 9697
8017 4747
6543 1596
89 9585
9505 1584
1558 8884
6176 4431
35 2844
7253 7661
5754 1218
8189 3313
3135 2380
9680 1798
4169 516
3623 5848
1991 813
4763 1385
1343 4993
9245 4830
821 9167
4455 4342
8762 8945
8354 5690
6652 9182
5893 2565
1970 4992
4392 4431
1911 3091
232 771
9284 7090
3901 6097
4062 164
8294 138
9230 2586
4693 4172
1729 8098
1344 2740
9455 233
3753 498
1934 6031
6444 5056
6242 5192
5209 4385
183 9383
2202 584
7452 412
7297 3174
6136 3424
6409 1845
5821 9334
881 3811
4936 7516
3942 5403
4192 5266
4204 7132
8792 3371
7062 413
5186 7044
14 8435
5843 5752
8460 2895
9158 1707
6181 2957
6763 3728
1711 8336
2155 8860
8627 2173
9430 8935
3983 8354
2129 6920
7294 6590
6902 1911
3673 3715
1276 4070
791 8173
803 5199
2323 8398
3690 3639
2179 7463
5069 1365
27 2854
8989 7263
6067 9332
1472 3813
5427 8189
643 56
9645 3376
1202 1415
8738 7064
9128 960
8879 901
263 2587
7407 6314
3476 9718
8021 5520
9417 617
316 2406
9092 6153
4909 800
5830 8284
7095 4173
903 4165
3561 3588
7642 7055
6663 1341
5781 7122
7891 3349
3754 4957
4265 584
5415 7467
8083 3907
9613 4550
8842 2734
2352 7442
6471 1635
4041 700
2680 55
3373 8042
3188 156
4612 6242
8242 6131
4641 4069
4514 4938
4384 6964
1747 637
8227 46
6144 6892
8575 4639
1797 6604
2011 7437
2475 3753
5012 6970
5624 6681
6984 1317
2593 5477
7011 17
3002 1535
3906 3718
7749 6574
1399 4572
6657 4710
6178 1760
5302 6031
7113 4266
5757 121
4573 8780
8146 5477
6671 8254
5941 4645
5413 9456
6355 6975
2117 5118
2114 1545
8175 7583
8529 7293
9206 5336
4198 6935
6824 2455
2409 7290
9045 6015
1838 6009
6908 5792
6827 9707
6441 5415
9249 4490
3045 1903
6570 4070
4056 6787
5457 1316
6672 277
1802 4608
6449 1646
9382 7346
60 5843
2331 5172
6208 5824
8946 8182
7140 3333
8465 5498
788 1526
9081 8942
1501 5670
5601 2586
1730 6296
5733 2204
2608 3331
662 4679
5038 9321
716 1664
8755 8280
8633 5191
6939 1348
1050 1496
3857 8831
5719 276
5656 3739
3887 1947
4319 6176
4085 6726
8060 1347
6972 128
1779 5843
6679 6807
2085 1344
3966 2320
8217 4832
4874 7493
4736 5343
4764 7972
9682 7435
1117 161
8082 9538
4174 7205
8768 1707
262 5113
6845 2578
3340 5877
2188 3526
8799 7409
7261 7349
123 5071
8680 1697
2049 6250
4029 7137
5003 5183
868 1295
5812 6910
7381 4882
5033 2478
7166 9283
2920 2202
7711 1873
3146 981
3342 2279
6106 9044
3512 7304
3636 554
3177 4507
4446 7872
2274 4770
6476 5370
8506 8294
9288 6640
3058 7436
7232 1294
6228 885
3578 266
5768 5720
34 5858
416 2884
8891 9207
3716 830
7618 8038
5105 235
4691 752
2093 5506
8 949
1931 2540
4954 4970
1844 6412
8933 3486
241 3506
4824 4878
9047 4265
1089 8418
1272 4909
4574 1786
6039 2084
5972 397
7873 5632
5661 5075
2450 5810
1060 1087
8201 5843
6553 4938
696 281
3020 1060
3509 3178
7130 6782
4966 4652
7734 2952
1239 2782
5709 4485
5643 3278
5364 656
3801 4226
2031 2279
3462 3923
2471 965
8727 2091
3037 1747
3097 8038
2667 7936
926 8659
9619 6747
1763 9410
4357 3265
2039 5034
3279 9095
90 2319
4722 769
5518 2957
914 5291
7984 5743
7206 3002
335 6835
3793 2421
1785 3694
8090 5598
9390 6846
5163 5591
4935 9249
7810 4738
1546 7772
3834 7561
8353 4633
3999 4645
5121 9619
6623 1350
2918 6936
9030 8416
3732 4608
9721 8219
9441 6028
4864 1021
5392 6346
5521 4573
4378 7531
932 4941
5724 2703
129 9597
7850 9672
256 6452
9344 4916
5436 60
230 3409
8049 188
3814 7828
9132 5375
8972 2034
6077 416
68 493
5453 6965
664 6108
6083 8197
9253 4172
3696 6890
4795 1085
3157 1314
9722 4069
3222 6592
8563 2608
3742 5345
6217 6296
51 8472
9400 1307
4626 7707
2591 7837
2280 4978
5049 1422
5870 8450
9019 7501
8299 6617
149 7707
2845 1492
7315 3242
2025 2519
7902 3525
9014 3636
3232 668
2838 166
1611 8019
8263 1607
3763 7444
1268 6355
7524 8294
4309 8163
1634 2478
428 3853
6971 8892
5514 3453
2737 7075
69 2849
5682 121
4476 3333
8262 2811
2805 2294
6112 3220
1759 2471
9244 2332
7741 7585
1999 7484
1980 4556
8962 9369
6353 3615
6431 1447
8372 5812
3286 2411
4107 5994
1887 532
6332 6205
1725 5267
5217 452
6793 9498
1122 4955
482 2454
5673 2895
4120 5121
5310 9116
372 8687
9043 7011
6561 1205
3383 4141
1203 8954
5449 807
7107 9553
6612 2779
2359 8487
659 7972
2124 7574
1758 5102
1809 960
478 6846
6796 3771
7052 7362
7174 8218
127 2235
7254 2332
838 9150
5052 2492
1284 4940
3959 3411
5425 9418
7938 1970
2277 4350
4711 3038
5852 3512
6702 5336
5794 8891
2574 9257
1120 5787
5050 3836
8170 4884
6509 8130
7650 313
8350 2280
1177 3748
9006 830
7604 396
395 957
1739 8465
8373 7205
2721 7512
1662 5343
6474 9510
8013 8360
3975 3389
363 8750
3155 1746
3214 4398
1772 2744
1180 2359
9614 6563
6281 1738
4381 5056
1134 407
9050 4221
7900 1321
6288 1182
3074 1750
7248 9248
8900 5848
8389 203
4423 1099
2386 9021
5187 7165
8594 4528
7076 6229
9376 7667
2118 2553
9069 2031
4337 2895
7552 7992
9156 4081
2914 8135
588 5050
6967 28
1516 5224
1210 9184
6858 6292
7510 6474
3043 2200
4601 7321
6813 936
7560 4189
4390 5271
611 7096
9574 3515
6548 5407
6270 9383
7006 6208
1685 7122
1221 5211
3493 3341
9181 9672
4517 9577
766 6889
2038 4736
5959 530
3863 381
4059 9164
9532 5058
5397 4732
7925 949
1069 2696
375 5970
2276 1050
6417 5157
520 1598
8448 4713
6341 5548
8471 3424
4410 4951
6849 9111
8309 7354
8708 3231
8770 885
7702 5609
5013 4187
1290 7140
9604 4996
7038 1203
2056 6306
8033 4109
3207 7925
1780 2308
5114 6523
3403 999
1007 7798
3571 1947
392 8946
1587 4158
4312 8702
9409 8821
245 5931
1895 4525
6316 4708
1226 2370
2417 6097
439 9604
4098 3157
9282 7286
7477 1798
3241 9434
1406 705
4316 222
9108 6544
3276 936
2305 6649
6977 9173
3485 5021
1258 9264
9631 2888
4752 1344
7799 7200
1679 6392
3938 9069
8479 1096
4167 2607
8650 8090
1172 4868
2694 4170
954 3506
9684 6501
2052 951
5181 8279
4700 1880
641 3923
8817 5816
3384 835
2101 6409
2817 7954
7674 793
1362 9086
6997 5307
2566 91
4900 6678
8635 1694
8977 87
8012 4442
8405 2356
2769 5453
840 4031
2665 5325
2420 3836
749 4684
1032 4535
6298 4557
1811 1417
7634 9440
1346 1412
7364 120
2233 9003
1421 1804
6177 6822
4930 974
8654 4437
2788 8706
3869 4190
2894 4047
2892 9206
109 9362
6758 9657
9542 5085
5117 4992
6138 420
2061 3863
9591 5069
1879 4665
1975 5342
8637 939
8734 851
935 8757
4267 467
7422 5848
4048 7122
2725 8879
7398 7650
3835 5891
3978 3083
179 3888
4546 6591
3088 9009
2891 9020
4790 354
7108 2777
783 8935
2300 2295
1756 3647
7185 964
7763 6957
3005 2197
2048 6070
6511 6809
2167 1784
23 8240
4075 3154
1323 4654
7048 7070
3865 147
8391 7994
5383 3501
2199 4873
9395 6301
9685 5624
2404 710
6155 2173
382 5346
2140 410
2377 9376
3791 4767
3475 3682
4768 6977
8408 9206
8682 5056
1142 4631
6442 682
1135 3331
6692 4787
1966 4341
2245 4644
984 5316
6725 3996
4352 461
9233 2837
1427 9234
6618 2166
2509 2574
2337 7715
3741 8807
3416 8085
7157 8299
7977 5682
6819 4490
2496 6116
2365 2749
9352 4628
511 34
4379 7993
6721 8828
1992 2610
4383 1584
7800 6824
1823 2243
8089 5012
9064 8608
1807 2188
2570 4639
3295 6177
5298 9040
3523 8079
8527 5211
3068 5049
5905 6198
5098 1739
1799 2350
7063 9500
8097 9351
6873 9001
1372 7274
8489 8829
6537 9293
1256 7706
3015 1455
3140 7575
1319 7956
6367 8860
8524 1188
8093 565
6223 48
7641 2746
8917 2179
320 7456
4831 6081
9675 566
4118 4675
7081 2991
4299 510
9385 5373
8026 8575
4223 5549
958 8571
5461 2407
9479 8674
6998 2787
7428 7036
9547 9014
2427 8541
3051 3610
2802 4318
2115 3169
3336 2204
8696 1575
2669 3863
600 7522
1420 5941
140 1314
1017 6401
4273 432
6330 2705
7609 7597
1476 8300
5374 9336
1536 3865
2714 1057
8027 9189
6473 5745
6241 348
391 1142
3706 3945
5593 6729
469 1811
8847 9654
6273 3525
1857 5855
2990 6638
5064 542
858 1733
85 7070
2368 2811
1162 5024
7730 1415
1655 1310
7226 7322
3382 3879
6154 5487
6510 5604
8815 2705
2573 661
7085 223
945 3828
7710 3503
683 7315
8630 9519
6914 8728
9239 9526
1449 3352
1590 7675
7876 4648
260 5716
1850 8471
8684 5364
1051 4566
8332 5165
1534 8846
9583 2545
5244 6039
4846 4623
3524 8190
6619 580
4945 8768
3432 4518
4813 299
1156 3314
2254 6270
7892 4228
9102 6548
1487 4373
2060 1105
6425 9371
6754 5299
3440 3127
9007 2887
8951 2201
3183 8292
7300 8421
2194 1967
2322 8989
7665 2758
7393 1499
4255 7764
8568 6024
9458 7504
7417 2181
1428 9539
6891 2233
9650 18
6727 185
7125 8079
6508 8180
6506 2324
8521 3592
1872 4002
7537 3077
506 6892
3203 5697
2287 7040
9048 2903
4252 3360
1627 6029
7000 5038
5633 9337
9049 7804
4214 9206
4866 3750
59 3835
1094 256
6785 1509
4234 7908
2079 5945
8645 4002
7220 890
6430 6511
4480 8030
5695 7049
6377 5150
6218 6392
7124 2779
3032 2424
897 5907
780 7634
3638 1611
6331 9461
6731 4198
5892 1444
139 6229
8609 7976
8984 4533
6704 6879
5658 7799
6363 3671
8905 9705
6080 7469
2713 753
9692 3830
5144 3806
1231 1629
713 1795
7213 9168
8496 4933
8689 1761
740 6415
6110 7435
1690 6632
1916 8219
2177 7711
2878 3169
575 4480
6398 1947
8095 1360
8827 511
3861 8831
1884 4004
5443 5843
378 6030
2657 1820
5303 8085
2041 7312
688 4991
577 2100
2122 5604
5278 4497
8769 3627
6022 5064
1660 3997
3304 2459
9602 1322
1755 5493
6646 4030
4053 2039
7414 9037
7974 6862
6637 9087
5950 3655
6689 1365
5405 3824
7030 3331
5277 5903
389 6569
665 7537
9256 2443
7404 5436
7816 5165
4160 5601
2430 6577
9609 4442
2472 9242
7592 5020
6810 304
8761 897
9481 5673
7391 3752
3113 1807
6575 700
3850 7662
884 3647
9212 4437
1387 5544
303 7393
1174 8680
7149 4988
5029 9025
4587 3243
3539 3482
9032 1395
3397 4224
7360 9494
8544 2558
8303 6223
5532 3698
1394 8346
2554 955
3430 3597
7482 5346
3431 663
2797 1143
7161 1499
1296 3792
321 6900
5747 4252
7985 9287
9269 2509
1613 1822
7886 1575
2775 6170
4865 2025
8143 9435
7058 3248
2687 6646
1403 940
9304 7879
126 7306
1484 6276
2959 125
9291 3172
2611 5037
2704 1677
2883 1550
5897 7876
8623 8976
7801 2478
1001 8343
3437 8747
6069 1992
3444 4694
7513 9321
3510 3828
2632 6769
3075 9574
7439 9340
5194 2587
2745 346
8192 8259
7775 1688
8832 7981
2911 3027
8783 2183
1978 3352
1941 238
8025 8116
3326 4941
1298 8154
1425 348
8731 6702
9670 7662
4870 962
3719 7796
7387 525
8811 7765
193 5811
5594 6319
404 2846
9588 7752
398 5292
8833 2746
2868 6424
7228 7880
5574 6238
4144 9414
8202 9533
9163 6481
2465 612
2762 1611
7747 9463
4426 5875
4 28
1082 1256
7235 9702
5627 7819
4699 1005
9110 7734
9581 2918
9432 4911
2312 5963
5156 6509
527 5001
2431 2982
3269 6218
8103 502
6989 1404
642 3597
5273 4136
8328 1740
7558 4886
3600 7191
8055 7232
6868 4500
8775 7827
43 4377
2908 6472
6379 8635
6745 2255
2349 140
8238 9244
9076 7845
9041 2257
1919 5738
517 3647
5467 7636
7309 187
7210 7650
2252 6989
602 9499
9508 6471
5286 7640
6060 8163
6059 2608
8531 935
3832 5101
7737 5830
2396 8090
6151 4710
8963 6524
3692 9002
6513 2297
4016 9257
8004 2884
1609 3509
3856 1228
9213 3406
6870 8760
7329 9544
7515 4477
6484 5810
45 404
2756 3153
6159 3293
3116 5482
894 6591
6803 9690
3451 150
1899 2284
480 4398
3141 8142
1291 2386
5340 5261
8873 4074
5362 9270
862 503
369 6218
8835 9064
4564 3901
7553 199
9027 7475
9237 4928
9571 2021
1459 3772
8224 6122
8390 7684
4998 7514
8453 3479
2358 2104
425 5381
1030 6004
3044 6786
526 3723
5250 1298
8902 6810
7639 3341
1940 1691
345 375
5867 7367
1451 8398
3972 8490
2164 3706
3498 4998
8145 8965
6919 1335
9296 4994
523 2614
5940 2657
2634 4937
515 4326
8115 2714
3417 21
7975 7633
9678 9170
5421 8344
1361 6786
2786 6446
2369 9035
4486 6547
3707 311
5639 1761
7102 4226
2066 3239
5313 1789
6817 8944
4176 5375
2664 5207
1233 2583
7582 352
4188 8090
3102 1343
6622 621
6335 5996
9172 3910
5686 4911
2859 5895
6923 1729
7947 7156
1640 9643
1549 1644
1391 3444
1342 8344
1106 2129
5749 2122
7147 5768
8267 3314
9534 2430
7399 1556
1565 9186
2684 6891
7580 9002
9576 761
8165 8809
7903 8377
5900 9543
4427 289
854 8761
2698 5245
9530 1786
1318 9142
7377 7549
2637 5169
6896 6330
7270 1917
1244 8242
3695 1341
7644 2446
5866 3823
1253 3953
4590 926
1935 6198
1985 8889
4503 4211
9518 8884
5979 7205
2097 2280
249 2562
5971 5374
5371 9553
9655 2586
6240 5608
6275 7036
3586 9317
7480 7180
7664 6483
7402 8689
2385 5579
6145 3029
8725 957
2468 5535
3937 4763
7170 2327
5332 1310
6842 5077
8131 1064
6893 6955
1246 7493
1867 6555
5861 4651
2995 523
1719 2973
4726 209
6374 515
4987 1704
3881 3418
3443 7121
4841 883
6602 7778
4661 8809
6134 8033
9567 9053
2633 5958
5290 1446
2211 665
5595 1840
9263 2800
377 6637
7870 5487
3377 4742
1488 1540
9470 5017
9514 9248
3211 2893
5333 6312
6559 1750
8610 9426
5474 5367
2757 3801
4359 5377
6054 8435
1907 2726
529 6169
8961 1713
9353 7870
4163 3809
4554 1190
7001 6714
3507 6165
9261 6679
4849 8049
8470 818
8068 5444
1282 2492
4719 375
5011 8274
7056 1762
8844 3486
7518 1091
1818 3732
6390 2947
2068 6248
1667 4485
712 7304
7934 7697
2228 465
3021 5250
711 3935
7022 4910
3151 6457
6121 648
4725 5711
8273 3336
8120 8832
6953 9611
5678 7086
2983 5835
7194 1155
1137 7377
2719 4308
9386 6729
9506 5788
2709 1398
8754 3127
9355 9419
4547 3320
7464 9609
8859 7933
5758 299
1465 9043
3182 8760
6874 5862
6634 4432
4180 7563
514 9430
7141 9228
5674 1677
2736 260
8723 4705
919 5267
4520 6874
4310 6201
5569 8900
9562 5569
1072 1822
7302 7746
2875 4985
4063 5411
8388 2261
9557 26
5669 7210
2592 6774
3585 3241
9356 9609
1726 459
7970 5889
133 1540
4082 134
1682 6574
3159 5844
9348 1451
5543 6754
8347 1261
1803 407
6386 1198
7944 7159
5431 6304
4964 5886
5414 3053
1222 3859
3450 2586
1790 7406
71 3440
37 6285
1097 3695
1671 9333
8737 8359
7320 8099
6454 1879
8151 7028
6056 5977
3438 8375
7740 5399
6209 2956
4578 8421
1661 2570
30 7213
8164 8014
3143 4099
1826 2003
3686 436
2871 1008
7787 4965
8540 7796
692 8604
7577 1335
762 4901
1658 8083
2635 7283
1166 990
5222 5619
3209 6433
7757 6860
4394 7413
1328 5812
6593 1417
8694 2875
3740 6478
5041 4793
8683 8026
9199 6900
8016 5524
6225 6819
5182 7614
613 5853
607 7198
1956 1307
1623 4246
5317 7085
8438 6114
4444 266
8056 1811
3346 9526
5193 5510
3368 3472
2473 1729
8791 3458
8665 2231
2393 1078
7820 8408
6289 9691
418 6385
6751 5088
2989 4238
9101 4854
9617 2070
671 1726
5042 921
2944 3213
693 5571
784 8197
630 4048
1232 8480
8467 7437
5202 2108
2735 8346
5618 2056
6456 8990
2419 8183
8579 4552
1520 4645
2526 3335
605 4139
9661 4310
7026 6584
1930 6721
1995 5518
6752 333
154 7511
3930 4841
6934 377
7385 5083
1429 6537
9315 9648
5384 5244
6021 4678
1745 8229
9584 3861
6255 3765
9708 762
5883 9367
4934 4473
6467 9081
5575 9061
2516 1432
8476 4185
499 7763
204 4084
7807 2659
2525 368
9579 2421
5409 5214
5490 4719
5517 6075
2612 7747
8657 5050
4538 4323
7193 1211
2438 7359
3943 7067
8204 674
3052 1250
1637 7892
3629 8090
7540 4085
5122 450
1074 3045
4696 5084
6354 9095
5991 4422
1175 9372
206 1818
8069 7584
9046 6939
5742 4267
4166 2378
9447 1784
8733 6788
9469 8294
6585 5808
2000 7745
4959 1677
1435 7323
6740 8681
8345 1625
528 9027
2119 4474
3758 2119
9436 5277
142 6305
6595 8829
896 2271
994 1619
2795 6932
7932 8181
1274 1771
2299 8465
6443 2669
3693 6726
1614 2746
9209 7832
2603 2300
4460 3015
7693 8491
3800 4878
7651 1404
3634 7261
8168 2908
2627 5607
7682 3602
5995 4755
9668 5079
9589 2040
4306 8183
6300 161
4353 891
4200 1919
1003 1671
817 206
7860 6478
7691 9218
4411 6148
3919 622
5729 5526
5240 7422
9487 1347
3233 1348
7688 8575
7817 8438
1004 6559
5369 1851
7704 9574
9266 114
3619 5639
4468 2784
1830 6675
4876 31
8484 1695
7051 2096
370 8468
7358 4499
2241 49
1665 4170
6045 3962
4683 4582
2898 3278
7117 8079
181 3049
3980 7897
5002 6273
2966 5158
6942 2845
9290 7211
3477 2639
5251 7983
5320 2672
597 4968
6048 1679
1766 2557
6328 3227
4007 575
6836 2139
8397 3822
6085 6306
3152 9068
6019 7938
8186 9077
1889 8426
5489 2642
1145 4971
3447 7494
5128 7647
7874 412
1 9182
339 2818
6411 5958
2970 5079
7118 5235
3 6921
108 5286
1052 4912
7818 2188
112 7781
4542 5976
75 3214
7238 8563
3587 6987
8319 8467
7378 4435
8081 9261
1252 5453
5472 5069
3774 6574
2189 2137
2537 1634
4022 7647
312 239
7087 4531
7208 8719
1781 154
9438 5384
3296 419
7447 3586
8983 5085
2618 3074
6214 1851
2367 3416
7403 7437
6798 7072
9354 955
6200 3102
4245 9514
7195 5600
5095 1223
8979 8731
8311 1079
4488 1713
1875 2919
6371 7315
9709 7107
9193 2646
2806 1705
941 4942
5471 9617
4851 9553
4620 3479
1687 5996
2426 1940
8419 8523
1458 8034
4083 1268
3926 9321
1626 2225
8302 8744
3912 1912
3817 6055
137 8043
4237 3605
9099 901
7478 8175
2269 6220
8312 8967
8776 8983
6084 1977
99 3437
1506 2486
2778 9475
1212 1428
7114 49
3081 3095
970 7398
8381 4389
3026 7757
173 5121
6712 834
1984 1637
8779 6114
1960 7022
5634 2587
2670 7480
9360 29
5952 6102
4149 3944
5116 3164
1173 191
5917 3788
3700 3906
7918 8421
8268 1969
5714 8300
9247 945
2339 2401
4581 8646
3427 3917
4142 7317
8253 3833
300 8420
3312 1875
6017 961
2403 1819
3664 6690
4979 6131
8277 8810
9424 7417
4124 315
2843 1678
2971 6121
6549 3416
9155 7754
3441 4044
3931 5686
942 926
5786 8680
8573 9513
4484 7190
3897 9012
6995 4443
4494 2769
5319 321
9551 2739
4682 4713
6906 3076
6308 4112
8107 3938
271 2739
8773 3629
2234 1781
8969 6391
5621 7575
3179 6452
518 6881
3007 7255
8966 8975
6092 3813
1979 2270
2836 4166
6050 8466
7347 1592
7401 5194
2018 7198
6216 8945
6482 1648
4293 630
4205 6733
1329 7254
7459 4350
1657 1338
4465 7482
5179 901
7955 7258
7967 7390
7201 9670
4168 6836
7372 6075
7535 7686
5938 8646
6783 178
1024 1640
296 5456
717 5129
1612 7169
2006 4723
660 4444
1787 7526
8560 1007
10 8415
7119 5381
4179 57
4080 1355
9550 4590
2628 6499
8806 4499
6362 3276
4154 6363
7083 1532
3208 65
8825 2052
8410 6997
4816 1774
283 7657
2683 4681
3092 810
47 9003
1689 4856
1153 1824
7520 9648
1068 1319
7645 6645
1392 3910
1457 8089
8896 1908
1170 1521
7010 5411
8327 2618
2198 3286
1597 2375
4132 1535
1928 6213
5010 664
3268 2579
7840 3267
5022 3536
3192 5299
7776 2643
3150 8344
9343 9505
569 5781
9058 7263
4739 3586
7632 5400
7043 2805
497 3975
6903 4045
6421 2728
8861 7252
9268 7908
4782 166
3160 4832
3657 7639
444 2459
6383 7513
5177 6803
7450 2340
7018 524
781 9461
9188 2438
8826 1792
8756 4821
4716 2167
460 3771
8968 3861
8001 1799
3494 1425
4104 4763
6716 2749
4013 9623
5358 3194
2161 8425
1581 1648
3413 3493
9112 7918
7363 1174
5322 6927
7945 958
2479 9225
7628 5192
2925 2354
3679 9102
9429 6152
1207 2899
9478 8075
2801 9012
1848 9437
5112 2342
2954 7794
5726 8681
8973 5681
7416 8536
4785 3890
3837 3615
4611 9643
956 3601
4495 3355
6503 4416
5693 1180
3465 7894
6867 389
5204 6262
1081 9248
2755 3926
6941 5644
3271 2238
1825 2014
2282 6375
4512 7831
6582 3774
5646 5638
5484 2483
2527 295
3637 5821
6600 4721
7400 6700
5450 6995
2249 1052
361 939
6079 7740
2649 379
6389 5380
3031 2380
2656 5510
265 44
5696 4223
1352 3716
5612 6634
1954 5335
7906 1176
6118 1348
8553 8762
8813 4381
8547 7894
9307 8606
8593 4285
6871 5866
4222 8274
1475 5108
8290 8993
5573 6176
3553 3461
8577 5972
7004 3337
7823 4933
6278 4069
4275 3417
4212 5062
7353 3013
647 6063
4802 6684
2094 4613
4815 498
7988 5303
1215 6507
6722 4290
2016 6079
6049 965
7474 9227
789 1228
6929 5208
6381 6303
6676 1491
4974 2948
6625 217
7120 169
7224 5443
210 3997
1517 7772
8912 6658
2314 4740
7245 3069
4157 9239
4848 9390
343 3524
9214 7051
1265 4725
8243 4316
7566 4080
2972 5670
1029 5724
6773 3497
141 4723
5363 6353
2907 8696
2812 3839
8158 9637
3508 1528
4823 8398
608 5444
5773 3346
5657 9132
7361 1954
468 7985
556 1024
4580 3771
8074 315
9407 179
2548 2763
7507 82
9423 3376
135 783
4967 6739
264 6410
5766 1331
1379 2359
7080 758
1998 9510
619 8843
8463 2975
3323 8706
9306 1898
4540 3518
6779 1936
7103 3601
4677 2003
3218 4538
573 7141
3807 75
4362 9495
1728 4053
3094 1079
6532 7185
9039 871
408 1001
373 797
9133 2898
689 5940
7700 813
7982 7609
3958 7386
2825 2336
4279 1001
2135 1978
3266 58
5195 1102
1718 6707
3872 3380
2658 7731
1904 2225
703 2888
5036 7132
3574 1798
4855 9455
5564 5789
7314 4411
424 1495
9457 6117
4610 323
1206 5273
7296 2924
4619 7428
7164 7879
1560 5115
3374 2977
155 6389
4892 3589
7858 8684
6156 211
9274 2126
3540 8928
3595 3015
3702 7463
5589 4384
8850 1402
3960 5734
7921 6588
4147 178
5882 1207
5772 1750
1371 1944
2803 1655
5525 4933
7797 4451
4647 1916
6985 3595
3711 2615
180 6178
148 7304
6655 6446
4032 5583
1039 4014
2433 957
3216 9672
4989 6739
2015 3837
224 1325
6272 7661
7115 8545
1676 9129
280 4390
1149 5768
5305 9340
6302 8098
3306 2242
9639 8610
5563 5945
631 955
2445 2805
3934 3496
1114 1910
6554 4341
1016 4667
4268 2138
7812 7321
5151 1484
2522 2543
8697 397
8449 3544
1367 4683
7005 1247
8044 6977
1886 4231
8784 8597
694 626
6141 1798
4313 1655
5119 501
6323 958
9677 4941
2058 3508
923 3962
5801 7631
4720 161
3128 5222
13 8113
1700 9360
2753 5647
6311 5433
6909 2844
2547 1230
462 2356
7278 6889
7369 5397
3576 7251
7846 527
8938 420
3434 1186
5087 5646
3674 245
8718 6069
9144 6242
5466 3869
8195 693
8878 1589
7692 4802
2789 226
3904 9647
5689 4534
1299 9425
4333 5974
8549 7220
9590 2367
1280 3264
8220 7216
3680 1247
6283 3095
6403 1658
2896 7071
80 1329
3594 2661
7750 6276
2724 2194
1111 8145
4885 5055
3163 4661
5355 9066
2467 2794
297 3102
2712 8046
9641 3709
8355 3670
7365 5525
7483 311
6587 1697
4284 1351
8956 1614
2765 6699
4325 7929
7287 9705
2663 9623
3281 5853
6826 9352
5859 8727
98 523
3575 4350
1154 3425
831 210
4481 5370
293 8624
578 5781
6749 8953
9063 5768
7922 3264
6724 311
7015 1948
3329 1598
685 1974
3048 2579
9090 9107
7431 802
825 8115
8849 2172
8767 1435
5818 8744
8020 7437
2148 6519
6698 5862
889 98
8036 1296
4729 179
971 729
7528 5613
64 6964
8582 3525
8429 4458
7082 9718
7550 5258
212 9212
667 8724
772 5345
3492 6607
5066 7263
8493 314
6105 2400
9394 2699
2207 191
2978 4650
1093 2381
1384 9564
8898 3844
8102 3369
6013 8640
6065 1383
176 7635
8555 4517
470 7365
4771 3286
1997 3588
8010 8073
3579 3421
5200 6116
3545 154
5089 3127
536 8212
3388 1339
738 7181
3006 3119
1431 9182
4676 4278
8668 8356
6762 1912
8865 9498
1547 7156
4896 2570
1519 9550
2226 8665
2564 1284
7150 803
508 9479
3537 11
4532 647
8714 4987
4975 7875
1531 759
4040 1224
7242 2237
4845 1101
2360 8384
2963 8540
997 8435
4077 3905
7893 6298
6264 7404
2760 533
1023 3623
9305 6595
4621 2250
4253 5229
876 5078
2997 4031
4999 5201
9687 2881
2517 9721
9125 1316
5730 8619
7713 7435
5410 1333
3339 4410
4728 8614
3483 5087
8364 8989
325 5774
2858 7786
5047 2156
6493 6848
6076 6230
6397 4065
6066 6741
3255 3627
7441 7306
7856 3750
4347 2297
3727 6226
6277 1646
4035 3051
6093 6341
4401 3639
5265 7131
3196 7109
7529 3008
9015 4031
6167 1895
5898 7208
3521 8784
1527 9443
841 5035
5287 2818
3517 5373
6594 9188
3436 1484
2128 3668
8473 4749
489 1965
4969 7298
9723 1007
925 5307
9169 4233
3895 1360
6064 2291
9062 809
4765 5706
3099 5353
3348 389
3065 302
2969 518
7643 6549
6966 3799
220 3065
5508 2308
3219 9108
5783 6985
6372 5650
837 9257
4750 5169
3277 4740
2616 6931
4746 5362
8772 8542
9301 2777
8950 8345
651 8023
6529 8818
9114 8195
6297 7494
5220 5971
4439 3931
5082 3741
4664 8465
917 3922
8978 4006
3204 7241
1651 1809
2780 789
7489 8132
4811 4222
7519 225
6339 4504
614 1546
5926 8917
4493 9340
4020 6008
9569 7194
6636 4077
5944 7382
9642 2477
5800 3235
7811 2148
1793 3930
6420 103
6811 8884
2007 6103
4730 2967
6755 668
6976 2079
5360 840
1109 9177
9196 9106
7672 1514
557 4538
5416 891
4301 562
5930 3184
1121 3048
4406 138
4295 9015
3294 5403
5827 3846
7617 7521
2933 1886
5127 2025
733 1918
8288 2006
2146 8620
7037 3068
1181 5036
2449 4199
5906 1111
2901 6434
9527 4993
4907 5510
9640 9513
7374 305
691 42
1240 7516
8837 5517
7571 4733
9563 1695
8324 858
6488 8769
1086 3753
25 3768
2764 5581
5504 643
860 6503
4339 2199
8649 2027
3689 2245
2577 5258
2880 8640
8901 1317
9153 9345
4491 4085
8211 7981
8285 2091
1077 8383
1569 4748
9191 5232
5234 127
7160 7152
8257 8869
6115 6389
5735 1675
2289 5462
5948 325
6284 7076
4820 6237
4772 1960
8305 2040
649 2796
1914 2006
5014 4453
8008 5676
3532 9333
6329 7797
8371 7644
3199 7278
1563 3092
9018 3021
208 9236
6781 3790
5174 3771
7536 982
2051 8912
9176 7750
7500 318
629 472
7910 1399
6137 3602
9663 4533
4836 2920
5045 9164
6550 3074
6470 6790
8651 8020
5352 4157
4345 1136
4602 5034
3246 7958
6647 2917
4510 3121
9570 3696
3802 994
1468 7974
4929 1782
5557 490
2125 1637
7410 3589
2850 705
2442 3157
8045 1848
593 8695
1067 4538
4624 2564
1754 6281
1336 7044
2830 2768
7680 2780
8887 659
4148 8517
5103 2552
9311 1553
2976 571
5285 1783
3308 6818
2405 226
1011 3052
4241 6658
2606 8132
1189 4065
6792 3424
6222 5004
905 1598
7774 3007
2046 1298
6799 9158
4758 4485
2988 6128
451 4222
1859 7160
358 4266
1696 9289
8445 5118
4853 3101
1115 9404
7419 4711
2965 7518
8427 8421
907 7885
3115 3441
3827 2836
4464 6421
9662 2891
6580 4702
1056 7954
1377 3319
4548 2883
3138 1464
8281 4520
5092 4763
5616 9052
3422 8045
7110 1785
5216 9199
3777 1893
3367 7467
1006 5316
7218 3730
3054 8880
8399 3895
5746 1782
5417 4649
1525 3477
1481 2930
6521 8449
4061 4109
8916 2140
7871 8599
5856 8231
9223 7893
5130 2165
2819 6550
2215 1218
2861 1507
5402 3770
6963 8831
4024 9339
8395 3478
8596 3793
2159 2889
8474 8061
3660 5329
4828 2826
3789 3904
1159 6008
3573 1698
2439 1399
3247 6055
863 1614
4106 2295
7023 6532
4791 3336
8666 2481
8639 88
6925 4158
2311 3838
8781 7386
7869 7607
7829 4687
8840 2843
2650 9116
7499 875
1193 4829
7229 7765
3877 510
8658 3877
2572 6177
8379 5461
1710 3340
1866 9009
1368 7801
1813 3437
5568 1979
2636 6493
5154 8714
2602 2218
681 6275
3398 1421
3513 5712
3055 6921
2441 5127
1026 5646
8634 3027
877 7590
274 3192
1921 2218
344 4112
7333 3225
4872 8933
6951 9178
8500 6018
8576 7261
7539 5866
7517 2848
4317 4437
4773 2509
4810 3053
9667 103
6196 4241
84 3237
2470 2427
6068 4063
5469 5454
985 8723
5110 2471
1474 8682
1020 428
1287 2934
5698 5202
8764 1980
2355 4613
2373 1948
5451 4434
3082 1446
2186 6328
8848 970
8988 7587
7842 2290
4625 551
5554 2226
3729 6420
1906 3643
1340 1281
7279 8050
9231 9638
6703 9128
1450 3732
9115 9695
7168 3295
3375 2786
1856 2973
748 3621
5478 3869
2109 3225
8602 1521
2833 1222
8326 8074
6435 6896
9026 3832
4140 6463
2498 8341
8080 2606
1699 6120
7834 747
7616 140
7440 4416
1890 3302
1374 626
3885 4014
2823 2657
4926 8397
3560 8913
8169 5709
365 4608
5966 4999
8330 9450
1577 6219
3103 1143
1260 5075
456 3931
8248 2867
5061 2736
3353 8340
8188 2430
5274 9107
4931 4134
6960 9190
6515 233
3257 4878
2357 4571
2750 1804
496 351
7562 710
4374 1149
1354 1332
288 9350
4216 4749
8947 3425
8868 1463
2374 6648
6458 9212
5007 462
5107 7422
5973 2878
4463 9244
2143 6549
3046 2486
495 8548
1359 614
865 8014
4254 7205
152 2230
1800 291
7779 9542
1821 8388
6664 8324
4332 2099
2949 8986
2259 5058
4019 2260
7624 8636
1524 7611
3014 4245
7135 1780
6349 1587
254 5297
6359 6714
8104 4846
6295 2517
8307 4710
6282 3937
1066 4179
5054 8485
7806 5325
7490 5655
4415 2307
6212 8759
2793 1233
122 159
319 4500
4340 512
4021 7938
735 3207
6759 1505
4287 549
1185 1432
7890 8761
1794 7264
177 5923
1168 8158
4904 7752
9712 5237
3820 6645
4403 2334
9159 8120
5590 3202
8994 6286
9140 5123
8613 442
7941 8055
8678 2036
1204 217
7979 4845
3651 19
4859 1385
9401 6802
3393 9393
1036 7378
4817 9586
2029 1600
6480 2830
4674 550
5219 4007
349 65
6541 9495
2708 8010
2397 9291
1777 5579
3270 1362
6767 813
2814 193
6565 7028
6589 8810
4614 7435
2605 4771
6857 6493
5109 1443
9439 2709
8670 5616
5080 4998
4839 5385
4322 893
586 6966
9160 4683
678 5250
1330 6596
5523 7680
4371 820
6139 7310
944 3478
7145 6636
3035 7905
9406 1000
8890 7713
9556 1892
7648 9035
1047 3523
5281 7186
1554 5322
8039 4882
679 8449
2002 8168
5872 1720
4515 7580
5501 6927
9038 8612
4509 5789
1183 4483
3624 3517
7144 748
9185 9273
5023 56
541 2725
3435 6362
2980 6081
9391 1667
6440 7891
5438 2901
3641 5992
922 1246
6427 3451
4543 5778
4781 1113
3551 5149
5390 541
5894 1411
4244 6456
6825 2773
8857 2352
8009 5695
7009 1985
1900 4022
8615 7131
3738 3222
579 9147
4296 185
1731 8628
8647 1625
3628 3353
1945 5849
9138 590
4837 8472
2929 9115
158 2643
317 3127
1882 6856
1419 3263
5953 3785
2879 2114
3395 6039
338 1052
3818 8750
4449 6272
7720 7616
636 3107
3805 2957
1013 8380
2598 7604
6360 8090
1706 4676
2873 6187
2807 5051
1656 4345
5896 3788
8139 4233
4789 5900
6119 2274
2718 8996
7901 791
8586 2980
8743 577
1566 4938
8971 2161
5203 917
6126 1515
240 1132
4037 3875
356 5021
2489 4016
2278 23
3929 7438
3652 5408
5321 8658
610 271
8006 8122
4409 521
1062 4249
2856 8645
8477 8013
5762 682
7881 2082
8862 5690
2536 5476
2045 8095
3563 7302
8528 6425
5620 6231
5171 7786
4852 6170
4632 8530
3495 4826
3350 8803
9502 2698
7564 4818
2689 6408
5641 1176
5561 8567
6345 1514
3469 3688
3603 3940
6688 5738
9363 9575
9286 3169
3714 3519
2751 7571
4240 6867
8559 2795
3381 6802
953 8341
8221 8042
364 6510
3535 142
298 2840
6313 2407
2440 5129
844 4343
4962 7125
4128 7801
2206 7688
8497 1758
1378 6901
3656 3854
8337 2336
7912 1141
7660 8380
695 4538
3531 9167
3648 9520
5822 5240
5854 635
9448 3461
5777 7540
9162 7667
2321 4351
5860 999
3757 1238
6895 6207
4780 729
4603 5393
1327 6760
6061 7577
6734 973
2247 8302
366 945
9625 4118
544 7662
8352 4359
3995 8513
184 5875
9302 1671
5814 4671
7987 614
6949 6267
8200 4319
8251 7017
6551 5386
3125 8045
4898 6952
2346 9233
7142 3793
5552 8099
5547 3470
7626 6790
2824 4293
8852 7043
6034 7820
5189 8681
5090 9419
9555 7307
7920 826
6950 7871
6869 1487
1816 2522
3275 8714
7625 5307
3206 8584
5687 8025
6780 4463
7742 1995
3735 6386
8028 9040
1902 2738
8915 8380
6497 7232
6828 373
4482 9087
2654 3428
6459 3569
3804 973
6940 7347
1888 9406
8751 1032
1616 957
7446 2920
3499 7904
9679 1650
2711 1860
4289 6981
5885 2908
1390 9590
1237 1026
449 5558
1090 8521
8522 5279
6958 1895
41 3723
6913 1525
7732 6694
3949 4458
2950 8476
6315 6439
4844 2914
9468 1476
8987 2987
2379 7994
6922 2987
3847 3294
6041 4988
2955 7609
8136 5682
6765 8791
2032 2544
4861 4969
7319 4029
429 8442
1552 6452
3913 3890
946 8819
1643 539
409 4397
8525 3218
652 6954
847 4006
1839 5080
3468 6863
1452 2598
5339 8331
2160 7788
7848 7398
6419 4141
4551 6868
8883 9401
3955 6154
603 7401
5790 5887
5546 6379
9093 3735
3256 4681
4018 4362
9606 8823
8187 2808
5837 204
4023 7076
2265 9054
5270 5699
7600 2233
5423 4104
741 7148
5379 7140
7615 9291
632 4416
3860 5075
2157 4802
1749 4070
3724 8617
5293 3846
5091 4717
273 6184
5582 2144
9183 5625
6776 2401
8297 7075
866 2242
2388 542
8877 1658
7646 4244
6629 4364
8503 362
1542 6731
454 8261
808 6920
3106 7226
8711 6716
5311 1617
6252 1150
5645 6031
1216 5405
4307 4495
4706 4745
2081 5839
7852 9550
2673 8415
9034 5953
3003 7832
1511 7540
383 7639
5401 7594
736 2769
2913 2594
5760 4504
2169 6090
9368 1593
9075 8602
1502 2554
1236 9106
1254 2091
4668 2015
6189 4062
7116 1549
4643 5199
3201 6330
6253 4821
3310 7585
9359 3575
5028 8545
7935 6500
7505 8337
1010 9650
3379 1587
2116 1446
5057 9415
8138 2910
1227 2419
6279 943
2638 5088
7579 1998
2675 5539
7525 9162
5880 8714
4840 2658
5412 942
186 687
1832 4165
4209 7409
6670 4341
2158 8577
3734 7186
2149 471
4589 4284
8632 2795
8264 3500
5834 3634
719 5154
4171 1545
9600 2787
8671 8922
3976 4838
755 9091
4330 6499
5246 4674
7748 5069
7683 5735
2799 8901
1128 5655
5160 7524
3864 5398
8064 6596
1423 8823
909 6561
9250 6558
6653 6145
6025 2830
487 3369
6047 6847
1160 7055
7830 4644
6294 691
604 7938
2390 3980
1537 3107
5929 5686
5464 1460
4545 5374
3546 8695
7622 3878
7488 3852
3951 2682
3399 7117
5312 4645
1835 6045
3659 8441
7433 6958
4921 4730
9630 5551
5263 7992
6627 2834
6526 3216
724 7288
2529 1053
8605 7566
2549 1994
2979 8405
2651 659
7266 142
2022 6964
9594 6259
6918 439
7572 2186
8948 2710
5654 4654
3467 271
6872 6384
5368 5875
5233 7173
737 5004
1058 2099
307 8373
1164 7804
1304 2658
2317 9245
3176 9164
9100 5395
7295 6247
2102 363
2273 4108
2595 2259
5922 1874
5210 6049
9271 5600
9379 9651
929 934
9031 6164
2771 4679
6368 2718
9314 4567
5230 5263
5272 3598
86 483
2412 285
2251 1228
63 6910
2706 2012
7396 141
8494 6484
547 9113
1191 32
6626 9009
1382 1068
6761 7152
8431 9613
7143 6025
3193 6094
4660 5461
3616 9623
7943 5741
6683 4104
6096 2988
5820 7391
1833 994
4430 6849
4958 2517
2561 7393
1124 17
1364 4864
548 1597
1686 8405
3238 8046
6161 2574
5614 475
9482 1675
5904 7887
7462 5490
6552 316
8663 7717
5723 2400
8543 7169
4235 8981
8155 1176
513 1668
9402 4030
7425 8966
3794 103
2453 1512
4605 1310
6127 6275
4182 3890
3884 357
8881 3341
8124 2866
5073 4435
553 1281
2546 4531
1070 8650
1485 8300
9275 1455
731 7217
8644 3017
6784 5636
1752 3703
2023 7420
5850 683
5419 6121
4005 7246
8853 7086
504 7343
9074 7663
8226 7235
386 4574
7042 2706
6073 8236
3845 344
2185 8511
7094 7951
6477 8884
4203 5315
8296 5446
3558 7647
406 9588
1041 8762
1337 3835
3622 7346
2151 7522
3733 6374
5296 3208
476 9218
2681 572
1131 4632
9608 5277
3547 9261
708 6309
1119 5906
2410 718
6854 1541
2461 2486
3488 8857
4833 5773
5314 1124
443 7568
7698 5201
4783 2878
2482 5302
4247 9186
9375 4493
983 9531
5956 4575
4888 4244
4327 6084
7916 4722
6614 5226
2865 6521
446 140
8587 105
4761 1989
4298 5151
7889 1535
3307 364
3359 20
9664 3354
5664 916
3591 8602
2629 9292
9521 314
4825 3581
1437 5974
9281 2326
7588 2461
5884 7848
5176 449
7370 3744
1708 1694
7352 3951
5599 4284
7543 2346
658 805
1932 5086
9381 2317
2469 619
4123 2760
8882 797
563 1260
6327 2570
7960 1838
4869 6927
1110 699
7895 7914
77 1697
4570 3966
6437 4651
2497 3483
7551 2041
54 5379
2110 9661
4001 1507
4875 4158
1922 9269
8703 1896
3272 8697
1871 4698
8215 1512
1561 7121
7412 6000
1971 1343
9593 5973
3011 3362
7676 4907
3766 3452
9255 6524
2767 3391
812 4316
2691 1374
8838 7763
2366 7152
3080 4888
5522 6474
3876 8328
8366 56
207 9489
2387 6177
5468 2734
5406 3253
723 949
1952 6252
7547 6272
5878 4858
5126 3530
4600 2574
196 8669
3632 5326
9451 8900
8566 2449
3516 7985
3614 7566
8174 3674
6633 48
2383 8409
1255 2708
422 2360
806 3406
8512 8718
5382 7358
657 95
1049 6153
8510 8681
644 5066
8306 941
9322 5862
9259 3546
3894 2578
2074 5746
3111 4886
3552 8391
4686 812
2460 4598
7714 5465
5164 5453
3445 2302
7265 646
215 3323
4506 664
6263 5279
5132 8493
6518 475
9105 9046
8185 2674
8739 8770
8894 3228
4489 8182
1861 2383
2748 8194
1413 8835
3291 5287
3708 2508
5324 4795
8059 3807
5485 7506
1757 575
6504 8782
4673 4091
3954 9001
5776 816
3593 1060
567 8887
5173 4546
5308 2088
4609 6240
2521 8043
4382 6045
6274 4735
8796 2101
1088 49
4119 3921
6475 8131
3024 8628
4637 2610
2596 4288
5359 9670
2113 4626
7538 4709
8225 4247
5648 9658
9674 2597
4562 1893
8992 7413
9341 6142
1271 510
405 4252
7197 8242
6859 6629
7460 2132
4819 5277
5993 8185
3956 4516
9065 2812
6631 2078
2175 8650
9240 9490
3604 1367
132 5349
8717 2126
8519 4984
4529 5174
9280 3793
2940 1871
7705 9315
8588 3140
5653 6189
8936 1838
1469 2098
6269 2452
8805 3162
7351 1655
347 8646
7356 713
9659 8576
1727 4265
7426 7528
1580 2971
1674 9343
227 584
6051 3772
2647 6323
9358 4384
3456 9675
1292 6375
4162 4002
6771 432
7336 4195
5771 6503
8752 7864
5424 1853
5665 2890
8361 3001
401 2069
3167 4878
2585 6431
8210 3731
886 9077
6528 8147
6685 420
9399 7822
1946 7000
1647 5520
4862 6609
757 8326
5026 2471
8222 5759
1249 3341
9205 2598
543 3312
3783 1112
5268 4531
6413 136
5924 8493
650 3721
8084 1512
2774 2977
966 8309
3328 6035
9148 6081
96 1587
5148 6902
6898 7459
6986 4524
9243 5893
6878 6624
3712 8573
4508 9400
2448 1247
8166 552
2347 6217
3781 8052
4324 8868
2222 6222
8558 6408
4762 8395
9656 6451
8088 8645
3224 2426
124 6523
9000 7365
2604 7747
94 1229
2660 7750
4156 6862
8749 3807
1002 9547
3022 9417
1306 8709
3158 6774
3407 3741
5694 7149
3920 1557
1401 2534
5736 5112
6146 658
3298 4820
2285 734
117 8781
3661 3086
2530 8012
4281 5830
3720 1811
1313 5042
1133 2013
7247 5710
2835 580
9241 4732
4880 6108
7134 3905
8508 236
3301 5344
3900 3147
182 790
9635 2442
5990 4487
9329 588
2315 7490
7225 5340
3372 7012
2209 8286
7383 8668
773 4745
5242 2118
7379 9068
3550 3734
253 4772
9232 6892
2163 4226
2716 7051
1065 5812
5175 7947
8358 6681
8795 2015
8763 6248
5282 4935
6447 3472
119 2485
7825 7872
5231 752
5068 1619
8234 6139
8392 8033
9194 9411
2743 7587
7761 5200
4386 5726
8368 6716
6994 2407
9464 927
6005 9377
5753 6780
1288 7737
4890 7390
4328 4316
4089 3305
2993 4137
1862 4816
8270 9023
4801 4013
7966 4221
6123 6699
2994 9239
5692 2360
2372 3264
9342 681
6527 6803
9688 7513
8788 257
8535 3811
3675 6352
6492 1857
8677 3931
3866 8521
157 1893
4419 3138
1084 5774
6058 7337
4206 6455
4737 8883
8660 1287
8564 6073
8585 3761
7192 8935
6052 5292
2221 4563
8094 4497
1241 6919
6369 5385
8437 8706
5562 5134
3746 8171
7567 5292
3566 951
5212 71
3234 9667
1712 1136
4450 3499
9703 1086
5488 7973
8349 3987
7581 4710
3079 4276
4914 414
2112 2860
7559 7069
869 4889
560 4279
4662 5131
6322 5209
3848 1401
7301 7795
4796 5110
3180 4354
6125 6901
8812 7925
6088 413
2974 9024
8316 3322
9491 8455
2392 4512
1773 1442
5615 2174
7292 3937
2457 3406
4630 9190
2688 8196
7350 4435
7281 6619
5986 2048
8271 957
5911 56
870 2311
4584 4576
4806 4741
6621 5532
2474 6713
3625 2823
3429 1520
6265 2970
8688 8529
7106 8795
111 9553
6674 4433
754 3846
6376 9563
1543 4641
8126 4752
3130 1341
8140 444
400 2546
5153 6628
7952 3188
8667 8369
5008 436
8856 7856
9036 2241
5999 6436
3057 3121
2505 1432
4976 9423
3849 3673
3683 9270
6210 8294
2909 6782
6062 7473
4857 2320
6643 7840
6573 8812
3332 203
7649 802
732 5186
5954 3876
9324 6208
6514 7017
3168 9664
4688 4006
8793 5990
1043 2831
2293 5569
5309 2691
7766 2165
3549 1960
3963 738
1285 7012
2962 364
1061 848
4850 4386
8906 3227
5725 9084
4927 9023
9711 865
3366 6128
7780 1036
714 3801
278 1812
4052 1820
1837 7871
2263 6172
5005 5536
9627 3112
50 8232
8897 3667
8914 4167
7694 178
322 8752
924 4164
1414 9187
8836 1937
4034 6262
2772 5185
2747 3017
7844 153
2953 9491
2253 18
8858 9678
1595 7712
760 2920
2371 5907
2693 889
3059 9416
878 9672
4513 2043
360 8363
440 7774
1158 2803
9028 2185
1508 6152
7508 8539
9072 5858
3745 2741
720 842
3979 3763
1071 6069
2447 3903
5671 5385
2414 6645
7790 3125
4786 1996
1213 6525
3936 6011
633 2967
7453 3626
6364 5978
9716 664
7591 7925
3786 8623
7348 7290
6191 6376
833 3953
5161 2895
4689 6315
5879 4670
8672 8328
5072 7714
2510 5628
1436 7648
3842 7901
4008 8630
3400 9667
4282 5110
5667 126
9504 3635
7953 1532
3829 356
8899 5827
5060 5894
115 8422
6221 5350
4049 4159
2652 6003
2958 5649
1038 1119
53 3466
9681 4547
6571 624
7492 2664
1915 4945
4950 9253
8766 4643
2935 6930
7443 5216
6072 6322
1312 3409
6464 6523
5721 8883
5483 4093
7593 4042
5803 4682
9312 9245
6886 9547
906 8394
5516 1035
1022 1914
2192 6732
8958 2581
4701 7865
2444 5419
1909 6729
9137 31
1961 2878
2690 9618
727 5034
6885 1297
4544 311
9507 6932
1775 7956
5366 7038
786 6090
5584 7230
9202 4782
6190 4510
5951 1383
3691 4070
3254 2615
1278 4481
2877 2010
6236 2101
8320 2302
9309 3368
2416 1378
6180 3878
5470 2930
5795 5928
1408 5924
6291 4504
1055 4285
6961 668
6224 5086
4271 9050
3471 8006
92 2117
3941 9496
1040 5753
653 8870
715 2537
5301 204
7050 3390
7078 5739
2620 2958
8736 273
7061 498
2333 1354
4591 4048
4314 8790
1751 5505
4712 3204
4827 2537
7019 8763
9698 9255
8100 4006
5213 7467
6268 6474
5857 6329
640 4578
5791 7952
5455 8786
8675 4951
8814 5250
6979 9152
131 463
1194 6058
8127 1054
7357 6689
5178 724
3474 7494
4593 4020
2951 1172
376 4506
1958 9371
6709 1260
3880 3320
2456 7132
7073 1010
9628 8815
5241 8169
5238 6300
4658 3871
6877 6054
969 1374
2131 1238
2507 4035
616 7100
8015 1954
5805 2952
6405 845
5957 531
6651 5420
3123 1203
8504 1481
9412 840
7237 3727
6696 7905
6195 810
5442 5125
3133 2615
1486 4990
174 2842
623 3663
2480 8242
8499 7976
2733 1597
1234 1174
5888 2098
1843 1751
477 2291
3713 3102
6348 6308
4814 6201
8031 9280
6578 1710
3419 1176
3033 790
340 9465
1806 4487
9267 2461
6805 4273
4606 2148
3025 8952
6897 5351
4143 4910
7777 1723
5138 797
2428 8112
1621 9027
2298 699
7990 7456
5136 1964
2671 7260
5500 7758
2617 5140
6365 9254
2351 1695
8176 3861
494 6297
6124 4119
6750 4707
9517 8174
1098 5892
6830 3397
415 6615
1703 9295
473 3524
2590 1381
8077 4021
7093 1428
7557 8551
1817 6622
8276 3112
5481 4210
5528 5089
4150 4996
4026 1762
1693 6303
3821 8517
8991 7192
4521 2023
6495 4685
4467 181
286 7086
6517 6278
7024 3100
6347 5501
5980 6214
3023 5643
7527 6871
1652 1044
1504 639
4280 6796
4217 1932
2641 296
6174 8826
4066 6321
5631 1160
6736 4294
4939 5321
1482 1677
2668 8865
4225 3829
1791 9200
7427 1996
3334 7563
5909 6308
7759 8438
3562 773
4983 4245
2134 8230
3004 3934
2338 8861
5511 1159
1630 8855
8562 2874
8960 2930
3137 4436
3831 7564
1724 4710
5133 7352
453 7493
9501 11
867 7600
3096 3832
6962 6894
5221 6344
1409 1999
3446 1240
2062 3615
6576 4589
7045 8977
7272 5245
2500 7586
5602 1488
3401 1046
2915 1236
8515 6747
595 9666
5048 6696
4372 4780
7899 3695
3687 2817
1138 120
6855 2621
6168 4396
6980 8946
2804 6155
9338 5973
2676 7627
3971 9112
3527 5111
7423 89
2073 187
6564 1606
9403 618
9294 3622
7556 1046
4690 153
7355 5369
9229 417
2551 5811
4776 1175
7007 4014
1548 3700
6293 6223
1808 7799
9082 1247
4775 2478
2584 7892
6666 8621
1522 7463
1972 9304
4947 4709
8570 661
7183 5673
5168 8017
9070 6347
4893 483
7907 876
9558 3476
7276 8866
3797 290
2855 8762
6 2304
4194 2064
7325 7507
9699 8680
7178 5570
849 4022
7099 8561
6234 4772
294 6958
2008 8897
1103 3750
388 8621
1405 6248
6673 5796
9601 296
3134 2268
6107 634
9559 9510
8216 6977
4731 3234
2575 8055
5388 5438
5782 2958
3653 5887
5916 1512
2248 906
9673 8866
4653 8543
8854 3550
8071 8136
6453 5726
2343 9148
2490 6256
1987 1785
9330 7700
1955 5857
3297 6259
4315 5055
6778 2621
1245 1226
2697 3114
7177 2443
1424 8768
7269 4752
9459 6500
6546 8882
1461 5639
2622 8177
374 492
5680 6103
7656 449
4973 5370
9260 2616
7637 5044
9616 4395
9696 6036
5256 9583
7824 9690
666 2161
6630 9440
9706 9045
2127 4136
3085 848
8459 6746
6996 3983
684 6629
1034 5958
6680 9625
1187 3548
930 6598
7411 5461
7620 2865
6711 202
6639 6370
898 1507
7338 3220
899 5772
8679 88
4555 5903
1574 460
4539 1906
8653 937
2491 1504
9300 5443
7465 5808
3969 6207
8841 3046
8228 479
8505 3258
7950 2428
7602 7229
7084 9458
1743 7050
7421 7587
3338 4085
4260 1218
4622 6352
6723 7727
7221 9422
8272 9220
7725 5148
3324 4354
1302 8909
4368 2755
2922 1729
3896 8637
3538 6481
213 4943
4794 3260
4300 5513
3316 3219
8926 5711
4424 7281
7681 2505
5283 3937
9298 2583
9599 2877
9131 5303
4197 8375
2301 1560
4920 4930
775 8424
1092 4620
5637 5380
1493 1954
5868 7524
7926 6264
4599 7816
3868 2295
2666 3323
6245 1041
4792 981
2897 3940
996 7778
7074 6020
4666 5818
5486 3333
8554 8019
7690 6430
2503 2298
5198 9510
8774 4983
9180 6771
2542 3556
815 1112
6536 2091
198 5539
6082 4134
5874 5872
3067 7661
3047 3025
9059 187
6882 7575
9 8643
1576 6316
5389 5234
5838 1590
4459 1427
403 365
6235 4095
9511 7298
1603 4400
5494 8751
6350 3557
2072 6779
7728 4746
6010 4341
9149 2772
4530 2140
6053 6468
3236 9369
6460 8049
3676 1711
8625 7009
7041 9212
4417 5054
7679 5595
7826 4180
768 9491
6812 4575
393 3839
1125 472
8172 5339
4753 1090
1737 6952
7867 4614
8932 9589
701 5995
3928 9712
3139 6241
785 7164
1373 6505
8260 3375
353 2119
8985 4554
4777 807
9370 8947
9421 5178
4659 1002
1973 7428
4129 543
5919 2099
1163 1211
2822 9630
5039 3971
3985 1142
2219 1937
4899 2847
8748 8835
4242 1332
3131 1276
5197 1574
4634 8469
7835 791
7589 5449
8919 1225
5159 7307
1009 8847
2216 2052
6182 7211
4402 2799
6173 4822
9055 9297
3318 754
3036 814
4919 3705
2653 2211
1993 2845
2501 5185
7652 5529
6194 4125
1605 6227
1673 7884
4704 5303
8592 2926
1410 2901
4479 9560
113 8436
5338 4535
7311 1155
5099 397
2142 4403
3607 8875
1538 2092
7782 9463
6833 1795
9085 736
8798 5024
4501 1740
2946 5917
5807 528
1551 3930
7630 8888
2781 6670
9598 4833
7554 5584
8580 5493
904 4245
859 9268
4349 1191
4594 8702
6132 4448
2766 6548
4103 4972
5769 3422
4356 3893
172 7183
9320 1336
3534 4475
1622 1527
7555 1980
2640 9170
2106 3029
4895 8186
5832 5226
6978 1633
4418 6594
1962 119
1523 7074
7896 2256
4256 4865
9310 5231
1567 6433
7330 8820
1161 2213
3292 7708
9715 2948
6496 2117
4657 1018
1933 1225
8995 538
2827 4325
9484 9359
7376 6216
6342 5608
4519 7934
9420 4349
3803 9075
5829 5308
8691 2799
9624 3045
7605 7795
7196 5474
4604 1184
959 6975
5934 8277
1129 5396
8374 6512
3283 1341
6465 6184
3410 3241
1834 4162
5440 3392
5704 1956
5404 6000
2506 3682
9512 8614
1981 6362
8864 3046
1470 5149
7695 2874
8550 3438
6157 5282
2685 6325
9398 918
581 3595
8461 5803
7696 7041
5572 2611
7923 7095
5675 3335
9704 6019
272 3857
3073 7696
6706 3491
9146 8757
5685 6636
4511 8862
1479 6585
8851 5902
1748 2975
9665 6040
8152 421
350 2622
4646 5665
2939 4998
5732 1885
5447 5367
8266 7643
4348 5869
698 2520
2083 807
4579 4869
5294 7838
6387 4874
8631 8008
7836 5980
2563 9574
4496 4059
7244 8368
5890 4024
9433 3102
5672 775
4250 3811
1753 6105
4184 4426
6568 897
3840 1232
2111 8608
823 4397
268 585
9636 3585
6129 8177
4003 673
3197 1015
7332 3625
481 2379
2785 8561
3426 6251
464 192
2487 651
5597 9062
2076 7843
850 9231
628 9148
535 5724
3726 6712
4057 6383
7151 625
5817 8111
5097 7667
5540 4178
4076 8375
7380 6255
3039 8303
484 7052
1169 1031
8114 7225
882 6339
5459 3561
4215 5153
9488 787
9713 3387
3968 2397
4346 5995
743 3347
3665 3589
341 8313
6100 6823
8700 4752
3590 6842
1831 9697
4883 2541
5784 2020
2208 6455
8923 9470
2678 4938
2677 5225
2001 2846
5180 5250
9215 5543
8638 2069
8245 1739
5932 1092
8532 5003
81 8563
9347 6750
2288 7168
7578 1249
9080 9586
3414 5087
7303 5631
6007 2122
1653 5448
7077 9646
1480 7106
74 8485
1301 5895
5748 622
1539 9313
3056 5108
4151 8605
829 138
722 3814
3161 5633
1300 7522
8804 5114
3084 6620
6361 3478
6461 4955
1201 8477
2792 9445
8801 6277
4000 4658
8970 1954
4466 9676
3749 8933
4086 2989
1968 8597
5463 3073
7375 6606
8214 2063
9454 3146
4695 4848
3448 9516
4835 9065
7673 8498
7733 2178
3325 1
9388 5361
8611 3945
5988 2918
4902 3515
261 8515
8456 3020
4960 8717
3631 8736
7308 2458
93 3200
2348 3797
6556 6638
5243 4014
7813 4144
5975 4001
2754 7398
2267 9554
7291 7686
6104 6260
3725 933
3554 2891
4445 9314
8414 515
4438 6198
2047 4630
7670 8231
6109 1873
5968 3892
6426 7025
7839 5290
3299 821
1324 3341
6071 5707
676 3667
5040 386
1165 5517
564 4059
6829 197
8149 6786
6883 7913
6777 8053
5147 6920
4380 5286
5942 2992
3948 3115
3484 7333
2872 1045
5429 4563
1923 2397
1396 8194
4807 444
6840 8530
5502 3772
427 4395
913 1519
8400 2830
6956 8761
4067 9249
2262 2951
8434 2163
1320 7159
5640 5580
7481 4924
7671 1255
8141 6216
8652 952
8193 1952
3882 415
8402 6219
9573 4721
7606 9300
1863 1268
7915 4662
4363 872
6429 4534
2042 6297
950 2127
1146 4116
5542 3101
9580 2456
4596 8665
8334 3179
2599 7858
7863 3977
3282 4397
9644 3933
9524 4304
7454 106
9596 2282
5764 5687
2133 3668
431 2223
167 3806
5793 1489
7789 7419
4523 198
9265 8729
9139 2654
9083 5091
776 1919
3973 4902
5441 8751
3016 4723
4078 2763
1582 7238
4812 2161
534 595
596 3215
4636 2733
4471 3323
796 9220
3644 5099
1924 2054
6815 9391
5863 243
3769 740
3078 7866
3991 3115
8546 9444
655 8354
6193 978
9109 8855
5806 8882
7448 3337
3223 4410
8003 7906
7227 8053
4130 1059
1877 7340
5496 4131
9013 3268
1764 9058
1642 5615
9724 4052
6023 6457
857 6121
7284 1098
6428 1617
7123 5189
873 6067
4096 5075
6404 5177
4805 7505
8595 8829
5981 3076
2432 4491
6992 7777
205 4463
1467 6093
4146 520
4092 3588
6175 3456
7146 7796
1139 777
7203 2492
2168 6155
5622 8381
8199 6364
7219 9318
9166 9063
6641 8798
2105 454
8797 6970
5819 7258
5918 5026
4073 9291
3327 2483
576 6303
3816 1310
6742 660
258 529
6091 9604
1152 189
5961 204
9578 3893
5851 5041
7101 3907
9503 4624
7861 7566
2870 4861
4527 5069
6832 4856
8382 4722
609 1373
7726 3280
582 414
8117 8355
988 6081
9151 4423
3357 6855
4011 1237
7280 3469
2437 9675
1709 1385
8278 7205
2425 2633
4335 5492
3672 5635
3221 7604
1445 2552
7289 4594
2832 5155
3704 4903
5166 2498
7768 3443
9145 9607
9165 5627
5356 4926
2717 2224
3662 5090
3756 2160
3533 455
8507 5355
4734 3333
9335 7604
1473 5114
6445 7193
9492 9317
7449 3700
2236 31
5475 5572
8502 8225
3522 8118
2193 2793
8062 3524
3288 5583
3089 8894
7057 6019
36 8949
9546 5949
2528 6404
2742 6442
4229 5054
9622 8359
1369 4684
7654 9205
5254 93
545 8056
6185 674
3454 1648
5831 119
9462 3926
968 5509
2862 6885
8125 4958
4387 1859
4560 6446
6797 6904
1356 4734
3775 6941
6764 6368
4138 7787
9467 4500
2212 5002
4915 7979
102 9606
8789 527
6973 1035
8370 2535
7756 6321
1905 852
1263 8118
888 3290
7392 7991
1578 1334
3317 2837
1881 6475
1717 7328
9143 5513
6800 835
669 4826
7541 2446
2141 2577
6487 8905
4558 368
6945 3618
2147 4268
6204 6446
1518 6807
3330 4235
7928 7611
8921 9432
2429 9004
7909 1258
3855 8640
8333 1551
6042 7555
2514 4651
8282 7783
9405 5060
836 7539
8959 480
7126 280
675 1224
5912 1101
1588 6516
2600 5593
1680 4026
3862 5688
706 6069
3423 8044
1683 799
7736 4772
9299 2694
1663 5706
5982 3697
9480 4324
2961 5076
2556 4700
2732 235
2434 8361
9277 3163
6912 7728
5630 5090
6662 6971
4718 7995
3565 1183
7621 9003
8974 6508
385 3106
6687 8616
3210 6213
6583 120
8167 4054
5865 1549
4248 9334
1315 1199
8462 3432
3925 4668
4369 1843
7256 2672
7162 585
4367 2394
7883 3167
3826 8027
3457 8761
8403 2576
1957 7402
2077 3204
426 2677
8839 6367
143 1499
8787 417
9226 9396
599 9160
8822 4757
3989 7998
1913 6984
4025 5934
911 5639
7257 507
9523 5216
7389 5554
308 5840
107 4551
5460 7545
9088 2944
1028 5486
7267 8208
7542 6067
5722 8534
4230 6614
8903 2215
680 1196
7997 2098
399 2682
6422 6591
6946 7517
2986 10
371 9266
7930 3454
8676 5587
8642 8408
7655 6532
1380 2900
2283 7660
728 6739
7724 6174
3287 2865
1126 7501
6530 4989
2028 7372
7949 4374
1019 3358
7942 687
1235 701
7565 8683
4798 8933
5188 509
6806 5745
4756 9004
2227 8374
4588 3885
9103 2108
853 9379
1430 1733
4656 713
5093 8222
1982 5985
2162 2569
5143 9401
1100 6120
9561 8729
2121 8610
8237 3937
7803 3289
275 8764
7544 6011
5341 6329
4331 6910
1951 5234
3916 8760
7773 3564
7573 701
1702 1972
1434 3484
7434 2471
5139 7663
6915 2555
8447 5478
2180 5794
4808 4815
8032 7174
170 173
7167 8901
979 1918
9079 6406
4420 8283
7653 7973
6074 9140
3669 301
8710 1758
9714 200
9389 4276
3612 3761
8590 5098
7738 7892
8161 8788
8874 6666
7088 5213
8287 7617
1983 4776
5260 7267
9089 6367
4218 9356
6486 6827
118 5294
3918 4644
251 6674
9652 3786
2436 323
9197 1833
4115 2595
1305 1508
6539 8600
2205 8157
5871 6461
1770 5873
6864 2818
6905 651
2511 8937
5146 6245
4847 1796
7016 6350
6735 4552
4640 2802
6816 9666
6149 3150
7859 9550
5253 8291
8128 5510
654 590
5780 4526
4033 6727
620 1044
3240 1843
9700 9502
1283 230
2936 2960
2701 5431
2770 7024
7476 3320
7275 8907
2408 5622
4239 510
9671 6612
8533 7822
9552 8098
5565 7916
1393 1876
5053 3735
5135 109
8101 6342
6171 3077
3229 8897
3760 8118
8940 8490
9210 3928
3473 7372
8578 9698
6757 1584
1681 3029
252 8981
2648 3836
7394 8974
6853 4080
4039 2646
6650 3890
2927 5034
3572 6693
4522 416
3460 691
7833 8370
4183 7337
4208 6281
2560 7731
8931 7842
7214 6787
3957 6746
8707 9460
5779 1919
6498 7212
8246 6758
3343 5738
4759 6384
2841 2193
3543 3829
7324 5478
2580 5839
4905 829
3796 164
7259 2684
8092 9511
864 5655
1666 3052
8778 5407
8086 9543
1715 2591
2232 547
1513 8373
6907 7335
7743 3310
2150 6551
1986 7085
977 1278
5205 9285
3442 7505
3490 2748
4454 8116
8184 648
8785 4329
2030 1590
8800 6527
1529 49
3825 4145
5983 9496
4388 2713
5218 7365
7503 2396
6791 9106
5797 6518
144 8027
938 851
4055 2878
1858 4055
4635 785
1555 2916
9374 3340
5989 6936
4009 6179
9056 9641
9397 3723
1498 5632
1311 1422
6730 1516
4724 2865
6038 2987
9171 1789
6705 9643
8239 6942
5846 5829
5027 883
2391 7904
1358 4116
5841 5429
3449 1506
5910 656
7112 56
3939 9534
9493 1813
7878 6440
1195 6763
8250 6527
6937 6917
6605 3639
8721 7557
828 7071
6635 971
3967 744
7989 8911
5576 599
1631 1154
6665 7437
7486 8952
2885 1316
7002 5572
4956 1027
5295 7154
2518 9225
9017 4237
5527 2625
7179 3309
4297 2674
5845 1863
6490 8381
66 3598
7384 443
3583 8438
3226 3168
9278 1247
5067 4644
390 5870
4897 3748
8423 7874
5815 4085
5499 5028
5798 7315
8673 1899
4502 7729
2220 451
3606 9157
8235 7078
8464 349
5137 2295
6697 7088
6542 6326
4429 6638
4161 7313
6232 6057
7785 8963
8002 4541
4071 7655
8411 2248
4050 3435
4809 453
6586 4724
474 7
3737 7749
160 7156
6502 2440
2815 5209
5708 6087
78 3908
3645 7583
175 4606
2090 4157
4291 6521
1483 6663
9384 6865
39 8258
8178 7109
3104 7263
8275 7939
6396 2517
9279 168
774 3319
5652 916
5588 263
5257 6680
4361 4314
3764 2497
3370 5538
7980 5785
2761 5714
5533 1551
3105 4689
5677 527
4152 6859
3685 3907
244 2674
6794 2435
4407 3263
3654 1642
6016 2727
540 2325
7111 816
8934 8927
8569 2173
3028 4052
3190 3486
739 1167
4948 9239
8133 5310
4703 3540
2303 9074
4949 1015
6719 7807
6239 1836
5702 7168
6271 6559
367 5581
3245 1390
8830 4708
7133 2850
975 5128
9051 616
2504 4421
6233 5232
4568 4865
1264 2725
9653 7348
1104 6858
216 2966
7815 6401
7802 6929
1615 7571
3009 6917
7182 6296
7187 5815
2313 2940
9016 1322
8572 5335
6416 3147
6852 3107
8037 295
6280 9193
7487 4138
3924 8244
7959 6712
5611 7846
3762 7701
8091 585
5718 6519
3166 5221
8538 5399
801 7996
1433 7494
4871 8622
7035 7682
7268 498
1943 3000
7223 6616
7066 8025
331 4047
1033 4816
61 376
3511 7006
5120 6161
3699 3253
4058 3603
986 4081
4181 6137
1810 3118
7430 2137
6943 3510
1014 9095
5836 2790
7472 9067
6843 4490
8325 6385
3361 272
7282 3337
6006 1477
8514 8937
5252 348
3505 6968
8726 7192
7092 5439
7911 346
8583 2483
5507 8897
1267 1271
7418 4013
6002 6968
6044 200
7919 8673
1721 1553
2631 98
4302 7773
4101 7007
6336 1604
8740 7082
686 5869
5288 9074
2306 4566
7136 8760
5969 4223
9515 7587
2623 9680
7770 2564
2904 4096
1275 3377
4952 3683
6710 8089
7129 9617
1883 4238
2335 5623
3909 699
3751 3860
1949 8902
742 2299
1586 6588
8121 2395
5432 6486
5629 6611
1130 1233
1073 8859
3198 1438
2067 3055
3404 1957
4981 3070
8655 3311
2609 5932
2759 570
4803 558
5700 8750
6520 5150
7703 7093
6744 2597
9453 2771
3990 887
4177 2912
8925 4525
4906 6711
2624 5936
1701 744
7014 9030
2700 2420
7034 602
5043 578
9689 5254
1570 8314
4283 4082
5306 9052
3819 9615
3439 3905
7079 3342
1192 766
3405 1853
2981 1704
5939 3749
8920 9463
9632 2195
2532 4047
6947 4205
2998 542
2203 1232
8432 9180
8066 6867
4413 8552
861 2172
1242 40
4072 7137
2645 6076
8378 8043
8478 7237
3175 8546
6266 4842
9117 6092
912 3575
2341 9194
2364 5673
8338 783
3321 2327
2937 8616
8304 8876
9008 520
4743 2026
2999 3291
8252 4759
7127 3311
3620 2771
9308 9079
3062 2294
4559 4142
7209 6505
4344 3815
2152 5676
5479 9325
3259 6860
6841 4395
6373 5591
4879 4461
4370 3973
8705 7545
9130 1874
7601 7869
8454 3468
6838 5943
3300 798
827 9003
8348 398
8607 5674
2524 3978
1349 2457
8162 5489
8430 4465
902 3246
3142 3748
8342 4653
9192 5549
2362 4038
9094 6114
8406 7468
3514 1172
5567 2906
2217 904
1638 4212
2776 5001
6715 3330
3736 3533
8255 6952
7957 7543
5063 8002
6993 8603
16 99
6423 8721
8765 276
7158 448
1571 3075
4155 2442
8745 1367
5239 2556
8233 7489
4365 9659
435 5305
2720 3803
9161 450
5751 6747
7784 3466
6046 1299
1891 7390
12 1977
4946 2654
2722 7268
3650 5098
9198 365
423 2764
1636 1650
6603 3550
2318 9243
2731 8347
6113 9722
9380 4711
967 5644
9477 1136
2389 4737
3018 3832
8156 3843
2538 3453
6887 5736
746 6269
4114 9584
6192 534
8458 461
4863 6210
1366 6939
5394 4008
5901 6421
8698 3941
7961 707
8704 1105
7397 5778
6804 5239
6522 6729
7716 6277
4961 8649
1490 4963
3529 4881
6001 698
8715 7950
3681 7688
5556 8663
458 8255
2810 933
8713 5233
7029 9386
2852 5331
2214 5016
