7555
4111 3474
1264 3474
158 1264
17 1264
283 1264
2433 3474
3661 3474
6238 1264
6895 283
4966 4111
4927 6895
2710 283
568 17
7129 4927
3493 4966
2106 2710
236 2106
5772 7129
2623 3474
3569 3474
3821 236
5704 2710
37 2433
914 6895
3964 3821
3673 2106
1743 5772
834 1743
3479 2106
3743 5772
592 1264
5646 592
2451 2623
2244 2451
6720 7129
2232 158
6092 3743
1585 2433
1312 3661
307 2232
2732 2232
4566 914
7268 4111
5183 236
504 834
4220 3474
3169 5646
1691 307
5609 17
3309 1743
567 5183
6926 1585
3954 5772
3082 5183
3403 1585
2653 3479
6889 2433
4384 6092
1212 2232
5494 2244
20 504
6014 37
2315 4966
7284 5494
1142 4927
3731 3474
1086 4927
3770 592
2979 6889
2534 1086
4825 4111
5472 37
4265 283
6181 3954
5996 5472
7176 2433
6529 6014
1316 4220
1834 3673
2480 567
4122 1312
7098 1743
1826 307
374 4384
861 7129
7159 1086
5341 5646
5321 2232
2392 2534
6013 5472
681 6720
6280 592
7003 283
4631 6238
3140 5996
4 7098
3992 681
601 2451
517 3673
3713 5646
4302 37
6058 3661
2884 2315
5259 3309
2180 158
1831 2480
1841 2106
3715 2732
7415 4566
6630 1841
6285 6280
415 4631
5470 6529
1432 7268
3934 2433
2099 2623
1211 3082
3384 592
2368 2315
318 2232
2079 3713
3648 4384
2525 2106
5018 5259
6441 2732
773 5321
5009 7159
4642 2623
2181 3992
5408 5321
4638 6058
4911 6058
5838 3715
2833 567
3158 3821
1589 773
2649 5494
7131 2244
4744 5609
2216 37
6679 3479
1261 1826
2234 914
1946 6285
1268 1261
6698 3474
2497 3140
5062 3992
4476 1589
3324 4384
3126 5062
4058 6014
7404 834
2983 5062
407 5772
1832 6441
6958 568
5471 4122
1553 6013
1706 6181
4884 4384
4806 6698
2971 3569
937 2525
6817 7159
2298 2433
6749 504
6956 3479
3308 1706
3454 4884
7496 5609
542 861
5435 3648
753 7129
7385 3140
1043 4476
4051 1946
2121 5838
360 5609
164 1832
4793 3770
7278 2833
6167 4122
6223 6441
1507 2079
5534 6014
7450 7176
4153 6926
2512 6058
6094 6238
5481 1834
7376 2833
7395 407
2741 5183
4259 236
4125 3403
5618 4476
1217 6889
2445 1261
3019 592
6928 3126
36 3454
169 4638
3263 5408
3835 5618
91 407
324 6094
3238 4259
3203 5704
6961 5341
3431 17
3058 4302
6418 2623
1106 4806
688 4111
6026 2451
254 5618
5355 6698
3218 2979
4015 1316
364 3082
3008 4122
5653 1946
3355 5838
4372 5646
1792 37
4898 318
6413 2983
3051 5704
2042 91
2916 2099
6128 3384
6481 1312
3192 6481
1802 753
2777 5772
6674 1142
978 1553
2444 37
3030 5772
7312 5470
6022 5341
6378 4793
764 6128
2021 6817
557 17
5784 91
665 5472
5798 407
7432 5435
4571 2099
930 236
5167 3493
6184 324
2097 1743
539 3308
3343 4051
25 4631
1045 6418
2440 360
5304 2216
4246 254
1979 3715
2597 681
1019 5355
408 3058
2678 4384
5419 7404
3532 254
5806 5259
451 3743
4020 5653
2793 2234
2224 6817
4617 2042
1409 20
6696 5494
1920 2433
988 7404
7046 3355
6493 1043
5884 5304
4971 5481
3127 6958
6080 4966
994 6749
6614 1106
4343 3934
3948 2180
5565 1920
6515 3343
3124 6958
6213 4638
3081 3431
6913 6058
426 7395
154 2983
5969 4806
5668 3713
2820 1834
3813 3954
1361 1831
5155 4642
1023 1706
1091 4220
7484 3058
5556 1106
5925 4058
6044 2392
2495 557
5382 1019
5338 3124
7061 1743
3782 1212
7501 1946
6449 4793
2774 3992
1766 5062
2565 6928
7449 4125
1209 2732
5491 6956
3589 17
4071 3030
3241 3648
4274 539
3206 6094
3385 773
4090 1946
2152 3403
2323 6529
1245 2440
3283 5491
5768 773
4072 6238
2400 3051
6284 2480
2072 37
2934 4571
2869 5768
7351 3030
7459 517
2150 1261
4731 1792
3738 3934
3056 7450
2 1316
4719 7176
2787 5996
3320 426
402 2181
4949 2497
3284 4020
3779 5341
7288 4884
2880 5183
7242 3343
579 1766
6143 4020
2470 3813
1205 2534
466 2880
3253 5167
3604 2392
97 2983
6311 3604
7555 5609
1522 1792
367 3126
1416 5338
5335 861
1351 5382
4009 1268
5194 5556
5033 1832
4042 6181
2038 930
194 6022
1763 2181
5478 4631
4174 5472
2065 6720
2915 6913
281 3604
770 3218
866 2079
812 6280
7033 5478
6007 4274
1047 6058
274 5167
4656 154
6028 4372
5537 2774
6137 4731
1597 3355
3884 158
2190 4009
3676 324
3702 988
3005 2649
6105 5838
1124 3218
2277 3954
2366 5338
993 3051
1195 4744
3839 3058
4541 5925
7186 4898
5080 5925
6364 7404
1912 1792
2387 6044
3836 3839
4331 4153
4021 2368
6087 1416
2245 7449
6303 3384
6835 3263
677 360
5329 5018
2313 1217
5293 5018
6329 5321
1855 2400
3004 3604
1533 2884
5261 567
3363 5293
3688 4541
5169 6928
4736 1691
6288 4927
7520 601
4191 1211
6711 688
1167 2042
6912 517
2963 5556
7537 6184
3627 3253
1547 517
1700 4617
1592 6028
7222 4174
5911 5341
5728 3770
1491 91
2568 5471
603 2387
3137 2777
6383 3676
2027 1167
2210 5806
2861 2106
3910 1086
1137 25
1271 1217
2092 2121
5949 6094
2291 7395
4135 1507
3696 4174
3708 6026
5789 3343
1232 158
2843 6895
4657 1245
6241 4638
2427 7131
1128 3082
3634 2097
6930 3813
1721 1834
2802 1086
5370 1522
7264 2180
3788 5768
823 3403
5896 3569
4849 978
7164 4744
5962 3788
1101 1124
6240 2079
4218 557
2942 2027
3900 2392
3922 1763
4634 194
6612 2
7058 3532
1790 3403
4623 4153
7279 2983
2351 1023
2360 2313
2202 5355
2531 1142
3790 1212
3139 1245
4858 5472
7206 4015
694 1209
470 4265
740 1834
7234 2106
560 5537
2287 4153
4772 2433
1095 7278
3215 5996
765 1047
401 2097
7042 3309
7262 3355
354 4331
4965 2323
854 5772
7281 4638
4605 3218
5967 7098
249 1432
2725 6094
7334 4656
6024 3661
3678 5772
4584 1920
6868 6956
7027 3284
907 7164
5696 2210
7446 3056
5579 1245
989 1043
3559 539
7435 4965
5832 4020
3248 3218
5604 5370
5672 3308
6302 3836
1824 988
6901 1128
824 2245
4261 5481
3794 5696
2159 2021
4237 407
2172 2963
1992 6630
806 3794
390 7435
4685 7496
847 1533
7221 236
1451 517
4843 4372
5404 2531
7337 4806
2154 37
636 2152
3960 6868
41 4849
4522 2942
2832 4657
7006 4584
5068 4122
219 5370
2268 3900
5986 2440
7539 5304
6949 6378
4396 5471
1434 1841
6439 3794
4263 988
977 6022
493 3454
2304 1137
2311 5494
969 4302
1072 4020
6221 3284
335 1992
6848 2190
2877 6439
4201 7312
148 6329
1974 2210
6230 665
4340 7222
1083 6364
6353 4071
2790 592
4516 3743
3659 1416
2087 5335
2127 854
3481 2971
7424 4858
6699 2099
1632 4631
3122 4135
786 5404
6893 3206
690 6087
853 4340
6260 2092
727 2079
2156 5969
3996 25
3537 3124
3923 1072
6683 2820
6579 7415
2199 3676
6902 3715
3114 5911
7472 2180
4712 977
3851 7027
5855 6094
538 5471
368 3081
1062 6167
5508 5478
5823 3559
5836 5472
4732 3308
898 7268
362 2072
3855 3192
7265 2400
5753 1802
5542 2793
5811 2793
4273 542
3594 567
1453 2916
6661 2916
5878 7520
1196 753
2673 6285
5200 3782
1669 1507
4082 3992
5657 7006
3617 7265
3989 7046
6102 930
339 3559
2724 2156
4163 7006
2322 249
2644 2790
2186 3248
1383 7284
5088 6143
2852 5884
5987 236
4453 636
7203 7176
3046 6303
5864 6674
2683 4201
6723 1979
206 2351
6876 2244
2488 3454
7041 5949
7224 5382
1781 5967
2249 7472
2651 6493
7321 7279
445 2644
1367 7337
3356 4071
966 3648
3990 539
6651 6285
5599 5370
3112 2287
7544 6413
345 6651
2571 3082
1747 2152
6430 154
5106 3127
5826 866
3867 5962
3985 834
7258 969
3623 694
5859 1271
6510 989
7309 6912
950 3169
7249 3008
1253 1432
417 5878
6287 5494
1438 3992
1497 7449
5761 2979
1344 2087
5871 4631
2748 5925
4808 2653
1221 4009
1953 5534
21 2963
1234 1669
7417 1083
6212 7415
2660 2190
2612 1743
1295 1167
6207 2097
1793 4343
5092 1669
100 4220
4243 249
3526 2480
1149 7258
1194 579
3224 7284
397 1992
1428 3046
1601 5355
1436 5542
3516 1743
1556 3532
1298 1763
1720 5304
6691 7033
884 5772
1207 3385
5620 4174
2255 1047
1670 4009
3167 6449
7113 740
2855 3532
882 1268
5156 2159
6336 6679
7111 1436
1308 4340
3540 2470
4344 345
2269 4849
6891 249
809 1831
5023 2880
3446 765
6454 3855
3984 694
2795 2843
448 6378
2540 3794
62 5355
4876 7555
5853 5864
1951 451
2901 3623
2717 3248
5959 4571
3314 2387
6852 2092
3311 7042
4663 2224
5755 950
411 7351
3947 4340
6264 6868
4000 988
2728 2963
1998 3454
429 930
5458 3008
5778 5761
3468 1268
5267 4949
4573 4712
4918 7006
3043 2748
4316 417
1742 5987
1591 2651
6554 169
308 2245
5713 1196
7517 6378
2918 2099
6896 2313
287 5755
5447 5878
4033 5823
2720 6353
1356 2180
5953 567
1523 764
45 5494
7378 2884
6964 5183
4297 2400
2142 91
2208 2790
3719 7003
1237 3839
1752 4273
1971 4522
4391 4663
3227 4261
2981 2224
3228 3708
1809 6353
4833 2934
1688 2884
3107 6679
5035 1207
5682 5599
2218 1802
7542 2106
4837 1086
1400 6184
6289 5259
4705 4966
1325 4042
784 4020
6918 6493
115 2497
6236 5838
6977 1271
4320 5537
6148 97
5706 5713
4905 2644
4026 812
306 1831
3055 5706
1818 6087
6471 3056
2903 2855
458 6674
2798 1436
1899 6240
4110 6007
329 7278
2090 3446
2785 3114
4187 458
5326 1591
5846 5472
2001 994
2835 2368
5865 1124
3849 6868
3733 4638
7189 2087
1514 2001
6170 7432
1187 6958
1685 2224
7368 2249
80 2210
333 3167
3129 3835
5098 2597
2929 2835
4629 1809
4916 665
4392 5537
6917 3526
7280 6913
4371 3324
2629 6749
450 3719
3606 3702
569 3137
5386 5859
7324 2208
1330 2218
2288 5537
3574 415
3045 7042
1748 4631
3177 3537
1812 3788
2271 62
6659 786
7369 2798
5248 4015
4983 6481
449 6699
6577 6510
2863 206
2522 1344
2524 3678
54 3884
926 7268
2479 2092
6599 4573
6134 1361
4181 25
3734 4744
5611 3813
4621 7309
3895 966
2048 6181
4409 6956
2744 5987
3313 4392
1016 2785
4142 1547
2380 3851
6764 6529
1477 3139
6872 1194
317 3743
301 4265
7103 4663
3945 1062
5231 2660
337 451
4980 7472
4249 690
7428 1748
1160 2232
3022 3960
171 3167
5484 1533
4423 5878
4141 1072
1610 853
7144 5481
2463 806
6270 6889
6315 727
1108 3526
6346 451
2158 2869
3817 1834
10 753
669 274
3210 2244
7482 1747
5511 7449
6505 4927
1640 1095
6375 7006
4720 603
2746 1700
395 1212
136 538
4061 4110
506 3056
3637 449
4401 5491
6713 1086
286 3989
5558 6230
4171 2884
2992 2380
232 5753
53 3954
7109 5949
905 4259
2762 1298
3666 6230
3016 3474
266 3215
1190 6723
2630 5784
7388 3215
4444 770
5158 4187
6697 6170
3391 5511
7240 6128
6136 5470
3076 1106
1470 1824
2036 6852
3894 2181
1172 466
2200 4719
2564 2540
1825 7164
3119 4566
4436 7249
563 6260
6159 681
4861 53
1204 5798
434 7278
1624 4187
6687 7449
683 3356
5056 5784
527 3124
1692 4736
1296 5682
2782 7321
1173 3051
4234 4033
7372 2268
3952 2380
6960 764
4039 1685
5940 977
2996 1855
5693 6364
1426 1752
218 4201
3269 281
4710 4849
5316 4876
5007 5784
2838 4082
7371 3733
4400 1207
4807 2315
2549 517
5108 45
4593 4302
6266 4623
4834 5653
6265 764
6820 1209
7102 1742
3830 4234
5581 3996
4272 5836
4032 966
7400 3107
7532 3779
358 6913
4941 538
1811 2480
6111 1409
2114 5609
5144 2304
5275 1974
5654 1149
49 3046
3319 5470
5296 905
1722 2271
4064 1553
2514 683
1044 2121
4124 3253
5027 6820
3863 3082
6491 6044
4537 847
5427 5293
4544 1640
607 339
3615 4584
3616 4808
3233 636
1822 6599
6338 6287
3091 2531
501 6288
95 914
2439 5404
5583 5768
5991 254
455 7279
2894 7501
4052 5896
1483 7385
3376 1610
1895 6346
3498 5478
473 4617
4672 6612
19 3107
261 3990
4189 1998
1549 2444
2492 2942
7119 4243
7002 5836
4665 6901
4650 806
7128 1271
6819 4391
4166 1167
4457 17
119 3733
5552 1824
2794 7459
7139 7532
4446 937
7106 5326
7038 5293
2359 7003
6488 6449
5452 1312
6753 914
5287 2916
7493 2774
7000 3391
6243 2199
6867 2277
7463 7378
6032 4918
2257 3594
3899 5158
6131 458
4716 2224
487 7415
7235 884
4982 5098
696 6302
4248 2992
2896 6058
3396 5967
1633 3356
933 6383
7187 6614
5794 5335
6882 5996
516 2291
4580 4316
5683 2492
2112 1160
3548 115
3347 5511
1993 3082
6331 6554
3074 4181
6361 4971
7454 4793
6562 823
3323 977
2867 3673
7414 2741
2620 6134
940 3954
5333 6471
7465 6024
4047 2360
2930 2762
6177 5959
4323 2097
959 4522
5918 6014
1439 2268
3197 218
2560 2894
2405 254
2062 458
1714 6867
5924 194
5590 557
602 6819
1078 6378
4565 4605
6277 6383
2160 3984
4557 232
1332 3081
1289 1234
4044 2929
6873 6223
4385 1721
2736 5599
3465 1195
492 2038
6544 4110
3402 5511
6805 905
6600 5472
5555 5335
1596 5296
6564 1998
2632 6102
2237 3731
4330 3107
7047 395
7408 5969
28 5355
124 7288
5680 1834
5746 3008
1525 3617
4814 1831
3775 6212
55 5962
1064 115
943 4166
1865 6630
3687 4111
7065 2746
6987 2710
803 2843
50 1434
4123 6177
580 3516
3179 5481
3966 6236
1649 5949
2194 1308
188 2934
6126 1356
761 5261
1164 6302
4598 4966
3216 3900
3262 1855
3060 21
6037 7065
6596 6926
2960 6577
2998 6302
4895 2877
7024 6872
3848 4941
5817 50
256 2915
2804 1763
5972 665
6456 542
1665 4163
2846 2271
7044 7493
676 5987
1222 1434
1745 6691
5616 1253
942 6600
622 1585
6282 2366
1379 2202
3697 218
6321 2894
6306 445
2482 6137
3611 6918
5165 5167
4022 2560
3620 7312
5985 2942
874 3688
477 6303
1001 6413
2050 25
932 7065
588 824
4706 6820
4154 5871
6935 5355
6576 5023
1682 3454
244 4044
1427 1692
2611 2725
3279 2092
7040 1149
507 1409
4664 426
5362 501
3212 988
7430 5335
5109 6659
4896 861
2417 3569
2422 3733
6947 4187
2537 4409
1625 54
4360 3813
625 1108
2009 3112
5655 2208
821 7428
1449 5088
3625 7262
772 1124
1188 3403
810 1416
545 3008
6846 1045
4373 5911
2799 2683
2109 415
2318 6094
6323 2359
3887 1427
3723 6577
5432 5248
1696 7372
1710 5508
1548 4123
2924 636
3231 3119
7120 3992
6290 1351
6532 5088
6476 5706
2120 3715
7510 1710
3042 3606
4165 1212
3709 3082
7390 2218
1814 1625
2603 5558
3712 5855
1116 1748
2076 4716
5117 854
3833 3604
2074 7321
1251 1721
6084 2741
3201 3867
7018 2960
3669 1824
4653 7240
7035 95
5843 5472
4421 4653
2729 2194
3098 2249
5047 5534
1389 937
6768 2106
5260 3713
7315 4316
2223 2109
1850 5590
5254 2127
6140 7003
6179 898
4097 3731
3339 5248
4703 5646
3138 694
920 6439
7127 898
2592 3218
2379 5370
5210 329
4835 3431
7519 6137
5299 5552
5553 401
3084 5296
279 6184
5126 7187
1959 2632
7185 6449
6048 4021
130 7027
1608 4793
3684 6449
561 2092
2658 2368
682 7119
3724 367
6314 2790
4847 2150
1406 1597
7326 1205
2954 6683
7298 2869
5171 7047
1708 1722
5781 1449
6725 4843
3930 2942
4347 1308
1976 7390
2319 977
5317 4703
4430 4843
1323 5537
841 4621
6709 2036
7530 4876
1159 7106
6905 1696
6545 6260
5921 3042
6141 6430
4238 4044
6041 244
2397 3081
4228 1159
4158 1091
3145 5620
7163 3687
1930 6544
7257 3016
2341 4584
357 568
2663 360
4989 6126
6739 4584
5104 2001
5516 1855
1764 5458
7226 3201
1140 1688
946 6901
6317 2150
3105 317
1266 3241
5 154
5724 4343
6915 2366
2899 2540
2252 4522
3883 6170
6109 5329
4970 1685
7481 2611
1378 2440
555 3324
1131 2298
6565 4165
7202 287
2515 261
52 492
2173 7242
5721 6696
6362 6449
7175 261
1263 1436
359 4273
2703 7414
7153 6058
7331 2901
1753 4898
2115 6243
5709 2298
1561 5317
1042 5508
1924 5452
4214 5693
4113 6683
923 1979
4027 5838
3840 1217
4359 91
3424 4983
7045 307
2325 7139
5187 2440
4745 5967
1836 6413
2168 6141
61 2979
640 1316
4675 1295
953 6753
771 5458
4175 3697
5926 1836
1352 3678
5732 1159
7529 622
553 5516
6760 4423
4902 283
4173 3985
3522 3702
5593 3604
4668 3363
1346 5432
3222 335
1274 7309
5660 2603
4552 7038
6055 3215
3988 5581
3280 959
974 4629
230 2777
672 6317
2882 244
6533 854
6099 4849
170 2038
6999 4584
35 2748
3174 2901
4890 560
4724 6905
2335 3709
738 6454
4812 7385
7426 3082
1653 5338
845 6238
5498 6137
3062 4265
5286 80
4393 6280
594 3468
5980 5427
2163 2224
1454 5616
839 6287
3551 5781
1932 5962
2301 359
5509 5660
1320 7159
4281 5789
4883 374
2505 1426
353 458
5574 1042
5554 3396
2084 2802
1441 2954
5224 5478
549 2269
2002 4249
3427 7044
7052 7044
5271 1766
5095 6111
3554 2359
4369 1023
2580 4165
2430 1207
5752 5316
1908 1001
2758 2673
5527 688
2354 2833
4114 7298
7010 7119
7407 923
717 5599
2535 6230
6971 4243
3891 6819
6658 7235
6592 307
4435 2531
952 4032
6906 7164
6251 1692
730 7206
5097 5494
533 1556
7467 2463
2615 2368
1201 3474
626 6364
1989 3537
2500 7432
5584 1047
674 3611
1613 4052
319 560
294 4
3657 5646
1991 2894
1964 5156
896 6901
6200 7120
1966 6956
848 1453
4969 4807
1314 6709
961 2560
6033 6768
1219 4114
4004 4111
5391 4430
1294 3895
6388 1205
600 2804
3704 6140
2947 2194
5802 2287
4086 5843
4960 772
7336 7186
311 2079
1089 853
2295 1792
4804 5653
4085 905
5179 2495
1118 5940
2711 3589
4877 1187
3529 7493
3893 3323
5180 4265
1949 6817
2316 2150
4413 3263
575 6912
7121 5329
430 450
1609 2877
814 308
6227 136
6567 6564
6704 6753
2958 6323
7296 7337
3417 7065
7170 4918
1575 4228
2261 6698
497 2190
3243 6323
2546 2620
5727 6454
7071 2515
3064 3016
6959 1194
1168 765
5591 1688
7133 2861
3282 6170
3340 4516
3013 2782
4928 7045
5546 3696
5005 1432
3677 4113
4874 1212
3567 6280
183 4621
3085 41
4295 2720
6969 7459
109 5865
3744 6987
2485 4015
2246 7417
6778 2996
1849 1834
1773 487
3414 6612
5664 2611
5767 1592
5168 6265
7215 287
4456 5683
5489 5404
2921 3788
6343 575
137 2021
103 2400
6071 7378
1077 773
5379 4238
3970 1379
4464 5511
76 2160
2003 429
2602 994
1715 4243
3871 5593
6368 2318
5348 3197
7245 95
177 3567
4583 2758
2622 600
3853 3262
5745 5391
7466 4834
1664 4457
5907 2430
3568 287
1496 7268
6480 4246
6639 7000
3995 2720
658 6014
635 7472
271 2304
1448 2580
2639 603
2243 1142
1798 7426
1944 2855
7498 978
7475 3062
846 1665
6201 1742
3406 170
5020 415
6391 4009
3901 25
4536 2678
2075 740
7099 4423
1126 4201
1910 1196
5454 4064
5942 1685
2448 470
7290 357
6259 3893
410 1959
6322 7128
4867 5683
5277 1400
5252 3192
4449 5618
2299 7284
1230 5106
843 6439
4985 5171
6779 1706
2267 2232
1806 7417
433 2252
3235 5962
7158 5761
6052 2658
6151 2267
3527 4359
6783 5286
323 1944
1771 527
1837 6480
6496 926
3892 6092
6968 7129
7318 21
7453 6302
2413 6968
3021 2180
7196 3537
6098 3309
3736 6964
1093 3282
3426 7519
4441 7520
1422 545
4976 2777
3749 2168
4596 36
1622 3696
852 7203
4190 2232
454 5035
5085 7139
127 5985
4831 1164
2344 76
1369 10
5749 2036
4651 2021
7429 3697
4640 1790
4465 3284
596 2445
830 506
3639 2156
1859 580
6325 4090
3440 2658
1584 333
6397 1806
1542 5836
4635 1062
4310 7046
2542 1089
7141 5753
1414 4058
4410 896
4073 1266
6267 1232
1210 6368
4854 417
351 4122
1519 6044
1680 2002
6348 7481
2054 5749
3205 7463
4823 6266
5278 3661
5054 1908
5758 45
5393 5165
1724 4190
7409 3634
2367 5664
4348 2313
1611 433
3686 5758
554 177
6478 3446
3482 2112
1647 5836
7034 6230
3461 7242
5378 1140
3874 4058
4152 3661
5958 1316
653 2218
6907 333
4708 497
6886 3522
4987 3900
5428 4971
4183 2649
6936 3406
2511 2512
48 4825
1565 5755
452 5789
2004 5921
5741 6277
5350 3177
906 7235
7538 3313
4513 5838
835 6266
5388 2075
2969 7041
2647 6137
2694 1072
1851 1106
7094 2445
2337 6201
3164 622
4543 694
1359 4009
3577 4330
860 907
303 4237
4974 3426
7089 5478
4118 5027
7425 5996
5015 1613
1567 5806
3044 4837
191 1522
5938 6873
4136 4712
6209 7544
7283 124
5351 5286
3543 7176
1628 7284
5119 2658
5881 640
7339 3005
5691 1201
748 4537
2919 2430
5643 364
2552 3891
7210 3005
6452 5454
94 3616
81 5158
1783 3529
2881 588
6142 402
5374 898
2593 594
399 171
1353 136
1098 6893
6489 2711
5578 2930
292 5187
6992 3311
729 4638
4547 5826
5824 3995
5722 20
871 7278
1071 4142
5100 6704
6793 3676
1880 4273
3701 2427
6589 2218
684 254
3878 4039
7549 5855
4253 2981
1120 1344
2228 6032
7254 839
5804 516
5045 2244
650 7542
6472 3839
3142 1261
3418 1993
7130 1268
480 1483
1666 25
3681 2942
2472 5452
1810 3482
5665 76
5236 6529
6757 5388
3545 4000
6812 7334
388 5194
182 847
1239 7175
3409 4837
3584 1071
5398 3417
2356 3686
5779 1448
3844 4344
185 3064
6904 450
2378 283
706 7351
6021 301
1486 3084
7552 1209
6972 1383
7134 669
3785 5286
4140 4544
5920 1441
2471 2199
6078 7542
2171 4456
428 4847
7405 1201
3161 4565
3484 4409
4549 4347
5545 6071
1315 7529
3538 3594
6308 6529
2369 6969
5971 5693
7036 137
4139 4668
6110 696
1621 4861
6088 7094
4193 4705
5541 497
6727 933
4130 592
96 6956
263 5604
1117 3749
548 3385
4462 6014
2082 504
1839 3481
2779 1045
196 6014
4599 7010
4607 2918
5576 3848
703 6028
2604 5611
5679 7003
3618 6907
6648 5838
6467 2087
494 4980
6590 6058
1614 4668
5192 4854
223 3481
64 504
6994 1409
2978 7203
6804 6084
5322 3634
3801 5378
1728 7482
5506 1098
6856 7408
3513 2228
3889 821
3029 6674
4003 6648
6466 4464
4207 6999
3118 2732
5448 1211
5795 7196
163 3538
5057 4898
6535 390
1037 6687
5961 4724
5912 7141
3193 7405
5480 6964
2606 2156
3942 7245
2840 1592
3272 635
2621 7390
369 4807
4417 6159
6641 6236
2214 1352
6712 5005
2473 1268
7357 6872
2561 3715
242 2062
797 7046
885 2304
5564 3615
32 4396
2643 4877
2897 3042
525 6200
1535 5732
1606 3835
5913 942
6412 676
779 7429
2191 307
5213 6968
5483 6753
7476 5672
3380 7409
2849 5912
1797 4985
2144 5252
2467 3233
5703 5231
6393 4272
1552 6987
3814 1120
5964 2127
2749 2099
6620 5949
6460 688
4357 5779
2854 7395
1530 3836
4917 5156
6324 2777
3220 7234
4578 7099
6171 6449
6157 6277
4484 7257
4216 6535
3120 4409
5663 5167
7260 974
1450 1592
566 4228
1546 906
4868 2495
3295 1173
6146 567
1049 3538
1636 244
167 2915
2666 7175
6821 6362
3160 779
7516 1523
1737 3878
3352 7552
2028 7000
4298 2746
1069 2651
2372 2448
4471 1507
6546 5958
2691 7519
595 2981
7009 2916
4470 3688
6186 5144
6737 4928
6531 6287
2613 3279
5909 7258
4230 191
829 2666
1464 1106
5678 7409
5295 988
3049 7450
3825 1454
2345 7409
4309 6589
5163 748
3031 7240
4029 4193
3054 182
4168 2021
1322 6856
3581 5794
5819 7222
5690 920
4561 2620
1371 2325
7295 2354
4632 6033
3980 1561
4059 7249
67 1352
5276 6699
515 1400
856 136
6420 4026
4534 1406
4852 3749
6941 1552
1235 261
7437 7024
1466 6757
2080 2318
1858 6696
3815 6151
6638 2356
6012 3454
4785 3527
5626 3167
4112 650
3664 542
2045 2112
6628 95
6000 3409
5610 1245
3501 188
7197 4187
2595 2728
5658 1692
1485 7111
5429 7234
4938 1953
3496 6167
1508 5987
135 6142
3195 7530
2628 3084
5334 5691
5891 2269
4275 124
5134 2243
1456 41
1885 7539
18 1295
4300 717
6974 6243
7028 3060
1719 6489
5000 2356
2326 1207
5945 6994
4060 4536
2416 4234
1923 3465
6542 866
1161 1426
924 5907
7421 4265
6341 1117
3003 5068
6178 5054
3640 2002
4673 1456
4595 263
247 1976
1501 4042
3032 3681
2070 7058
3644 7130
5300 4259
2489 3625
6249 2200
661 2214
4787 7482
7304 6430
7132 2762
813 6630
1948 682
1796 1508
2614 6546
6672 3657
500 3749
141 455
3421 5304
2123 4042
3837 4823
3873 5679
1097 3384
1468 5590
7181 1589
4725 6856
1092 2924
1151 6098
6495 2021
2377 5865
4661 5119
2148 1849
5692 5316
5123 3424
7506 6048
7353 7283
1952 2835
3806 1464
2671 1049
6344 2287
6785 5616
7053 4027
5575 3673
1929 7224
5120 3169
2007 3051
5395 4228
5805 4902
2468 7065
2362 254
5774 1196
3842 4344
1860 1323
4846 6697
749 3813
5801 809
4324 7042
1988 1622
5598 6368
546 1389
3404 4462
7079 3340
1398 2092
214 1839
2336 2301
3963 6041
6976 206
2226 2671
6607 1344
2175 4201
1257 3074
3416 2156
2137 3702
6989 2050
3795 294
1288 569
667 4436
4247 3493
4459 4273
5139 5447
4291 470
6689 1547
645 3082
2975 2045
6591 1839
5502 7129
3102 2354
732 1742
4485 6891
3260 2191
3437 2746
6942 6391
490 1964
3255 7498
298 137
4893 3074
5397 7052
238 1812
4103 5581
5876 6535
5149 6904
87 6266
6096 7132
4972 4330
512 5853
314 50
5825 6142
5202 3678
2977 923
4209 3669
7399 6687
2584 1708
751 5334
3170 4896
747 5732
3504 3385
1080 169
1102 3594
5241 6201
7063 196
1103 2237
3036 5326
2912 7296
2753 5168
2842 2623
1983 1234
6390 6852
2126 7035
7188 2158
3185 3934
766 2644
277 3465
2848 5379
1939 4598
3025 6412
3562 4731
1631 3129
2442 3849
5128 6928
6035 969
4386 6907
6486 3954
982 882
4848 1351
6927 3995
4752 218
6355 5855
2487 2234
1774 2615
5401 6638
264 5267
799 696
1355 480
5573 4060
2206 4275
6292 2534
5531 1117
5229 6515
2394 6628
365 244
789 3055
7195 6542
4608 2042
615 5236
5049 6974
7230 4642
3784 1858
3809 7326
840 545
7502 1624
6857 4807
1060 1592
2773 896
7291 3021
4501 7278
700 307
7508 1670
754 885
666 3013
5269 5432
3810 6737
1000 1210
3629 3461
998 4960
4878 937
2586 433
5619 2833
656 6290
3541 6331
5245 1257
4283 1289
5060 3465
3596 2896
262 1037
23 821
6174 884
2548 6930
5566 4987
3242 2075
1598 5541
3619 1742
1265 364
6065 7234
1545 1436
3632 4246
1152 1812
6254 4009
5488 2471
1727 1831
3913 261
2462 594
4285 603
31 345
3400 814
791 5653
5189 933
5999 6589
6582 4719
378 4249
4376 6904
1510 1991
7461 853
1087 1355
6446 3177
3068 4371
7356 6515
296 2291
1147 5855
3566 4295
1411 4808
3128 2316
4043 950
2459 4243
7330 3954
7524 4462
2680 7046
1123 3493
6147 6873
4995 2323
2816 6014
2850 4916
5184 2471
6682 3615
6551 5591
7239 5108
5228 7121
589 5472
4092 7446
4127 4033
5499 6048
2521 1346
1216 6739
51 3584
4213 4000
3148 1682
4575 2561
4361 303
3718 3008
1227 7222
128 5991
1408 3788
3561 6579
4057 1773
3614 7516
6934 415
4076 5767
5735 3212
1725 4976
2635 45
5099 4972
6358 6266
4160 6264
3373 2199
5115 7368
1967 5811
5136 4465
6996 6958
1646 2850
5086 4927
4829 952
4951 3559
1225 1859
7084 561
2648 5489
4649 2549
4730 6577
1551 6868
5612 2269
1980 7353
4994 2877
3667 4298
4947 1983
2957 5864
1571 4549
4394 4970
5521 2798
5777 3479
5091 1899
4604 6141
1829 2367
2871 7417
5043 5095
3739 5521
1326 2492
6030 5865
5008 7129
4760 3203
5125 1093
2231 764
2868 5317
6382 5374
2005 953
3943 7331
2095 7278
3386 41
4037 1466
2290 1976
4276 6087
3136 388
691 1102
610 5488
7305 5565
7323 3788
4378 5552
5140 1172
5791 3701
5381 3352
2788 4187
7289 1696
5292 3529
4997 4004
1338 2779
5567 2171
3946 2163
2991 1597
3565 7309
6744 3611
1563 5612
3236 4090
3359 7061
2570 2223
4691 7353
3974 6088
4328 6902
5607 1232
2256 3314
110 4037
3483 4216
4610 4522
7011 5092
3583 3878
3576 554
4418 1710
6115 2109
6139 6709
278 7508
4850 677
578 3437
3557 4310
4505 7428
4389 3255
3326 3044
5624 7312
4758 6393
4192 766
6951 4436
2222 1251
7487 1822
1784 3734
5783 4758
6293 2344
4851 4710
4497 6368
918 1274
3876 119
984 429
2213 3876
6371 6021
392 1632
4574 1266
6017 3697
911 5772
849 6317
7327 1271
544 6213
9 5791
4405 3179
7263 6994
5956 2643
2465 194
2329 4026
4591 7400
4440 367
3151 2168
6428 3892
1909 6167
4036 6241
3365 1825
5138 2163
2943 5940
7302 3396
5384 2487
4053 4218
4208 3308
4680 3461
174 2549
6916 182
3285 677
436 1522
621 6723
1488 3465
3369 3161
1999 378
155 3942
1115 5961
2851 3701
7171 2120
1035 1584
2435 6674
5899 1230
3075 7415
4195 171
6802 2597
3141 6904
5285 4470
4560 4772
6257 1210
6605 5027
5793 1106
3714 7035
4853 232
6981 6760
2577 3996
5131 1115
7509 360
3656 7288
864 5156
1751 5109
2011 5938
4149 6200
474 3496
5438 3989
2453 1584
320 690
1716 4621
7543 6375
6799 9
2528 4435
4495 7181
5414 415
2674 3889
6818 6977
5096 3894
5785 2622
4633 1567
5046 3013
4639 4265
5239 6105
2959 2901
7349 5452
5809 988
5313 7206
3590 474
6016 6737
7108 264
3921 5564
3898 3243
6440 7197
2020 3151
1756 3384
5372 1118
2573 6184
3059 1408
3425 882
3300 2163
4055 1715
2698 4154
2563 2732
1472 3280
1599 2782
265 7224
3763 1859
6538 3343
4796 4027
4065 3782
6244 6872
7251 4114
3753 1912
1558 3283
1733 6927
3729 2535
2659 2405
3328 7084
6583 19
2324 4661
7473 137
6258 3887
2061 5616
4740 7264
5406 977
4404 6088
2857 4
7469 4772
7293 2427
2920 128
1639 5386
88 3733
4419 6793
106 684
1690 6227
1154 6820
7335 2850
3202 1966
6435 1953
5944 5494
440 4213
2555 7437
4049 5472
4381 4421
5756 667
3002 5542
6849 7187
7343 4340
4582 1120
5955 3373
5572 449
1870 3263
2730 4136
1803 7195
63 3739
5882 4716
5434 1608
5645 676
6245 3426
2153 2245
5813 5163
3037 6956
2665 2852
6295 1159
6702 1217
3334 3782
6248 6471
2684 7130
1595 6289
833 5553
176 292
6998 2869
3689 2011
2056 7224
4613 3855
4670 3323
1955 3723
3453 7175
6673 5565
2308 7415
4008 1680
2898 1118
102 4209
1905 5483
5055 5388
5547 1344
2187 2703
1469 4027
6442 2960
3774 6941
3953 1263
6566 1234
6775 2072
6556 4470
5850 5855
3571 5696
4374 4720
6357 1733
4081 2405
2714 2658
379 3779
2314 7496
5740 2816
24 7437
1918 4861
3459 6098
4262 6446
5279 1826
2349 2694
344 5572
5328 7132
3473 5991
3756 353
6385 7195
5718 2563
5676 5581
3165 265
201 6382
657 4154
5090 7024
4713 3842
2544 4534
1933 6566
446 7011
551 3220
7256 7461
6735 4706
4338 4123
3699 7435
2600 307
6508 7484
7340 402
7456 4566
1066 6544
4498 3974
899 3899
2403 6538
1350 2584
3306 1448
5726 3161
678 1710
1259 3022
5365 4938
2583 1507
6029 2525
6205 3709
4527 1124
7477 2857
6019 6564
6463 2774
1904 3319
5093 3313
187 4949
3823 3369
6675 4580
1729 1824
897 6544
382 4249
4844 2871
1291 6143
1518 6393
7512 4902
3745 3923
5052 5056
5536 5624
3800 4262
5159 706
7553 6014
7142 771
5311 1814
267 5397
3469 3526
4210 6987
476 7197
5730 64
282 5626
5152 2703
3732 2577
4339 6096
68 7337
6995 3169
5788 3306
521 1315
2146 6452
663 4951
888 3091
2888 6819
1804 6178
755 7268
6369 650
1021 345
3628 2788
928 4047
1457 6440
6742 5884
1364 6361
6693 4026
3558 3409
129 4272
2170 551
7090 2880
1603 791
5361 5326
3503 3779
6433 2762
4838 4276
5661 353
178 2903
736 7024
2739 5149
6777 1993
6162 3148
7375 5817
1063 378
6921 1332
5205 7102
7394 2762
2421 1167
386 6565
2518 5855
5208 2564
6215 4291
4746 994
1144 5370
4697 454
1917 2678
4431 5896
4991 6489
84 6088
5667 4020
6203 5163
7452 6554
78 1470
2455 7196
7244 1781
1121 6976
543 6672
6547 6912
2596 2146
5389 542
5122 5027
6462 5620
5290 4980
5890 3218
5146 4047
2910 3323
6404 1930
6334 3677
2227 2298
3880 4580
3602 4549
2086 2448
2939 1610
3018 7496
4093 4638
5666 4835
4644 6672
1109 5043
6730 1159
6731 4247
6183 1632
4791 4465
1076 4716
3337 548
3024 6711
4942 3584
5715 1332
2357 4384
431 2880
3944 4843
7443 2168
4563 5260
6069 247
4445 3501
4105 5144
381 1124
7180 2092
2108 3404
5923 7516
2279 3966
6701 7421
34 7544
3277 2325
316 3743
3445 874
4245 5499
3587 5108
2772 2075
5544 3192
7017 357
5886 5054
985 5942
3998 3215
6483 2403
5848 5348
4206 2252
1630 6873
3462 6221
1543 2112
5902 6697
996 4471
3547 4663
4569 926
6650 7467
629 4534
3047 1230
1568 1409
6409 191
3278 4584
5464 5772
1003 7222
3094 4273
3578 3596
5849 2804
3904 5953
4993 7424
1303 6028
6169 5317
5324 6620
7377 2435
6347 3874
5022 238
2044 1870
1175 1822
6079 2011
3221 3833
7173 6882
1079 52
3651 2698
5175 1123
2875 5658
2384 7181
4521 4896
5306 7351
4341 2168
4439 3713
1174 1069
6278 4369
1739 1670
3392 3713
3106 2380
6374 2070
7292 3795
4809 294
1629 2313
385 1140
234 3541
6869 5158
3296 1793
3621 650
5650 1814
5034 5285
4652 5826
5514 5567
929 3522
4798 5080
4407 390
3448 5428
1134 2357
1645 2632
7320 2379
2478 1078
5170 5886
6228 1062
7531 946
7081 791
4279 4527
4292 242
5433 4861
509 3059
5280 2534
4101 786
3048 218
2496 4316
5083 2200
65 5480
4886 845
2598 3114
7172 110
7341 1432
1380 2861
1707 5335
3841 6441
413 5472
2906 6080
460 4158
5561 2614
2990 5838
2829 3094
4891 4835
5686 615
4229 5136
6883 3417
2569 6883
172 3029
5066 1454
5330 7185
5723 440
4674 3944
725 1432
6534 2854
6581 5536
6247 3269
3931 3025
2740 3282
2412 5718
3442 6078
6568 2095
5595 4703
5754 3402
1620 6818
469 2261
3622 663
3108 436
4078 4246
4821 1632
4458 3688
6042 7222
6272 6495
3394 5381
3111 2548
5308 3806
1 4883
3818 911
1498 6021
1765 4598
6255 5704
7067 3623
2147 5317
3786 4835
4778 5735
7488 3943
1635 141
4325 5248
4562 5555
2375 898
5697 5313
3626 2787
4924 5527
2550 2673
4783 6383
3428 5484
5818 3118
6833 6115
7160 4809
1840 5213
4763 402
6198 4787
2922 6026
5358 3963
6745 6128
7360 5023
4017 7279
1862 2725
7534 3465
6045 4201
6194 7256
5302 1083
4526 6110
5888 1268
2987 4373
801 32
6897 7309
6657 5805
2389 6033
6070 1885
6637 7053
2695 1837
420 2724
4239 4991
5518 1080
5314 4501
3593 6583
6359 1700
1582 5095
956 6359
4704 2344
1402 4850
2239 4993
2133 2080
1644 2009
6688 3963
7266 6961
3599 866
4438 4823
2166 5489
4079 6876
619 5401
3258 5
1767 2416
4699 5793
56 3559
394 2996
5048 1303
3674 1567
2961 1908
523 1812
6866 2095
1057 5865
1420 543
3507 1841
5451 5558
2734 5690
2063 5267
5366 368
3485 4656
597 2671
7398 3192
2892 3136
3717 6462
6434 1983
5422 2597
3524 5292
4520 5434
2371 7312
6246 6446
3672 25
5460 1629
5505 51
1138 567
2964 835
4256 6495
2747 2213
795 3334
5851 600
6431 1210
826 2372
6333 4247
207 4941
1981 4497
4913 2560
5520 2736
5652 7041
4684 5048
2950 4273
6231 431
6710 3300
2342 2524
1762 6730
4683 3883
1871 1077
4519 2291
423 7129
4842 1172
6161 2671
5105 5200
4817 4044
660 5292
6611 5676
4797 4591
3067 3749
5887 7449
1405 5926
572 683
505 1361
1165 6568
5837 6688
6403 1862
2047 928
611 3874
5764 1323
4810 2596
4151 6760
4365 6901
858 4391
1166 2990
4013 1164
4615 2027
6788 1603
3467 3644
5204 397
5456 7175
4900 4376
7156 2943
5934 3848
3063 5878
6985 4706
1129 5480
5500 2958
2401 6314
5525 1783
3915 5317
7374 4256
2764 4831
5901 1361
5233 905
1178 6024
5603 6650
3321 2852
5743 5764
6499 6730
6787 548
371 1338
1861 5045
1324 18
3539 6730
235 1729
1022 4896
1461 7189
2457 6346
3546 3170
6678 4858
1176 2379
5230 4608
340 4457
5807 6435
4747 1160
5112 3584
892 7230
4306 5953
5222 5767
5437 6266
574 4598
6635 5306
4871 4520
4448 6505
107 6223
2650 452
3962 3231
1853 6359
5637 1217
1658 34
7 34
4496 920
5182 2977
1741 7414
4906 7374
879 5752
4506 4685
7499 6749
195 7226
2995 3625
1873 5554
5790 5575
1440 5756
151 1649
6038 1045
1013 4838
3095 7476
5474 1217
1677 6012
4524 7304
4903 3004
3861 4895
4502 3501
5417 3763
528 7429
3329 7334
591 5721
3595 4174
4232 3817
6794 440
2452 5484
6145 569
7535 4971
6801 455
1527 7181
5995 2153
2731 5896
4592 3445
3936 3964
5519 3606
1249 311
1492 6867
7236 5365
1746 2097
5465 4347
3015 4064
7297 2592
2426 926
4581 6368
851 3900
865 2854
422 3042
4553 3604
3073 4026
6233 4720
1404 5398
1689 7510
1528 6921
702 2565
3491 130
3441 2802
4828 6867
5161 7506
1564 1930
3101 5382
1600 4372
5562 1092
1684 1338
3213 2496
7066 560
3239 5096
1318 3269
5847 401
2887 6947
1412 5561
1577 3425
4432 1955
4314 420
6517 5280
875 4072
220 2684
229 5389
6425 2534
4737 3326
4479 1959
4715 3606
3528 7180
5750 4854
3267 966
2396 34
4782 5804
2408 4747
5765 3473
3771 1727
3824 470
7145 2622
1534 6710
4929 5837
457 5447
2883 3589
6988 5697
5538 4596
1580 5538
3747 5456
2361 7390
2768 3568
4714 4417
6982 7459
6937 100
5860 5316
2889 5299
1868 6596
5688 3947
6437 677
3509 1680
794 764
215 5643
2140 6701
2438 607
5673 1871
7048 5514
7468 6896
827 6169
2437 4640
7272 5706
759 853
5064 6454
5869 244
7485 2329
1970 4384
6684 5603
3086 6293
2425 7368
540 3842
6160 5338
6549 1865
5689 6184
5705 5955
3870 5259
3410 5991
1220 1350
1701 7034
6300 1552
6874 2097
6885 1853
3986 3107
144 5184
6652 6907
1306 2268
4321 3060
5875 7003
4819 2785
4755 7297
3332 6942
2754 335
7541 6727
637 2191
79 984
6830 5194
2248 3578
5375 3676
5392 3904
6158 3566
6929 76
5407 4135
5441 3689
3792 7018
1193 455
4700 1091
2726 5668
6400 2957
2010 7400
4268 5007
5937 3047
3367 866
4618 826
1940 5955
6155 1296
1358 4092
2806 7376
5717 1159
2420 6361
1479 1144
3635 2563
5629 3112
29 5823
5601 1225
1673 2773
4935 307
4627 1332
239 2788
2309 4675
6004 2921
5532 6308
7078 4903
6815 6961
4907 5768
2530 5152
859 3817
6608 238
670 1268
5587 4396
5719 1077
2193 1212
7154 2341
7546 5279
2893 4141
7032 1422
2129 2228
3827 2216
4954 3948
3444 41
2211 4471
6086 6941
3580 1468
4733 974
7155 4974
4698 929
6705 4220
6006 422
373 7537
5059 7372
6668 7388
822 6092
6878 4783
1226 6783
5479 920
587 2444
3780 924
198 3022
7474 4553
2935 6735
760 5408
685 4574
6349 2971
2107 4610
348 5806
4252 4631
5423 1237
4826 7170
6755 5758
4508 7472
3802 5849
5262 4325
7192 3883
1177 1729
1886 5924
1300 4971
2527 3328
6089 128
1136 4607
2862 242
3982 3037
6795 6315
3694 5878
3591 2146
7169 2586
3116 7145
4836 2698
7396 2983
5387 2960
2716 1944
5725 5980
6062 1836
1233 7226
3398 6160
7193 6620
5177 1120
4002 4983
7161 6099
3958 7284
4864 364
2796 4436
6724 3952
7112 6889
5550 3030
1731 591
4636 3501
5551 3953
4412 1472
3872 7535
2700 5213
2709 4330
5188 574
4779 4085
5549 1322
571 5245
2347 549
679 1964
4128 7102
6979 5654
1655 3465
2136 129
6002 5706
5349 4793
3198 6248
6298 2244
6173 5753
4748 2430
5994 6579
6938 4079
2763 6515
6748 4051
2652 5683
4770 4713
3819 4154
2355 3995
3750 2372
5274 5437
4388 1558
5639 2387
2122 6157
5974 6735
4956 3120
3653 5818
6424 4810
3994 397
709 2074
4984 1332
3230 6937
6604 4772
7228 2790
2225 1109
2669 2234
7088 5850
5529 4092
2188 3974
346 5672
231 2614
6563 3946
299 1706
5150 3220
1243 7017
3762 4000
634 6207
5410 6915
1717 7524
5017 5388
668 4471
3655 5926
6419 4189
919 7048
4671 55
3336 6333
641 6577
1505 4951
4832 1596
1750 6687
5701 2420
4554 834
5950 7180
2578 7112
3791 5682
4570 5349
6195 19
2610 4814
6965 6157
2008 6611
4630 6266
6415 494
3358 5064
7410 5175
1532 3403
3449 6300
3957 7112
4307 2632
3121 4849
3523 3277
5050 6856
5121 3656
1975 6362
4294 378
7223 4436
66 6848
3924 1733
3006 6419
6619 5785
5342 4565
4950 7206
6948 6070
5873 51
6986 6531
1947 242
2509 3923
4857 6614
1051 1274
3478 5027
260 3715
5997 2571
4500 4699
2404 6785
4729 6288
581 1647
1996 3673
1347 3306
7233 4339
3131 1568
2273 3637
6297 4044
4931 4216
6772 5252
4771 4965
2466 182
3866 6795
6263 1187
6340 6033
739 2099
2908 4165
6832 1350
5446 3749
93 5428
6051 6142
5227 279
4795 2987
4120 1496
5799 6777
5031 7188
891 1220
3552 3220
330 1608
5214 1920
1038 3546
2735 5924
6166 5740
3312 5355
693 6146
4106 5000
3917 6802
120 7158
2098 5509
1033 6169
5142 151
3080 5131
309 5987
5201 2832
6104 1929
1495 3583
3920 4325
6690 5802
6803 4275
6809 3504
146 4593
2037 4947
987 2892
3096 107
4031 3736
6450 7321
7148 3738
6814 6285
99 2148
5496 2108
6931 2337
4622 2137
4184 1115
134 1266
1674 6441
2012 2584
3959 5890
5181 7002
489 885
6670 2291
3318 448
916 1706
2510 6889
3856 4929
3374 1243
6663 6480
785 5397
2117 4404
743 1792
3787 5768
6319 6873
1956 6886
175 5869
2111 3482
6751 6088
1990 1492
5671 4664
5237 3639
5763 1361
7051 3193
2579 4392
3662 827
4176 2595
305 5302
1348 6687
2203 239
1223 7541
7269 1720
556 6496
5594 6713
7136 7084
712 7128
5977 600
5232 2008
5377 5398
3057 2137
3477 4823
1607 2912
3010 6508
3598 3474
6500 1806
2905 4051
2962 5871
1292 3121
3381 3562
522 2403
293 423
1267 6532
4865 6349
5199 6434
255 610
7525 4850
3691 1289
3550 4604
4363 3596
6085 2694
4355 2918
4597 6742
7013 4974
2690 4340
5714 5224
3429 6255
3939 7188
3663 2341
7030 7532
113 5661
714 6904
742 5080
4434 3946
5642 5514
7359 6344
2687 1630
2670 5547
3668 4954
3956 679
1867 4758
6789 3129
6943 5248
6665 281
3463 260
4164 417
1293 4101
2161 2496
6406 7185
917 6739
1965 7063
77 7408
7225 5846
5737 6403
2250 5566
1660 1725
6176 2465
6312 4357
2831 7171
4481 3744
6586 5438
7464 1611
3703 5321
552 6293
2707 2048
6560 3522
269 5136
3007 7188
1566 1043
5877 7
6310 6849
4551 1673
4041 7535
4117 411
4920 2042
775 7006
1536 5809
421 141
1058 1895
6862 4274
3803 67
4287 2360
5339 7268
5073 4708
2607 278
6149 3114
2296 3402
1366 5333
2789 4684
6217 1230
983 4699
1199 1666
6662 3883
5457 2593
6305 2748
4510 1295
593 6897
2685 2848
4788 5054
5291 5052
5557 3005
2474 1551
6354 4615
655 5165
6501 5499
713 668
6485 6696
1202 3898
6879 829
471 5624
2215 2462
4741 5616
162 2271
3457 5419
1888 4817
3237 7312
5513 1151
4467 269
968 6709
4509 5997
7451 2036
4403 810
3908 2193
5716 4890
3432 7121
4692 2225
4667 7242
3390 3887
6759 426
1538 6146
4525 4002
6072 6867
7511 6896
5861 672
5698 1347
1250 4661
2490 1591
612 6679
2352 554
5592 4163
4077 6355
7434 1655
3693 3036
3869 5338
1768 1729
6573 4574
6870 6641
5445 5683
5178 5285
4010 6303
1907 6969
2058 3311
6180 1086
735 5553
6708 497
5954 3444
1279 1222
7246 3543
800 2882
2715 4032
3741 3615
3456 4407
3850 4516
7319 1210
6182 3167
5932 5849
2781 6856
2449 3532
6458 4265
3335 1326
4727 866
6922 2947
1775 2168
583 2222
2272 1924
5263 1535
1381 7090
4499 799
13 6446
935 5902
3223 5022
2839 2570
3560 5755
2936 4604
6509 4832
4986 636
2274 3954
6405 7030
3536 247
409 2897
648 2935
6671 3966
562 1608
2198 1159
7287 2086
5360 977
6339 560
3652 1239
5641 2961
1723 3917
5914 3960
3351 5456
4517 1293
2940 4900
6144 1601
4767 1035
4466 301
4666 7233
2124 13
3387 5338
2085 6238
6063 760
1805 3953
4802 5653
7014 4265
2284 5392
2040 6710
1801 1117
4820 668
2014 3963
6225 4541
758 6063
909 1601
3949 3957
3610 2451
6008 287
3857 3300
3700 2773
416 2063
5369 6358
7492 795
6800 5584
4687 5611
5588 7371
5771 2037
5786 346
5137 5125
193 5779
2053 7429
1282 2916
338 4938
5960 1689
1319 5737
6380 4140
5608 2188
1213 6988
7104 7226
4897 7417
1153 3022
5816 4976
3293 5245
1339 3568
627 5826
2594 4261
2625 702
962 2635
1526 1441
4094 1751
3301 1939
186 3850
4707 6289
6834 7341
1031 7272
1642 409
5226 5202
3519 635
4550 854
3798 5372
5475 1691
6036 2239
6887 6804
5394 2180
7167 5565
7087 7349
1890 7136
1799 2082
442 5049
4194 3074
12 6466
5857 6600
503 4965
6101 5005
5880 493
6250 3536
3675 7131
1935 1752
6421 5765
4040 3167
4751 2511
5026 684
710 5785
1105 5809
6132 2354
3937 6488
6520 5232
2094 7377
2824 1491
802 3569
872 6442
6598 6002
1061 1865
3341 2565
6219 3713
1162 1461
1009 3222
82 2711
7135 7065
6342 1649
202 1567
6477 5341
7227 79
782 1134
7311 4837
6855 3336
6888 1980
1559 7144
3654 3106
1605 795
1373 1765
3721 7003
4542 2449
1572 2082
3860 1063
5845 1077
986 5864
2866 6201
5265 7128
7199 6358
768 5771
6152 5902
4990 301
5908 4642
4353 2934
4397 5912
4494 1023
6643 666
518 7161
4711 5339
7077 5626
4862 4836
4223 4396
697 1136
2750 7014
6754 6699
3246 6292
3452 4127
3542 2214
3348 706
6827 4384
5032 2785
873 1912
6239 3025
7413 3139
6767 3051
1376 4635
7208 2862
1082 2593
372 4123
5243 3238
6721 1741
6695 3215
5747 3448
1275 5767
2821 5423
4894 7222
3758 5035
7072 1235
7095 5470
1891 6223
3777 5755
4996 5328
4109 2368
5124 6493
4088 2947
3079 6265
6443 2887
5402 4325
6634 5324
6807 2004
5069 2213
5895 5438
2743 2660
2693 95
2073 4321
5770 7429
2071 5795
1898 761
963 629
2220 5214
2414 6800
7536 129
86 6382
1652 119
3862 6753
2155 2570
3725 6819
1503 5427
4689 4903
3705 3891
252 5521
5078 5378
3155 1359
4349 6357
999 4713
1424 3073
1382 4671
825 5671
5044 4307
6765 4927
5067 2048
437 7048
6422 1495
4356 5423
3728 6128
7358 169
406 5392
3722 6111
889 641
2506 7318
4450 988
4717 755
1387 2086
3090 4484
903 5205
763 3576
363 1147
1024 2420
767 563
5468 833
793 3449
5800 4993
1579 7128
4556 5869
2059 1519
5223 7193
3011 3862
2895 937
393 5494
3026 5861
7497 884
6077 2691
7137 4906
4366 298
5301 6266
44 937
5029 6959
5897 3939
3181 318
4915 1646
890 4661
3907 5428
3135 4996
159 7013
1936 1503
1170 1611
2022 6231
3247 368
6845 660
7201 5108
6953 7452
3535 5896
7190 2268
1377 6180
769 5964
4380 3684
2646 5245
2320 2142
499 5091
5101 234
7004 4183
2567 1592
3420 702
633 6418
5255 7481
2184 6374
3588 2652
4786 5747
7457 1312
4658 4931
3000 6812
4084 3386
4936 4876
4074 6041
5839 6315
4271 3449
2504 4298
3847 5105
6408 1658
5651 6668
7115 283
43 622
4533 6404
550 6852
6808 4989
6625 6349
6387 3008
3143 769
850 50
6585 6368
5796 5200
6543 6094
5162 1571
7551 1120
1604 5106
5209 4990
6490 6142
5461 330
3173 3599
5919 6818
1800 1677
5729 7408
1578 7112
5631 3343
5580 1652
315 2998
3979 4040
7294 2298
6350 6477
4559 6435
757 1642
2049 7164
126 6146
4006 4065
4739 6585
4529 2351
616 2730
7157 7128
1276 2665
3508 5932
2775 5045
3166 6727
1309 3617
4840 5171
526 748
3506 2674
6232 5360
4354 2425
6034 4917
3033 1967
5376 4550
6528 3810
2176 6942
3490 6162
4126 2489
3123 3396
508 1655
6056 2962
7317 2978
6384 6344
3796 1225
5191 1202
6426 5183
6199 6450
2276 6849
6521 4771
4528 4935
783 1312
5976 1507
6842 4193
3288 1120
1039 5265
931 5876
1310 5395
1041 1210
453 1062
3289 2290
491 3849
2791 1563
2834 594
6054 4208
6980 7120
1357 2488
11 1620
2858 528
5081 1607
2493 127
2637 3591
1146 6036
1882 6431
3234 5474
1788 4597
5038 7472
1119 4797
1407 1103
1594 4484
643 2232
246 7103
541 7104
7348 5358
6090 4036
291 3713
7031 446
1704 5813
4701 4320
123 5890
5102 5210
290 1765
7070 7502
4648 193
3973 5047
6774 6943
5539 7453
3 2796
90 541
1311 265
3405 3673
3316 4543
5273 6735
5459 1326
5559 5875
880 4683
7029 1405
4955 6697
6156 517
328 2975
5312 6744
1007 5000
3259 7278
7393 6255
2101 7084
5993 2142
4486 66
6843 3482
955 1069
6719 5881
5195 4793
1844 3904
4186 5848
2826 6652
6286 3980
4244 4744
3754 4862
2260 2515
4493 595
1197 7167
6057 5741
559 19
1006 7034
3150 6159
1391 5096
1760 3428
4973 106
1431 3629
4433 5502
4998 1996
3186 7070
7282 6500
1029 5882
3710 7435
3342 5715
6743 5805
582 621
7401 2707
6100 5350
441 367
3157 4890
925 5896
6370 7511
1184 394
1531 4745
863 4798
3858 1859
5264 7081
6615 5155
33 3562
6548 3528
5738 450
692 266
1385 4043
5941 6183
4157 5881
3730 1024
6059 1338
733 5308
7441 6760
6367 6393
6539 4449
3052 2736
6453 3691
2976 4209
6728 2744
4702 4459
941 2455
3226 3753
514 3998
4301 278
535 941
5354 3280
4609 5717
5337 3002
2706 5804
3993 6029
461 4534
3690 653
2458 2659
6313 5908
3349 3043
720 7459
606 4673
6944 1722
3751 450
1943 5552
6416 5062
112 4192
718 323
820 5714
6618 6267
3991 2602
6204 3539
46 6691
6261 110
4063 5102
6811 903
7162 5183
5221 2647
3941 4529
867 5777
1683 3332
302 4139
5493 879
2756 875
5988 2623
1734 6980
913 4431
5160 6347
4545 6071
3502 6521
4507 1253
2776 7497
4958 5189
3077 6882
4327 6017
5694 1924
1238 6941
2761 3311
5808 452
6838 2888
4067 4055
3271 3694
6316 4744
7019 4274
1054 6972
1075 4633
828 2678
1928 5342
3890 7410
2519 2301
3476 1428
2811 5183
1135 3006
7363 758
7252 6441
5174 4207
1977 5262
4647 2122
6616 491
3377 2323
6398 5590
6113 1607
4429 3704
7277 2453
807 1905
939 1170
6197 4128
1847 950
796 5126
3868 3577
3208 6721
5510 489
5780 7102
5268 3562
1703 6817
211 5069
1157 616
4116 2047
6875 5768
6853 6529
5383 4476
2240 5953
3896 7519
3488 749
5835 2462
2576 2579
2937 5509
5929 6591
6386 5428
6511 423
5476 1212
5731 4509
5411 552
6950 96
5952 1580
2310 5423
2817 2200
3252 4421
4282 5886
7486 45
216 135
1185 263
3053 733
2815 5510
1950 335
6190 6673
6407 1633
944 32
1331 3780
5130 5326
4579 3819
4025 2604
1681 3547
4335 594
1365 5296
2664 399
2233 4213
443 4343
3698 1912
4399 7551
2330 4931
6116 1935
2973 3710
403 374
2041 823
2661 7363
6541 3595
632 2643
4288 6105
108 6109
6394 5232
6844 2571
5597 3542
7026 2320
7085 6014
3912 5183
1995 1797
6447 6019
2409 5855
7205 1391
284 5227
2113 3166
4050 340
7101 2485
6164 3301
7470 6178
7274 6319
7527 6735
6578 4758
2051 7171
6526 5949
1277 2111
2386 2831
5560 7004
5739 7079
6575 5038
3113 5429
1842 3686
4863 4357
4766 3930
6706 4798
2585 5976
1025 4181
1328 3047
4317 1527
5249 1361
3028 5741
4948 4140
6050 4924
331 1061
1511 126
1539 4423
3184 7173
746 5750
1586 286
7504 4623
5844 5387
1524 3139
7275 6878
3419 6964
6771 1232
1612 1250
5684 2036
7015 6167
7513 1205
7362 3396
1648 3702
5627 6980
1002 3547
6773 5291
964 6843
1017 6131
6864 5793
6040 6265
1481 3684
6681 1983
7442 4124
5866 4191
5242 6599
2701 4631
69 1016
6594 386
2696 1312
3919 2506
300 1019
5357 378
2270 824
5515 6302
6172 2849
3811 6896
304 5547
1145 601
6513 6295
3219 2342
2230 3414
5776 1935
4083 4047
3773 5908
6954 4453
904 3535
7023 3991
5453 3874
7118 3519
1100 5850
5113 277
6271 1929
2286 1764
1374 4092
5420 4
2797 2009
6750 2336
1215 3802
5990 1947
2813 1408
439 7341
2553 4916
1637 4868
5751 4439
3149 1983
5495 2326
3826 6246
478 4191
4048 7045
4145 216
6506 6331
5039 559
2617 3762
6593 4985
1203 5029
2183 593
2350 7113
352 549
5841 363
6540 933
662 2883
4933 4090
5563 944
2000 5884
1555 6495
3534 4392
7310 4580
3726 4927
2151 7475
479 7089
424 7541
7191 2010
6900 1461
4800 1612
276 4173
642 1859
1541 4261
1336 4256
4594 660
5517 2220
2035 5457
844 1319
4568 5301
2841 7413
6027 3421
4585 6098
6656 4194
5164 5884
6018 4160
3071 7208
2006 2318
4284 551
2551 2020
6945 4593
3273 3985
217 7014
2419 3546
3645 4120
7166 4687
2657 304
4645 6612
6909 6907
1224 2912
2783 1292
4792 3259
2588 292
900 6882
3748 3498
2538 1553
366 5567
5256 6409
6411 7304
6603 4656
1240 735
3976 3493
4028 2701
5898 5743
3505 99
6484 7555
2283 1568
7217 6272
837 6180
2494 422
204 982
902 6689
2547 5987
2018 5149
1269 2861
947 6785
3372 4353
2771 6956
1171 5751
6572 2047
1248 3016
1726 6913
1272 4806
2297 3718
6365 1159
6746 2028
4718 52
456 5427
4334 603
3256 4321
7151 5222
3395 6742
2501 2463
2965 3537
7207 5755
4769 7234
6732 3169
4011 6827
121 6608
2502 796
4979 2694
1384 423
5247 6435
4258 7400
7391 6619
6707 1806
3932 3628
6326 1956
1740 393
6046 7543
89 7473
6694 3013
1693 6817
4818 7368
6923 6590
5028 2610
4992 7081
6093 2584
6395 1834
5185 5191
4539 5641
1067 2299
3302 1142
3865 1606
3933 1025
6792 725
4764 194
5345 7266
462 4459
1856 4986
639 4253
3905 3053
6307 3933
5814 3887
960 4430
6514 4965
481 6671
4224 6421
3646 7202
6122 4191
1480 2846
4866 1137
6479 7437
280 813
181 1800
6224 2082
972 6228
4887 795
6438 3343
6823 2730
4200 1201
4395 1151
6130 5977
6399 6134
7500 2577
5700 1440
2933 3095
6475 982
711 2846
4480 55
5568 942
2688 6533
1349 6564
6978 3819
1573 848
4586 1853
699 5544
3885 7044
156 1691
114 5044
2130 515
2016 904
2370 2291
756 1707
4735 3403
1512 4779
3038 5841
6919 33
3327 4631
4925 43
4169 478
1678 7033
6559 244
774 6856
590 134
2677 186
6595 4955
4753 3158
5425 1221
4387 3861
2393 5565
5862 518
4461 6731
205 5468
2353 5205
2634 2150
1132 4812
6516 522
1343 4847
6268 2130
3971 6976
7194 3678
5473 3729
349 4354
5053 879
3793 6221
5257 5741
4879 1831
2812 1481
5347 4733
3389 4371
4981 7170
5773 1933
1679 5902
4161 7121
3981 4896
4326 80
2196 4157
2516 7470
4474 2413
5596 6804
3354 4736
831 353
7117 7186
7124 556
3152 2571
4761 5108
4305 2341
1931 379
1663 2349
342 4436
2993 1310
212 4371
5327 2352
2376 4521
2179 3758
1321 123
3439 6236
6623 1746
2589 1205
2692 2227
4669 3461
1208 2604
2476 2857
5151 5909
6850 960
6075 7331
1246 5510
1506 2821
4264 4797
995 254
6692 2187
5640 6223
1985 833
1034 3547
7168 7131
4469 3648
618 3321
3633 3111
1502 7176
4620 1722
4096 3889
5497 4389
4518 7291
4035 3817
3299 6314
6836 2799
2689 4729
4577 1995
1055 3184
2860 1338
6214 6071
609 4141
4775 2444
3207 6105
2306 785
5504 6471
5141 2588
152 5304
248 1746
5373 386
4830 469
6237 3715
1458 7195
5012 4598
2800 5980
3997 7360
1794 86
6330 1956
3544 3402
2587 7542
4757 7173
2859 4190
5487 5057
6840 1391
798 3326
5904 6428
2143 1205
2383 3666
3911 3945
5190 5913
2558 7272
3455 2615
7147 2299
3040 2115
6990 5977
1074 4925
5253 4991
1284 5972
1214 3143
804 4307
327 3717
7308 4617
465 4140
6112 2644
4695 3102
2679 693
2723 6600
2970 6886
2398 2957
3317 6616
6396 6683
1718 7395
5436 5747
2938 7454
723 2741
4682 2337
5970 4366
3879 5035
3570 1871
3642 1653
5569 4206
5412 884
3204 6995
1588 2442
2303 2522
2997 3734
2486 1949
689 6779
5812 4924
4881 1629
7152 3220
531 3473
7366 6508
4367 4412
4822 3004
472 3646
6193 1083
5061 2063
4490 5882
435 4823
6993 896
675 6338
3797 689
1489 5949
1672 7450
1911 6232
2331 5851
2949 3990
4780 4501
6829 5243
6011 3185
184 5660
2708 445
4269 942
1934 7228
5246 7131
5702 2783
6304 2794
189 7160
495 7442
3408 5795
5283 5261
5258 1197
1994 6238
3083 3566
5153 4713
2631 601
241 6600
2543 2227
1048 262
1915 3124
5250 5807
5409 1308
4694 3410
6165 7113
1278 6430
3388 499
3250 3336
5830 5241
5827 5060
6275 4847
3601 916
5051 3011
7110 4072
6363 5059
4606 5896
1158 6832
1872 1631
6068 6971
58 5299
1156 31
2582 6413
2088 5823
1978 5163
5936 2821
1155 187
6118 2353
3382 2283
6957 7199
2432 5671
3624 918
3371 1505
3110 561
7350 152
5628 5230
105 5401
1258 6572
6381 3796
1757 162
936 5322
3843 5773
2559 5545
377 3239
4442 2433
3807 2158
326 4438
2046 421
3720 1355
2520 5684
808 4485
2532 5679
4686 925
5025 7357
257 6938
7471 5859
4616 3210
6376 2398
4179 3504
686 1611
7483 6357
2066 6535
6860 4597
1418 431
2655 7363
3553 2495
2980 6938
744 2635
2575 194
3740 6671
2483 1092
2599 6416
153 1679
6752 1082
745 7527
2017 3145
6782 6960
3711 2306
6061 6802
1675 3702
4188 956
4765 2651
630 6777
2024 5388
200 607
5633 2920
5720 3522
3518 523
4416 4279
3346 3431
5396 2700
5677 7136
2390 5590
855 3717
3146 5383
3928 1226
5240 2206
5635 267
6629 5493
7253 4048
921 2749
6366 3598
4293 5601
6328 7030
1463 7095
971 2389
6952 3851
5900 645
5582 393
5951 3601
3232 1381
3769 4804
3757 2473
1883 995
7355 7476
288 3429
3636 13
3078 5884
2293 3417
1626 6085
7478 1822
6377 2643
7143 2427
1200 2490
3360 3213
3480 5985
6890 4372
6580 4775
5289 4640
1570 6755
2989 648
4588 6566
975 7121
5708 840
1104 3980
6401 3919
4426 3169
4133 4737
2721 1276
1875 5631
3680 1095
6414 1024
3229 3750
6114 6420
815 4116
1446 655
1854 6471
1255 3045
7550 6976
2566 1274
6962 2470
6664 4551
1342 1135
6828 1977
1362 3876
459 5660
2745 1296
605 3663
1958 3482
741 5221
4790 6338
5570 6836
4001 3562
5822 351
584 1995
1954 4663
2192 5311
4564 6811
4311 3347
4119 5158
332 2514
4132 3311
2944 4169
3362 6559
2209 6426
118 3358
5621 1187
7021 4553
5916 3723
6372 3675
2638 162
72 1291
5685 2159
2031 3542
2727 5991
3292 4294
2205 1766
6360 3467
5879 2233
4415 4044
5674 2376
1183 5542
1732 3186
2803 5487
1618 2629
6492 5239
7300 7476
3066 766
3065 6359
2328 7487
6903 1023
1982 4020
1005 6231
4182 6284
2972 3116
6468 3584
6208 6246
997 2708
5087 354
3487 3058
4408 1563
2033 4995
1654 4898
2608 351
3967 6369
2060 1737
3585 220
1273 1708
5681 2051
1088 188
1283 1144
1317 1670
707 3698
74 3551
2406 6324
192 2817
5400 1585
2931 6635
8 4551
1390 7029
1392 279
4100 2743
3286 1798
6871 2868
2590 6363
5917 1267
2134 1118
2951 1391
6653 7366
4946 2191
3679 5561
5065 3295
7054 6306
4091 3763
2766 2905
405 5962
6448 6616
7107 3974
1299 1939
438 7108
1112 2218
6899 5081
3641 5096
5449 6856
5266 6599
1444 5138
5143 2514
868 23
496 2855
5442 3704
5186 2148
4910 1908
5042 5514
3533 561
5983 6938
7423 5633
2822 5563
2742 7058
2407 2453
1231 569
1650 5257
6469 416
6839 5618
6356 5387
4538 6959
6714 4431
1537 5738
4066 3215
3176 2521
5659 4554
4129 6450
2055 1083
4548 825
2032 3025
2365 6407
4530 939
2443 6799
355 1491
2292 2631
5992 5210
3812 3481
3344 1207
3331 5572
638 4758
5462 407
4425 7071
4646 4387
4350 7002
4475 2048
5084 1426
1313 7119
652 4249
1619 3702
4959 815
7204 2559
5193 844
901 6508
4329 4449
6107 3524
5670 4261
3397 4072
3864 4764
4957 543
6574 2342
4939 5601
1667 3167
4364 2060
7515 2518
5766 4407
2499 4500
4921 2122
576 5809
6925 5738
3881 2150
2907 5393
4922 4562
5769 6341
2207 2257
2093 4122
5440 4480
649 2127
3069 5171
1876 5023
404 6257
1302 2404
1437 3633
4460 2148
7447 6808
6553 3222
7526 6694
3514 7482
7267 6088
2242 1440
4789 6483
7220 3046
2477 5026
149 5475
5492 81
180 247
1015 1431
934 6739
4626 7272
4069 4273
2019 7156
6588 5860
6 1453
2872 6517
6234 2426
4637 2637
5503 3312
4045 3814
6646 5559
321 1501
7346 1323
4196 6040
5421 3739
6402 4485
5325 1187
6910 1422
6609 3732
3489 5200
510 1981
3660 2130
3531 4767
2083 888
6762 64
862 1591
4012 4704
1759 7195
3486 2196
4352 4073
6722 5619
251 4396
3411 1533
5217 5661
878 2560
6502 6986
5507 1062
2128 3478
5352 1636
5922 5032
4962 300
5711 3028
4277 806
2415 7131
4722 5420
463 6054
4143 2883
7212 3584
4180 4119
3443 4788
7347 1088
250 434
1730 5844
2217 4835
3828 6403
4514 4004
2034 5104
6621 5164
3251 1062
1442 2622
2441 399
3612 1862
1617 5476
4726 1118
2348 2180
6060 5417
313 4425
5930 1115
1403 4510
1852 1944
6373 3815
4290 2500
2636 2929
4221 6496
92 6952
6299 7137
6031 1308
4178 5301
122 3865
1894 7109
7301 5950
2103 1950
5197 2592
4555 6475
2424 1999
1473 2478
787 5682
4968 1859
6432 5881
3582 4269
1262 4670
3572 2995
166 4022
7411 4180
4512 162
5203 6462
143 3757
139 2260
5030 3318
4023 627
6813 5534
2616 3548
2917 3279
285 3740
4375 1915
2305 5005
5831 1825
4468 3787
1986 5260
5356 771
958 3114
1065 2210
2986 4009
4491 5327
2338 3212
1435 103
3716 1437
3092 6699
7540 853
6091 6075
6095 826
2264 4716
2864 2544
4219 2597
1345 5065
4260 17
3304 4493
5854 4736
4167 4969
1922 2304
3608 407
4511 6491
4172 3719
792 2097
2491 3336
4336 853
3808 2750
6758 6964
5647 2692
6129 1350
4014 65
4728 5945
7096 6634
577 122
5935 6475
5403 856
4688 3784
2402 2398
680 3256
6226 4388
5036 423
5310 3198
4472 7152
5426 6134
3846 2728
3375 1412
3433 1614
3413 7094
4612 2462
1919 1021
2513 4636
3104 2857
614 3385
7037 745
4908 5392
467 4668
1808 5980
1421 3878
6645 6116
5803 4982
1687 4276
4483 6278
778 3791
2923 4814
737 257
210 4948
3643 699
7007 3730
1569 2404
7384 7266
168 1693
5006 207
777 1377
1050 5568
1761 2496
4099 5789
3987 5048
4961 4692
6512 1904
4681 837
3132 4545
179 4432
5984 2493
2654 3022
3249 2521
5154 4566
2974 3572
894 7321
4342 1458
3168 994
4679 6867
7554 4584
1623 7498
5207 5171
5176 3395
6700 201
312 4808
4589 4714
3755 2472
1301 6496
389 2796
2755 6467
4308 831
2110 3568
2195 264
6309 2959
6222 6548
3225 6303
245 2226
2633 2525
4267 4796
468 1956
7440 2753
3799 495
7361 112
5883 5518
1090 2060
2823 6856
5466 5897
5736 923
140 2727
7431 4648
5443 1424
3266 3587
6097 7517
7412 6937
1738 5174
3191 1310
6908 3467
2263 5514
1474 5190
226 4151
2456 1134
3115 1306
4406 6479
895 3076
3564 6576
7354 3482
805 2753
5966 931
1517 5725
7329 4214
762 6373
3182 5706
2718 6765
3670 234
6527 1748
2081 3507
4696 2009
5270 1579
4869 6588
3109 2603
5695 4612
1941 3081
4709 2065
4108 1088
1445 4691
5082 1722
6279 4760
1581 655
3766 5232
5116 2018
1150 4499
6252 5039
4382 5645
6561 4735
2722 5035
3020 2727
3438 1677
1399 7486
341 2736
4233 5156
6649 2173
4888 285
2759 5678
5133 1230
2955 6072
4934 3481
295 1625
1363 1352
7313 3258
3093 4929
7211 1800
1925 5008
6262 589
5418 170
6206 6959
3767 3634
5114 4354
3434 4092
6642 6506
3451 2638
3041 5643
6296 749
7097 1437
2941 7065
776 1531
5782 6987
5943 44
6776 6165
60 1596
1962 1763
3350 768
2507 5347
5450 6231
3563 6538
5234 5594
1513 5718
289 1753
1286 6586
6654 2486
2641 6000
7523 401
6530 6971
83 1037
1937 4612
233 580
1987 5246
673 3354
3603 2269
4150 4597
432 3449
7062 3716
3929 2975
4977 4730
4185 4865
7055 2990
6081 3751
6283 6090
5004 3663
5303 4620
4677 3396
1914 4599
4659 2032
6473 7357
3162 4252
4368 2224
3254 5202
5712 4293
2778 793
5385 6673
7460 248
1921 3994
5305 5670
1125 1116
6806 5362
5211 4285
1493 6652
6837 683
5343 4598
2545 1750
6005 241
6894 4403
4024 4076
2302 175
7138 1103
5380 6007
5281 458
222 2975
3194 2664
2581 3230
6715 481
1820 5183
1754 5137
1052 7195
3820 1911
5014 7504
6780 7215
6320 5659
2948 4951
117 3445
1884 202
2656 6236
1329 1624
719 5809
3682 5782
4473 5263
2363 4753
1206 2206
7547 773
4930 6817
4144 4686
3290 3766
7114 4971
7364 6141
3914 7456
2118 5410
6884 3522
4131 381
7068 3956
2953 6376
724 5554
427 4149
7241 1850
268 4876
5979 7471
3103 7554
6997 2540
7261 3213
6636 5386
780 6850
4619 543
383 7512
2132 1243
726 4825
6626 1055
3804 6815
5872 789
85 1692
2517 1378
161 796
2526 2225
3768 2310
7489 128
6569 4464
1180 6700
2189 4761
5077 2791
5885 5557
2926 2604
1099 7501
2253 3212
4940 1438
6202 1727
992 6988
5915 3513
570 1217
3307 6872
3265 2550
5815 3702
1388 6713
6188 3118
2827 5033
5644 5967
224 2379
5103 555
990 6513
3460 3476
482 4838
4177 1095
651 6240
4799 7185
4005 4864
1945 6311
1697 3936
4781 4284
6736 4974
6519 4031
7218 3455
1394 2302
2498 2245
1447 7169
5707 5806
1602 7134
1789 4169
2317 854
3854 1513
7214 2060
7379 5594
2780 1729
486 5126
4952 683
6790 4979
4251 4022
701 5434
6861 1650
73 6002
4102 2389
2539 7277
2984 220
4901 3971
4215 867
6269 2375
7219 2301
2642 2663
1830 452
3183 6426
4801 730
3665 5358
6796 4985
2333 5592
2177 3850
6841 5937
5405 5551
3017 5379
6718 3505
3097 3092
1779 4755
6766 1563
1360 1142
5297 6551
731 2310
1260 3679
7025 5777
1504 3719
6924 1262
2988 2868
7491 2033
2434 6532
1712 2834
3178 5950
6627 669
5867 5862
5127 3779
225 5936
7069 1653
2446 2080
3159 4238
7286 5339
4488 3231
7436 5726
5111 4630
498 3
6676 3538
1671 5860
1189 5213
3099 845
5947 7119
203 3747
1297 1894
3172 159
4641 5769
7276 3421
7416 5725
5638 4230
973 3911
3436 6475
3014 1363
4398 7121
7545 6563
7005 7317
1148 4141
488 267
2429 6263
3089 289
6337 7157
6940 1639
4270 4208
6911 5436
5173 4285
3261 7030
4558 934
4567 3874
1113 5803
5982 4934
3511 2269
7444 3420
5041 6604
5842 821
838 6151
513 5545
1845 1792
6781 2331
2946 2804
1455 7037
6892 1898
3303 17
1509 5313
6025 2302
6216 4949
1769 7228
7418 223
2418 7032
5889 1065
6729 920
350 560
3685 3577
356 3777
1776 2371
7402 1654
915 2147
7507 5647
2769 6308
624 2441
1018 7510
1433 914
4422 1403
2278 665
4235 6139
7049 6109
2818 3990
1281 6759
4138 4697
6083 5764
1593 888
1516 2935
7505 1168
2562 3687
2475 5886
4146 841
5998 5550
3512 2209
3742 2923
30 1042
3592 861
3607 6207
5416 680
3683 4593
3470 1920
1143 3112
5399 500
6686 6842
7495 4118
1056 4911
5135 1931
6518 3168
2968 329
7314 888
7448 6013
816 1687
3983 5313
3695 4339
3399 2787
6738 5226
5074 486
6389 1214
6685 2080
721 5938
5933 2173
4266 3038
2395 4835
1889 2750
2556 1732
2825 2616
7083 1083
5648 6353
6914 3007
2197 5237
4390 21
7149 3524
1370 6752
5928 1424
3859 1939
396 203
2702 1421
6939 1351
3180 7045
2013 4200
502 7321
976 5668
2932 3774
7352 3826
1587 3729
617 5222
3153 1646
3050 6404
818 3479
2057 4969
6552 523
631 5516
5792 5831
1335 4119
3475 1872
227 653
1413 6712
3100 1534
4286 3308
5463 7511
4914 6594
6677 2371
4443 3050
6963 5572
1968 6879
7445 5754
2423 5500
5413 1103
1169 6577
6966 6254
4723 1193
5225 1221
3926 6974
6557 3851
4625 924
22 1783
970 6139
1816 294
1963 5758
1866 5541
573 931
7082 6458
2712 3713
6185 1958
484 2367
2178 4728
7259 1223
6461 6389
2801 276
6189 6819
6761 79
4016 5038
6624 6306
3746 7375
1819 4369
5212 6374
4477 2418
464 6718
5272 2195
3297 706
39 4284
6550 1545
6436 5169
4721 2202
4944 5301
7332 6674
4115 1197
5687 782
5011 4430
3940 1974
1815 4705
5307 1781
3244 466
876 4013
1782 1670
5526 3162
2265 4005
6858 89
3613 6194
4880 643
4332 327
3275 4190
7150 6166
5094 1967
4370 5638
6474 3931
5540 6205
2713 4539
1484 7197
2876 3734
7232 119
4205 2547
6220 7497
6153 6286
5430 3380
4333 1775
6125 1684
2885 4320
687 2922
6168 6377
5220 6629
5797 1044
883 4577
75 2929
1032 7027
6218 1024
5840 3429
7043 1226
2241 6643
4038 3032
147 1920
534 3065
6786 3306
3264 5185
6138 252
2853 1862
3472 5818
2819 2791
7403 2439
857 3427
7255 7409
644 5511
5336 7482
5636 7259
869 7000
646 3828
2682 2342
5148 3349
1901 6535
5469 3932
4211 3382
2469 6373
1997 7065
4289 5144
5332 6288
1560 3583
7140 118
47 928
2219 5610
6666 1618
1638 1349
1576 5616
2645 6618
70 372
1285 4191
7389 1098
7370 5882
2886 1745
5810 6034
3950 2210
3925 5619
4070 3751
3977 2331
1643 843
4087 1865
5522 5417
7479 2750
4447 2623
3001 3657
6617 2779
4148 5392
2719 3855
1881 764
3650 2759
2169 1811
3494 4230
3422 3979
2411 1385
2873 4301
4296 6030
6791 6027
4322 3230
4162 2673
7213 3463
6229 1650
5894 3684
5870 1591
5072 5815
334 3757
3759 44
6877 1724
1770 2291
3906 4154
3805 83
1027 603
1256 916
1386 2032
3034 212
3023 2395
6047 4936
6784 2831
4805 194
138 7026
1662 5321
1107 5041
2481 769
7182 711
2431 5988
7105 2763
3951 3787
4892 7359
5829 5805
2346 1891
325 5299
7303 371
7075 4695
15 6110
1085 3953
4875 6368
7299 6309
2737 4505
3430 5791
586 4298
5359 6288
6537 5923
2374 3456
2064 6900
7522 2111
4839 4712
5833 680
7381 7205
2870 1717
5431 676
3517 915
4963 642
4402 3174
2052 6019
4824 1948
5363 548
2765 5045
6601 4447
7503 1109
1396 4667
4451 2315
6825 2564
5344 3810
7116 7388
1540 1079
145 3617
2069 4831
2705 2669
2165 4483
6933 638
4540 6488
5828 4060
6494 2439
7057 4911
3500 5220
1755 3265
1014 3425
2281 4763
4068 2243
5482 1125
7344 3283
7397 3708
2928 7053
1969 1912
4303 1441
6606 3820
4170 1164
7039 5093
1515 783
7092 344
2105 3266
2668 2629
2784 6708
2807 3566
1903 1463
2116 1925
6587 2059
2410 4836
6831 5333
3270 2499
5548 4026
4759 7108
2786 3234
1270 3850
3133 2944
2464 6654
4885 895
5630 2957
4379 5327
1304 1019
5003 7144
1305 6440
1179 521
2068 4378
7123 1818
6291 5359
5748 4138
5759 6368
1372 2024
5524 5570
1913 3936
5309 1572
7146 5153
2738 7426
2676 1249
5318 462
1616 4140
3240 6091
734 4549
3458 6592
6175 3063
6970 345
4611 6326
3515 1000
6064 5131
2601 1168
4953 2227
4827 3666
3760 3593
1916 6779
7231 1162
3012 1413
400 3695
2321 1805
4318 6308
2251 2083
6859 6990
3586 6624
2428 2852
380 6877
2289 6336
6124 4584
3600 5829
7012 4438
7392 6875
2640 6130
4427 7368
7250 517
7455 786
6487 4612
150 3054
4978 5539
5118 1332
3274 2155
1026 230
2914 5318
447 3839
7248 6334
5172 7141
4034 6586
6536 3793
4773 3661
7022 4596
2135 4136
259 6393
2221 4560
4624 2931
2904 6540
2399 5214
7008 567
2627 6212
752 2495
4690 1783
5390 3174
3189 2311
5075 2685
5467 6431
1340 52
6451 2303
1857 6569
7100 7085
5649 1768
3214 2099
5089 3646
1863 6356
2672 3389
6655 5657
1554 7408
2994 3112
6210 3696
1111 2692
7533 4559
3322 3000
6457 2947
5852 4246
5981 5826
3378 1796
2454 5345
1544 3862
4107 6859
524 5249
7216 7292
2557 4761
7179 3940
5863 3331
1709 700
722 5563
1744 7324
6756 6079
343 4419
2157 4771
5218 3645
190 1945
3630 6218
5613 1060
519 6317
1287 3237
1957 725
370 2172
1984 5537
6427 6888
2554 3055
6680 6040
3772 5747
6497 6970
695 4477
6644 5720
1191 5168
954 2076
2334 5267
5244 5492
4226 6892
5675 6461
3888 3663
1897 5087
7528 5618
4411 5521
7514 6254
6703 6052
4492 5175
922 4820
4056 3840
3291 5750
2865 2853
3147 1431
6345 291
5931 1548
6444 3515
5010 3642
4254 2064
5625 5205
1307 3623
3039 6345
3357 7232
4137 7190
2574 7392
1280 2977
6571 4934
2699 1998
1874 7445
3829 5431
3163 3075
7237 7552
1415 1261
4236 995
2891 1995
1290 6185
2667 869
1698 7506
6558 6815
2139 2903
6740 7376
5760 4200
4523 5163
4535 3104
3972 5524
3938 2554
1228 7448
6187 7457
6822 5442
1475 1963
3196 4969
1046 921
2294 6433
5157 4692
1425 7167
6816 7375
1182 7361
836 6830
2809 2279
7209 1697
3737 4901
1011 1974
6015 7378
5320 5031
2145 2617
3521 5103
5016 4551
4614 1211
647 3565
6023 2889
7271 5676
2890 5811
6769 2223
5288 1444
5874 3653
6660 93
1848 724
4454 6143
5076 3527
2856 6755
5071 5521
1787 6706
4203 7036
1893 3787
1020 3444
2952 3438
3882 2537
1786 1928
4870 5515
980 2910
1333 4183
3525 4039
4602 3567
1059 1438
3175 7224
4777 5402
4487 4496
5019 2744
237 6012
881 6972
4452 6769
1198 5266
5600 1916
6429 2018
4346 4015
221 1515
3965 871
2141 2639
6163 7545
2814 7138
5147 1405
1010 6874
3070 4761
4313 2881
7490 3416
5834 4647
7001 4505
7306 4200
5617 4921
131 6804
5021 1991
3466 6393
1846 6458
6898 6912
6256 6394
3497 6638
3706 5654
6824 6565
376 5289
2675 3979
1478 7358
6524 3616
7316 4223
5455 7283
7322 4048
111 5386
3200 2099
4845 6608
1879 829
6647 3099
1122 6491
213 1652
5602 2791
2307 3313
2751 4214
1972 495
1419 6425
5622 3914
3281 7181
912 359
1096 2415
3383 5500
4678 2678
870 5789
5501 6968
6555 2059
2805 1635
6274 7440
6747 6750
4945 6737
2104 6748
6955 517
886 4922
2874 3630
5523 29
6417 4846
2878 2073
2836 684
4603 454
3935 5683
6010 6539
4743 7072
3117 1775
5910 668
4813 6458
1590 5971
3134 4817
5129 5674
1462 3536
6127 753
38 5253
1073 5277
6716 5680
547 6531
209 1903
4600 6204
4240 471
2201 5310
5282 1812
1656 562
2327 502
1337 147
199 7519
5477 7164
6632 2206
4768 7187
2533 5299
1973 3204
2185 5935
6455 923
5166 5743
243 13
4855 6022
7247 5536
5294 6737
6464 3665
708 2176
1896 6071
375 31
7406 3220
698 6209
4199 911
5615 3449
2484 6617
6613 4562
4414 3537
2212 3396
26 7362
7184 7205
3834 1048
3315 1796
3816 1296
3735 4722
1711 3624
6880 947
2078 6061
5742 777
3276 4137
3393 4652
1705 4525
5762 5681
5367 450
7273 1097
5040 4499
842 4142
4478 4192
6507 6849
3305 2480
938 5409
7074 7359
991 2010
4463 7272
3364 3295
7177 7156
1114 7522
4280 1540
967 234
4147 388
7365 3849
3549 5578
3647 2769
240 5510
4628 249
4919 2885
4319 33
4503 5330
2704 6369
2162 6293
1615 5655
5543 1158
4312 6848
4204 741
4923 527
3999 2279
4750 6458
1795 930
3294 5673
6273 2354
1557 4886
98 2052
2091 4344
133 7498
4159 3523
2927 4588
6281 6026
27 285
1500 2136
4762 6405
7091 603
3573 6615
5656 2400
5196 6608
6669 2118
6242 311
4304 3472
2388 4997
5957 2882
2340 2836
1877 915
361 2611
4095 1348
2089 7355
5535 755
671 6025
979 7510
1186 7400
1499 6162
1443 7213
6039 3193
3379 7365
3831 1573
3345 2969
5634 7417
347 1431
2385 751
3415 6440
3088 2349
3353 3869
4428 2442
877 1895
3217 6319
3188 3195
1110 2724
908 3942
6327 6444
2909 6539
5323 2062
3727 4997
1562 179
3298 5971
4217 735
3366 4469
1334 6542
4590 1746
6667 127
811 873
3187 606
1961 2153
1641 4254
4738 426
3877 6661
3579 6327
1430 3068
2591 6910
6991 6900
2830 5212
4019 2788
7427 6065
3961 4991
2023 454
2262 5142
4198 1437
16 7326
1252 1765
384 3347
781 5769
3918 415
1397 5692
4054 2451
2508 5652
2879 6811
6631 1734
6043 2035
5757 738
7367 1095
2999 1815
2077 5592
1785 5817
1068 4977
4660 1562
5439 5083
1081 5902
3555 7132
5353 7034
3027 7489
5733 2351
2810 5413
6053 294
6498 2050
1843 2159
2339 4977
1465 3922
4803 2969
2985 3176
6522 392
6196 6444
258 80
5198 6275
6525 2270
6503 4972
7093 1798
2619 1964
483 1923
5063 5659
6445 7115
3510 785
3902 809
5002 3703
3087 6151
3464 6268
6810 7353
6717 44
4255 6139
6734 6539
2280 128
4098 1732
6610 1541
418 4325
5235 3912
2844 1502
6191 6028
1254 2908
945 189
2229 260
1659 3890
529 2206
5444 959
4482 1169
4776 4810
2373 6462
14 5276
2131 3507
2541 3445
704 140
1244 2901
6120 729
5978 4294
5585 2812
6352 791
2312 1451
5975 487
3783 1795
1242 3115
2624 7120
2096 170
7243 3223
5528 6578
5973 3280
1084 668
5490 610
728 1496
520 6355
3009 3496
2605 5421
4784 697
2697 7215
3597 6225
4337 1767
1657 1672
4912 1622
3492 153
2956 3747
4202 2838
6570 7504
2618 2539
1452 4731
1777 4238
537 3796
414 884
1906 2028
322 7009
3435 3668
104 2938
1823 7272
4155 2479
3190 2112
4241 3406
705 6547
6301 4921
750 4828
3969 5348
1778 268
3245 7049
6798 904
3764 6858
3361 488
6770 703
3199 1647
5216 6027
2174 3047
1821 6281
7122 1155
5927 4965
7285 7466
5589 2720
1521 4680
819 5771
3209 378
1780 1304
157 1646
6074 4846
2102 7482
3875 1504
398 1703
3886 1253
6984 5492
3330 126
5485 7209
7307 4170
2461 5795
270 3667
6763 3278
4383 7127
659 1655
7382 7427
5906 135
2266 5183
3975 3164
2026 251
3268 1776
6640 3215
6392 2613
6103 5443
6470 7217
2503 3580
5868 4173
5939 5380
3978 1546
1467 3192
4794 3396
7165 1732
5132 7287
1012 4017
7338 4678
4873 6362
4531 6625
5070 4653
6276 1014
3631 5831
4156 6044
1482 5776
5512 7227
3061 6526
5787 6454
4358 6809
1735 3237
1163 7013
6351 3292
3761 2622
4089 3041
5486 3281
910 2654
7064 2820
6335 5860
7183 6792
3903 6029
2945 773
2760 1287
1476 5273
887 7296
2247 1839
6459 1822
4546 2956
1900 7378
7373 607
5424 2989
391 1757
4899 6541
4212 4407
4377 2074
3333 2947
3609 5852
387 4839
4999 4203
3927 345
4455 1919
4815 1126
981 3589
6211 4303
6001 3087
6379 5151
7380 7423
5530 2909
2364 4232
5219 4273
3310 1679
957 2306
3778 2437
7229 3137
5948 7500
4134 1980
6482 3891
4643 1717
7198 355
5946 7005
160 3361
817 4180
4734 4401
3556 4147
5892 6618
4227 2899
3450 7025
1736 4687
7328 4711
5058 3380
1835 166
2752 1560
2138 2297
5145 5608
6133 7326
7345 3376
654 7066
4080 5583
4018 2729
2039 5585
1960 3961
5037 4142
4315 4535
7076 1798
6332 3066
3156 4118
5013 7012
1070 3274
1127 4701
1395 872
5206 6247
3130 183
2733 6104
1627 6470
5662 264
5024 5660
2686 7036
6633 3848
2460 7068
3171 6644
2828 991
5614 1259
5858 332
132 438
7518 3576
2808 1656
4242 1620
7439 1577
4937 2243
4222 1452
6135 1611
599 1643
4225 1701
475 6857
4754 4865
2100 791
1494 3991
1036 1455
715 4293
1008 4837
4587 4189
2626 2037
5371 820
5215 3403
1817 2850
6423 7230
4437 2072
1583 3307
3968 6652
2662 1768
1878 5881
2792 6006
4250 796
4742 4896
2381 3220
1375 451
6119 5405
2902 2850
4231 2250
949 5946
2391 5133
7059 7094
1040 5156
1133 2850
7080 3736
565 4780
485 5029
6973 4303
4121 1949
2450 1230
6847 1958
965 1199
3832 420
6049 2814
4774 4135
444 1604
623 444
5238 1919
4046 1398
1686 3004
1401 5600
1130 2815
2043 5455
6067 6905
7125 4715
3765 3817
3909 6470
2282 1253
2436 5305
6967 6764
1772 3869
7086 2081
4062 6791
3407 4021
42 6545
2925 345
1423 2420
1807 3611
273 909
2182 3715
4075 1997
6154 6886
7060 2513
6465 5209
3499 6388
3897 784
5606 2422
6192 3899
3781 2874
585 3942
6826 6179
2164 7015
6294 5918
1529 2605
4299 5974
6009 268
1927 5704
1942 6326
2029 4262
1192 2550
1354 5953
3852 2334
275 817
7386 2664
2757 3480
5364 5706
7200 3256
2966 4500
4816 4635
3845 6415
3495 537
1053 1888
3144 5877
7438 2206
310 2750
3287 4122
173 4626
1838 3450
2259 290
2015 6126
4932 2092
6003 7346
2837 6300
6602 6294
5623 2643
4749 5184
2204 5010
7494 6992
1828 3166
165 2350
4988 4510
5734 5115
3530 4429
4351 3446
6082 2405
4856 2170
4278 7491
5571 2644
5110 6664
6073 3047
5533 3199
3447 1680
2125 5300
208 6688
1028 7217
71 37
1181 6407
2238 5921
6983 4297
5893 2048
2572 4322
5632 6421
3649 6718
3605 5037
4889 2392
7433 1257
3035 7447
4504 1207
598 5124
1004 1784
7325 1848
716 4983
3368 144
6106 3897
5079 5880
6235 3694
7056 4385
1550 685
5346 312
2382 3778
5903 6508
532 4760
1869 5844
6975 7408
297 5210
6504 194
197 3008
6622 7109
4975 2698
4420 591
6253 3725
4964 4885
419 4151
40 2478
2275 3904
6733 4667
1429 1928
2254 6703
628 7378
2967 6321
3789 3372
613 4697
59 6256
2300 1589
7270 6139
1417 752
6523 3768
5298 7357
6881 4913
6597 2677
6076 3126
7458 5185
7126 6135
116 4220
788 7013
7342 6070
1791 331
4872 6383
253 7460
2236 3465
4030 2041
6726 1666
3955 5070
6117 449
3412 310
2285 2429
2609 4211
5963 5360
4860 1212
1892 3104
1758 847
1241 2336
5319 4962
2770 1660
1694 7210
1393 4814
3752 1286
4967 2521
7480 1255
2536 6970
832 6664
5744 4377
2025 6893
3338 7010
3370 5588
5001 5218
4104 6216
7333 261
4904 2335
5989 4578
5315 2581
1490 1118
2235 6644
5965 2100
1410 1396
893 6694
5710 6687
4909 3827
1487 5946
2167 6952
2258 3341
7020 1251
4756 4022
3692 1998
7050 6174
57 5291
1634 6203
5605 7363
1520 4371
2447 624
511 5593
5368 932
4345 1717
101 3929
4676 1979
7238 5387
4841 1100
6020 4765
2911 7128
7178 2411
2900 2822
6121 4587
2067 2044
530 201
604 6434
5968 6540
4197 661
272 7432
7383 4195
6318 6208
664 3781
536 6539
608 5485
5699 809
1651 5057
2847 3917
2982 1243
4859 104
7387 3172
1236 7106
2358 5539
3520 3948
3838 3215
2913 4799
620 3354
3471 4180
7521 765
4424 5149
5586 2234
6108 6218
228 4078
4655 5539
2523 5258
6797 727
3423 1757
558 3855
3072 6347
5775 2821
3325 5420
1471 4534
4489 7226
7420 4033
3211 2541
2149 4848
5251 7005
1887 3222
1702 3478
2332 5928
425 1160
6865 5301
5577 6725
4515 392
5415 4996
4943 6965
6920 5068
142 6151
4601 1844
4362 1966
4576 349
2845 1972
4572 2286
1833 7074
125 5834
3916 1344
412 6110
1460 5670
3671 928
1676 5787
1699 1089
4654 6520
5669 6492
1902 6670
6150 477
7016 4148
7419 703
5821 2902
6946 4351
3575 3479
4882 5354
7548 7265
1229 1408
3707 3500
951 3021
6066 6311
1713 1480
1368 2962
1864 148
5820 709
6854 2210
927 6731
2767 2958
1668 7545
6851 907
3822 303
1094 2363
564 5212
1827 4357
2030 4804
7174 1803
1938 2190
7422 5338
4693 214
2119 3235
2529 2361
6932 5987
1749 88
3658 1543
2343 3137
1813 6166
1030 7329
7462 3106
5856 192
6741 1825
336 843
5905 2163
1327 6631
1661 127
1218 465
4532 4806
6123 4074
3125 1444
3638 6368
2681 6519
3154 5356
1459 7529
4662 424
5340 2312
1341 6411
4811 3214
4007 2803
5331 1734
4257 132
948 896
1141 1780
1574 4140
7073 4092
3401 4112
1695 6812
1139 3454
1926 1536
3257 6484
5284 2862
6863 3617
3776 6484
5107 324
4926 5680
1247 5697
6410 4402
790 1691
6584 2802
