8479
2026 5539
3002 2026
715 2026
4711 5539
4521 3002
163 2026
6433 4521
1217 163
4985 4521
6828 4711
8055 4711
8041 5539
653 1217
2491 2026
2074 5539
7866 653
5946 653
7470 4521
1312 1217
5828 2074
5734 3002
7243 7470
5488 7866
7302 2491
6641 7302
1473 1217
4959 1217
3893 4959
2428 8041
379 8055
2964 7243
5360 5734
2429 1217
4464 5488
3184 2428
5912 5488
5667 5539
1961 715
6110 5539
4188 4985
433 5828
8222 5667
1493 7243
7202 5667
1266 4464
7001 8055
5003 7302
6249 433
1066 6641
1806 4985
1350 2428
8353 4959
583 2964
1065 7001
3572 3184
7600 433
5651 433
6910 2964
7960 163
2844 8041
5435 6433
6081 433
871 1312
4387 3002
802 8055
7113 5651
615 2074
1396 2964
4082 7960
4715 2026
2024 1396
7324 8353
4400 2491
5406 2024
8442 7001
1179 1066
6319 7960
1074 715
6127 6249
5157 4188
5850 5360
1766 1961
6305 4959
4212 6305
3179 7243
3610 6641
3808 3893
7070 5734
2856 5539
2583 7470
4533 653
979 4715
2202 1766
2412 7600
1094 433
1313 2202
3500 6910
3275 6110
2605 1806
2886 3179
1323 6319
4168 2605
865 3808
7445 1094
8276 1179
3299 5435
5241 2026
3519 8442
2868 1350
3215 7202
6320 2844
2910 5003
7466 2605
1229 7600
2399 7866
521 6320
5919 979
7531 3184
1871 7001
3715 2856
5568 6127
6453 1871
4097 7466
2950 4212
1745 1094
718 1266
3949 2910
6932 3215
8336 1066
2278 5919
8384 2868
5508 6305
5318 8442
886 5360
3259 1350
296 6453
3558 8041
3972 5360
7976 8055
2039 6110
2758 1266
975 4400
1431 1094
3181 7445
5577 2583
8457 886
1042 5508
6451 1094
859 5577
3503 5912
7011 4521
7474 8457
5687 1493
2805 3184
3152 7243
2764 1323
7234 6249
579 1094
6006 296
5387 7466
6503 7302
936 4711
6911 1312
8088 3299
1260 6249
8287 4400
3981 2583
5285 7470
4036 5157
8159 2399
2861 6911
4059 4985
34 8384
2630 865
5974 5667
5686 3259
5472 2202
3750 4715
6927 7113
1332 979
637 4521
2302 4985
4471 8457
4460 583
1039 379
4129 3500
4191 6110
7038 871
5263 6127
2772 2861
4606 3572
2924 4985
3653 8287
1130 6127
1668 2412
755 3653
8380 2412
5482 3610
6488 8159
6913 2805
8224 8384
3812 3808
3498 5003
7589 1065
7996 2910
2779 8222
3043 4959
842 5360
8471 3299
7297 4082
7176 2412
8350 3500
1056 4711
3331 2605
5236 3972
362 3519
2482 2950
2565 1668
1504 1396
2064 5687
3188 7234
7552 1332
2091 2026
577 1042
55 802
1034 2565
6883 1229
530 5360
3954 865
2780 5387
7403 3812
2670 7113
5346 5919
1376 653
1907 1312
4706 8041
429 3572
7651 7011
5377 1312
6690 1961
1992 4387
3063 1431
8103 7001
5041 5472
5590 6911
3018 1806
954 6110
7709 1074
8221 7038
2923 2565
2422 5482
8177 6319
2511 362
807 7589
6955 521
7431 2886
5349 6911
3352 2026
2522 2565
6891 1042
6836 1065
7150 6828
4481 3002
7510 2583
5167 3519
5178 5360
932 6433
5550 2886
6620 755
1387 1034
3304 5041
1101 5590
7153 2429
580 7070
3267 1376
4552 8224
5579 8041
2685 6453
2722 5472
3212 1350
4951 1493
6212 5828
5120 1066
4205 7038
5509 7403
5973 3715
5177 1376
1994 653
4699 1961
7025 577
5668 4036
7716 2422
5853 3259
6154 1745
1774 5349
3854 7445
2929 4552
108 8384
6906 7297
4424 7976
5107 4606
2269 5590
3204 7302
228 1323
7559 5974
7438 2780
550 4188
7790 6320
5956 7243
2055 2428
3869 7324
2077 8287
2739 228
7352 859
8296 1766
3755 3500
8443 3212
5460 1473
1533 3812
5604 7716
3795 7790
7697 2422
1181 6911
5548 1323
4673 6433
4445 5853
4970 5548
5113 1376
6269 5003
5672 807
5146 6690
8075 521
6085 7153
6822 3558
6106 4205
5453 3572
570 8075
313 954
3013 5146
7246 6911
6634 1766
1111 2964
596 5488
1222 5285
7293 6453
4569 429
5785 2522
3308 2429
4328 2428
395 313
2800 6822
7785 7070
4752 6634
4310 5107
2279 4970
7157 859
124 3755
1905 4188
8472 6690
7420 5539
983 7153
2813 4328
3768 4970
757 1668
4962 1094
7772 3869
392 2279
6040 7866
5766 2779
6264 5041
256 718
1912 715
512 1181
5744 5956
3421 4962
1159 3750
4581 3519
1947 577
4020 2779
4548 5828
7419 7996
5842 34
6611 4129
2119 1774
3864 2670
7807 3152
1377 1994
8288 4569
1698 1222
5394 3972
5529 6249
4566 2924
7138 3204
2620 637
669 2739
4065 3275
8435 2805
52 7600
742 8088
1490 4129
4979 7070
4809 1094
7635 2620
3054 3795
1760 6488
3574 2739
7631 7138
626 8353
3121 4521
4174 2074
3370 5453
2373 3204
1993 7438
6734 6269
3151 4424
2773 4460
5938 5667
1113 5435
348 1992
7383 2055
7 4129
5915 7635
4231 4581
6923 2620
4799 4191
946 615
1352 7445
64 4715
7799 1994
872 2522
4137 3574
1167 5509
6348 669
4587 5241
4159 5974
3879 6264
8070 3063
1851 348
3824 1352
3039 6828
377 7589
8185 4581
558 1260
7067 5241
3499 5668
94 6836
6238 1323
2124 3063
8476 6690
486 2279
5386 2780
384 1473
2057 1222
3985 4569
6296 6932
7725 2964
6142 2929
4073 6154
3813 550
623 1350
280 7470
7192 1130
484 1266
7310 7
2353 4699
770 6249
4227 2779
2232 6828
3528 5766
4870 384
934 7470
2730 6142
7000 5577
6789 4481
4527 379
6356 4711
5191 1745
3245 7807
3684 637
2191 8222
7063 2605
4391 1217
4475 2861
1188 5236
7241 1504
7276 7352
6079 8070
7703 859
2778 3304
4232 8380
2148 1905
877 7113
7372 34
1966 8288
7354 2202
3902 8384
4578 5842
6714 280
6581 5568
1024 3245
5024 5785
4660 5349
6775 3267
1492 384
2138 6319
301 7466
2247 6106
3098 7531
5170 742
3297 3972
3746 4460
7334 2039
1998 4137
6124 5482
3983 3259
3856 4328
4105 1111
8097 8380
3371 6085
1139 4460
7117 5668
219 4581
6157 6319
1363 5041
3479 1698
6086 2772
6014 877
6069 6955
3217 7703
8268 1217
7208 7001
6084 3856
7232 8177
4343 4959
6589 8471
1055 2119
6402 7552
7388 3824
4625 2813
2293 1668
4597 8472
487 1065
7193 2778
6070 6079
3385 5360
7048 7372
4704 7438
3206 108
5228 2074
7527 5548
4003 1332
1412 1998
7617 4471
7159 7352
3995 4660
874 3152
4245 1376
6885 7
1335 2522
8092 3151
5363 296
3481 3750
8255 8088
353 8380
6882 1222
3697 2482
3679 3275
5612 2950
6140 742
208 2074
3723 5228
8178 1961
5344 7063
751 5346
7934 7246
654 2773
4588 4597
1849 2429
3974 1412
1463 1074
5464 3151
2311 7531
3247 7725
2869 2522
3424 2091
4812 2026
1509 7000
5420 2511
53 1849
7592 3746
2020 4711
1434 7866
2392 4159
3903 5420
1292 2929
229 6106
3023 6451
6600 3039
4746 2522
4399 5460
1301 4587
6436 7113
3133 5420
7378 4105
6437 7866
5863 1806
8325 2399
6662 1493
4474 5178
7014 4059
6787 2399
644 4073
6851 1806
4396 3995
5618 7799
2908 4979
5288 3808
4166 429
8420 6641
8264 2399
235 6911
7608 7
5961 2428
7927 4245
6156 4799
3175 94
7494 6589
4357 6124
7253 1181
5750 7600
5675 6589
3050 2020
3320 4205
7818 8420
3397 7038
1574 6356
3311 7159
4117 4552
1148 6787
4246 2138
3847 6600
542 3499
3160 2247
323 983
1419 4166
2713 946
7751 1066
4869 4578
2014 4951
5953 8442
5866 8384
2934 3824
466 1574
4671 2685
7801 5346
5275 7310
206 1332
7485 6124
4800 1222
5057 5734
2731 4673
5238 3746
1752 2373
156 4245
3117 1396
6653 3275
7838 6305
3541 429
2600 3308
1329 5508
3688 7635
1386 2722
543 4424
1778 7838
5122 4711
8214 1148
627 6927
1290 3217
920 4521
5696 4870
7116 3499
2840 7470
8101 6634
6135 842
8242 1056
3687 1905
6771 3697
2285 4357
1180 5866
3277 2731
8213 6885
1466 4706
4221 8476
7046 872
7145 1301
6175 5550
6404 1907
4942 3503
7944 2583
2025 3133
147 877
1656 1290
7929 1431
3356 8350
1087 2074
5664 4706
6219 5672
8370 4959
8191 1698
3951 644
2696 8185
276 6433
511 1056
7607 770
6445 3679
2958 1113
7340 946
3431 5377
4409 3098
8378 4328
3239 1851
5206 3297
3784 2422
2607 1179
43 1473
787 2929
102 644
150 3869
2434 1912
3933 8457
2874 7438
8109 5509
7515 5508
6520 2202
6381 3558
3000 7046
6712 1111
1678 6356
2996 3574
4479 637
3322 2779
5640 3572
6399 5568
316 4129
4934 2722
2636 8177
5698 6433
2164 3688
620 4232
1106 4799
8284 4800
6702 5672
75 7866
2260 1188
2603 2434
4824 7510
8477 5363
6049 7716
5269 6653
8345 5228
2712 1668
5832 5122
2374 3983
5098 7253
354 3217
1322 3308
5933 5509
5082 2758
2221 6264
129 4587
4311 3424
6691 7070
1141 5946
7005 1419
2061 235
7336 2583
8026 5057
8395 5912
441 2055
7391 8214
202 1434
497 5828
7228 2511
1487 4166
4893 7354
2394 8288
3763 6081
6109 7014
4903 6641
148 7772
7499 5453
5791 8214
4113 5178
2195 3212
1143 5973
3996 1335
8254 8336
8382 8472
4610 7785
4608 2868
5888 983
6738 1752
6700 1148
4687 1301
7745 3763
672 7785
529 316
4130 1778
2276 1419
2893 1167
1957 1113
4275 5938
1810 484
5619 2779
3550 1130
8363 5915
3354 6589
3379 6520
7649 1074
3066 4464
413 1533
7926 7589
1472 7838
6594 5590
6921 3039
5230 2482
7723 8055
5993 4715
4882 5057
2322 2269
4497 3985
2386 6140
3919 3653
1643 429
175 384
5025 7388
892 1094
7343 530
1150 2964
3534 7202
4855 3534
2506 2428
769 2014
5295 7929
2870 52
2777 2322
3606 1042
5183 7934
2853 313
121 2856
1894 8191
3388 2491
2425 2091
5598 6691
5044 2511
386 1222
7638 3043
7577 1260
3335 7372
84 7276
4324 2861
6342 623
1340 3933
417 4391
2914 6238
7237 4893
7170 4245
3103 4985
4138 3217
2637 3039
7104 7716
8153 7011
7265 3919
4164 7113
2173 7638
8244 2311
6940 4003
7370 5675
4293 6175
2439 6885
4736 4606
8202 7202
3538 1222
1249 1056
2252 872
843 1139
3892 1340
7505 2373
7346 7617
5507 1301
7315 7383
3769 2772
6622 7527
3081 7005
186 2064
5523 148
5421 521
4996 7600
705 148
826 6600
1294 1778
4354 8185
5715 3813
4254 7170
2994 3054
4337 580
6328 1034
6176 5120
5440 7153
120 379
8188 466
3368 1994
5854 1066
1481 2422
7959 1894
8166 4893
8365 530
3177 163
5891 8242
7766 2958
3593 3066
4149 6882
8038 8214
3084 7372
4478 3424
4887 3812
7534 7388
278 4337
7961 4527
6309 7785
3971 7232
6994 6828
3674 4533
7856 5866
5144 120
7418 8255
1618 1332
1448 2779
3107 7959
6998 3107
311 5891
3639 6109
3302 4424
5010 1222
1588 4979
2678 7485
6018 6503
1131 3893
126 7253
5565 4521
7900 2958
1747 6600
1140 6911
8400 620
544 4129
5563 8287
6829 4673
4447 4138
4001 1188
6613 4324
3814 5120
2938 7343
3914 202
3485 7170
30 4552
6283 2386
6403 4387
8431 1167
5208 2924
6534 7334
7268 7336
3910 1905
2375 4232
2617 1229
2895 1111
3545 596
4259 8325
6943 2276
664 3388
605 84
2602 2600
3644 4065
2728 653
5583 6906
4240 3750
7148 175
6034 1386
4583 7470
113 5107
8441 620
4439 1766
4366 4706
4929 4533
2594 7145
86 1323
539 5577
1552 5285
7235 1552
2673 2285
4562 5346
8158 6734
6604 4824
4594 5241
6066 4164
3867 7001
5361 2511
2932 3847
6035 219
7118 2522
4759 1643
1468 3995
6704 43
5278 4391
6739 5933
7539 5120
739 7709
636 872
5408 5667
6039 3768
5807 539
5169 5961
6970 5583
7123 5178
2879 6140
1575 5144
451 3949
7854 6787
1625 8441
4322 7113
6259 1111
3963 7176
2034 579
6874 313
2675 4166
454 6836
7009 7025
7627 5919
375 395
4766 8088
3901 4474
7088 5177
852 3023
6531 4445
1860 84
5354 8213
1237 2429
6709 6690
1827 7202
7652 1810
6556 6622
3740 8288
7020 3018
8077 5563
4084 2221
2303 3023
6511 7515
7039 175
3657 6932
7731 3684
813 5565
479 1140
4416 2020
6962 8287
6462 4752
2103 2636
8299 5361
2208 4671
2028 7009
3137 2024
8063 4552
4668 3864
1316 6488
6726 4824
7882 3151
5306 4020
3109 7592
2457 1113
4214 7627
2237 4212
5321 113
8298 877
5818 2583
3942 7929
4103 316
6438 5191
3495 3368
2838 3050
4555 3379
5512 3302
6537 4130
4508 8442
8462 1222
7309 4097
1382 8222
5849 946
8314 2838
346 5651
536 2712
8147 6049
5669 6219
6758 1810
713 2603
6575 5377
7478 3297
7502 8382
7115 6739
59 3500
5714 5120
1005 3902
7254 1329
7905 6613
3130 4240
889 2923
695 4903
3936 3606
7317 605
7392 1778
7379 3697
753 148
2843 43
8324 7383
5493 3177
5207 2617
5702 2838
2206 7494
3428 6404
2659 1668
1069 4606
4749 3534
455 1957
4867 7118
3338 6622
7169 8350
2169 1434
2481 3160
5089 6238
7995 7115
783 7866
2512 6342
6521 2025
6230 8268
3728 1992
396 596
3030 7527
7342 6962
7669 8420
5499 4445
4737 4103
1559 3971
7862 2739
6288 2039
88 4020
3085 6006
2416 7431
3193 6851
7479 8103
2200 4149
6715 5420
8265 521
6244 4254
5712 4597
4423 932
373 6927
7859 6970
4108 6910
177 4439
7564 5285
1650 8276
2458 6828
4850 392
7746 5675
482 2422
1951 3063
1775 2057
5987 5828
1168 296
1638 2278
4193 4138
3776 5263
5099 1179
2331 1377
6016 7208
4437 826
6225 1778
3589 8103
6229 4439
7584 3864
4490 3370
1286 120
1247 2103
7998 3769
31 3428
547 6704
929 5523
4365 934
3128 842
3821 7996
3659 3763
1166 6891
225 1039
7890 1745
6618 6433
6263 6653
2993 2279
5359 4521
4570 2064
5646 2428
2473 1141
1220 1340
2551 4439
4984 3674
2917 7697
7786 4746
3647 373
2514 6715
1792 6451
4187 2169
2468 6906
7763 1504
1330 6883
5332 3495
2726 8336
48 2164
7888 6620
7628 6079
7161 1481
6879 7731
5483 2514
748 4166
471 2077
6224 2279
8187 2659
419 4387
5264 3103
5487 5025
2563 392
6990 1396
4927 6049
1593 7592
1043 1332
3126 3151
1577 3545
3074 3043
1291 4533
6816 4867
3566 2838
4640 2064
977 3103
2242 5668
6484 4149
7158 7531
381 2164
7806 348
8160 6531
5605 2039
2625 2994
3501 6990
3455 7208
5310 2392
8201 4749
5503 6822
5159 3879
3761 5696
5438 2893
4611 4445
7625 6775
4524 6356
8386 2221
6842 2269
4394 1222
2985 1382
2643 7148
6266 3750
6004 7038
838 8325
2227 3936
3318 8363
2012 946
2769 5295
2618 620
6222 6990
1035 6829
1370 6283
4392 2416
6881 3335
4605 2779
3017 4749
483 396
1459 429
2939 2191
5800 6842
8235 2565
5883 3043
7154 4097
8056 8187
5742 8041
7344 6739
1488 276
5794 4474
4652 4137
2246 8158
2587 429
678 2886
569 7392
4905 4929
3339 530
7966 2673
4991 787
1840 7005
6021 235
6976 6511
4834 55
4142 3821
7050 536
7368 3949
1880 2103
7876 6222
6420 6034
155 7246
4708 6402
5273 3181
3518 4497
6574 1335
4368 2055
2282 7474
7620 7193
2640 4168
4341 6874
4342 6822
7841 946
5251 929
1695 5866
270 6970
2462 3130
6819 2712
101 466
2915 3919
1536 4905
2645 75
1841 2915
2486 2422
1102 713
7756 4020
2974 4869
388 31
5517 539
2273 2964
2283 742
6919 5888
8297 129
4038 2764
4461 7502
7239 7388
6166 7418
7482 1396
3020 7370
4960 7420
1241 1860
625 6828
4317 451
7543 2874
6315 7420
6478 5344
8119 8378
4840 4232
299 280
2041 5167
4483 5961
2271 2958
608 1827
3408 7790
7737 5668
506 4490
2494 5363
2395 3431
1307 3723
6297 7154
7312 7170
1690 929
803 2779
2884 6484
2706 2103
8448 8365
2970 1377
8156 4934
4908 8187
5353 8353
7413 3050
6979 4887
2892 3824
2604 4687
104 84
2305 1951
3282 8159
6827 5464
3619 7628
1639 5509
4251 6305
6405 8255
3402 4245
7887 4447
1046 375
649 5440
2035 1220
393 8166
1875 4001
3457 3428
8216 5508
7018 373
6032 2055
5967 3297
6080 1166
980 5800
5364 7170
2918 3017
4074 3152
534 6438
3062 4533
5622 7731
3389 8077
7668 6266
1359 484
5516 1412
3719 75
4701 3768
6920 6140
2072 2511
5871 5668
1478 2617
3426 3385
2255 4552
1887 2985
5234 7890
1118 6283
3873 6420
6961 4254
2568 2659
1500 5640
3468 3215
2370 5568
7764 6726
359 1316
5636 1947
1832 8153
8232 7170
6093 8101
1805 1747
8230 7070
5433 3995
3317 803
824 6919
2139 2950
1864 6979
5510 2640
5756 1180
3953 843
7892 219
7071 3085
5971 5421
3851 8221
481 2353
6100 742
246 877
7643 4594
8043 769
8466 7478
8316 3356
5068 8297
462 8386
5678 6175
2689 8160
5637 6437
3199 5888
648 596
593 3903
7156 6618
7441 4471
2056 6230
2337 2565
198 2468
7395 6511
1397 2895
6802 4749
275 8395
507 1167
4739 2645
2223 6085
1461 3746
5793 5360
6205 5288
7444 1286
4932 7014
8229 7088
2007 5318
4294 2283
3526 3054
7475 2331
8263 7445
3391 4311
4467 3659
7027 3428
5352 7038
7886 1359
3652 6032
3765 5178
7143 4232
6815 1668
1614 6827
6088 3550
2749 8378
8337 558
1109 163
7760 1055
6694 395
8453 1690
4133 4205
1931 826
5121 7117
556 8466
2852 6403
1776 4240
734 2064
257 2271
319 3971
7964 5089
7744 3518
5922 5517
3001 3951
2956 8472
2545 31
2928 6403
3947 5440
1620 7159
3281 803
8372 2232
6781 7703
2033 7961
2981 5387
6636 7115
1432 7235
1514 4164
731 2758
1767 2773
6853 5159
4239 3267
3357 1316
6801 7703
7949 3983
1110 6156
8062 6853
5019 7138
990 1907
2550 2055
6969 5510
399 5206
2490 2202
2343 4084
6707 2012
8449 1840
585 4396
6308 542
1610 5956
6401 4934
3232 649
5164 620
4462 487
3877 1024
2021 2056
5781 6943
7891 4752
3168 4887
1413 31
1129 813
2083 4979
5117 6913
970 5919
4472 7370
6221 8229
6497 1241
898 3954
2962 388
1454 198
2218 2879
4941 1335
3427 1166
5467 742
5898 3589
6939 6264
4450 7302
4577 5863
4300 466
6215 5467
3817 6404
2467 5568
4822 6851
4154 892
3491 3126
99 6176
3438 5157
4965 1912
68 1614
6854 536
2766 2587
5851 2869
5571 5177
6820 6381
3083 2072
1315 5571
4616 7116
4078 5120
3834 826
6794 4870
3410 6775
139 8230
7079 2077
2168 7976
2236 5854
971 3388
4912 4903
1443 3455
6607 124
4493 1827
2175 3574
2362 6021
3414 462
2745 3746
4234 8097
4509 2208
8081 6093
2042 88
5245 68
5022 1332
5150 2514
2832 3963
7683 7145
4285 3867
873 1894
7954 6221
6189 4117
6291 2337
5368 2282
5738 8092
5964 5310
4783 7176
3785 6600
3978 3175
1702 3426
3306 346
7810 6851
1794 4934
7197 4587
7736 175
3445 8244
6078 2550
4582 5828
6936 755
3287 433
8445 2169
5218 7608
587 3854
5593 539
4016 3491
7742 6704
4846 5453
4892 596
4388 4699
2093 5938
6508 843
5413 7154
74 5019
3041 2844
408 5781
4107 7039
6689 7723
8151 466
4018 299
4686 399
3779 2278
1400 620
363 7344
7788 3267
6856 5698
3586 770
1973 3877
5729 7352
4163 4129
181 2910
2717 120
685 4317
8248 6127
5239 4524
6562 3304
6371 1468
4770 2246
2443 534
5018 6175
3146 2039
6400 7744
1873 2278
6862 5539
3858 1912
6449 4521
2881 4130
141 7799
7719 4001
2384 3763
759 6613
8157 2370
1603 7466
5248 627
527 7403
988 7960
2516 3331
4982 7806
7540 2764
3751 5640
3957 1463
5935 2252
3635 596
5196 5971
501 5793
7397 852
6048 1993
3396 53
5283 1294
7054 6913
3805 4960
2441 8177
2151 7600
3552 4366
1555 8325
1859 7005
4410 5590
6993 678
1761 2491
6782 3684
6766 6829
4044 6520
4162 3168
532 8092
8357 569
8003 2458
6800 4232
1026 865
552 7123
2352 6100
6796 8395
3920 1313
427 417
397 319
2936 4555
4124 5509
1105 1434
3443 637
6953 8088
5930 718
189 7960
861 3635
5525 5353
7360 5516
7904 6702
1780 129
4040 5956
23 1466
1138 6205
3348 3396
3543 5598
5569 5646
140 6961
1807 5230
2966 4162
5816 6781
6649 5321
3010 4142
673 1159
5813 6088
503 1807
2699 5974
5649 705
1373 2685
151 7736
6813 6263
3400 486
5521 1887
2349 4582
2807 7000
1700 7697
1379 156
3988 1102
8304 377
4518 7905
4327 5344
5341 2055
5455 5503
2489 6694
5631 5714
702 8075
5282 3974
6479 8191
2564 7617
3478 8288
2332 7143
875 8157
6261 8268
6501 5849
1411 6401
5461 5359
837 6315
710 5121
8042 1610
5685 6328
6052 396
8246 3534
6846 5640
2419 5523
1390 5631
845 8191
5926 3428
361 3133
1391 3821
8272 3010
2848 3574
3248 52
1585 5766
6464 2173
8120 1241
8234 6166
4710 8466
7901 6604
5171 783
5814 379
8330 6445
7755 7145
2251 975
5125 608
1718 7067
3122 4652
1135 6738
6111 3277
2621 2603
402 3103
7808 4399
3220 5964
7533 6508
5743 3103
6809 954
5336 2285
5437 5438
5895 2604
3705 2200
6483 2874
98 5234
161 8472
1996 7638
1016 7475
3860 2745
2931 3957
7917 4163
185 585
8108 7123
4023 8101
248 6342
4347 3322
492 7265
5466 3856
1483 6819
4837 402
3340 2749
1870 2717
7521 1805
2287 5818
4032 246
4269 3879
1003 5241
8144 6796
6180 4082
1836 483
3453 6110
4000 3335
298 2678
3747 3552
2199 7927
1453 4608
7229 5744
8001 7625
795 2910
8112 2807
1579 2675
3037 7392
4796 2838
8085 8221
4980 86
1499 2251
851 1490
1107 1625
5775 2252
7408 6641
960 2861
6591 2428
8422 6822
2286 7234
4046 1363
421 181
4795 5565
6924 5577
174 5636
7030 824
8311 5171
6505 7854
6725 6758
2539 8216
2342 8244
4406 429
90 4074
8375 3552
7185 3785
7774 7534
6790 3371
5297 1994
1137 1504
8313 7961
6948 6478
3473 872
6470 6479
5185 7697
8397 3267
2829 5568
6668 2384
4993 2587
6290 7070
5222 2271
1471 6084
5533 6437
4561 718
5115 2468
3861 8222
2720 2620
1954 4929
7144 4251
6754 2813
4115 2139
4253 536
854 2033
3774 7253
7711 1400
4314 4193
2801 8420
4026 4040
4083 471
2314 2722
4987 3348
1088 5487
1465 3081
1078 2923
336 715
6149 4739
1326 3949
8212 7395
3627 4240
4664 7354
612 669
2475 3317
4426 2645
5300 2640
5844 7643
952 1313
8389 2934
4202 865
7568 68
3325 3723
4039 4965
1392 3348
4718 8156
4853 6691
7322 3084
4517 1577
6558 4942
2459 7996
5357 6478
2693 3275
2576 4993
613 3619
7194 6420
2290 5507
8277 6503
2214 4212
4935 6086
4395 7001
6586 3267
5220 5019
2927 4987
3700 7876
8262 3538
6542 6488
3676 2605
1045 3526
8048 8178
5491 7194
19 4686
6540 7444
6148 4399
5676 8284
485 1996
5797 48
794 4097
3260 1135
3720 558
1421 6297
7323 653
1058 4834
3469 4149
3539 5577
6204 6911
1154 6856
8427 3010
7918 3519
4512 6801
7767 8166
3465 4903
5803 4168
4440 7964
1517 2838
4442 186
5776 8041
2335 6149
333 1111
5450 4406
4974 181
6602 842
4128 1998
760 5775
3415 5738
5968 3519
7369 6709
4334 3220
6723 2915
2679 2673
4281 6484
805 5125
2647 202
1616 1875
6044 5678
6658 6049
5737 147
841 497
4983 3957
1879 6738
4895 5364
6452 7403
1083 4231
622 3039
159 542
6143 4711
3514 5922
2973 3041
7561 4822
458 4423
938 1870
6090 3414
5334 871
7081 3720
3231 1478
4860 5854
6670 8276
5889 2278
2544 4188
7062 3644
1371 6501
8136 5022
2306 1359
5615 5239
6580 3282
691 108
7256 3335
6327 5912
5955 1625
6695 4932
7500 8213
4076 1879
2233 5785
1508 4400
5948 3428
1791 2630
508 6955
4022 3514
305 580
7795 3146
2418 6084
6262 1101
3173 4410
7824 1066
1000 6910
4806 3485
1232 3020
8204 7243
6344 1379
8161 507
8432 7891
153 1294
8408 2981
1295 6266
1815 8112
6282 6970
2284 429
8279 6016
2381 8453
7463 7531
646 3936
7902 2970
6150 1579
7605 1432
8194 2640
130 323
1068 3951
8267 4074
3474 8389
1609 6862
7435 7239
4434 359
3036 4154
3040 2269
4258 1131
7667 3410
5091 5113
6015 3920
8020 6348
849 7020
762 4527
351 2381
647 6670
8137 386
3251 6618
3269 5539
3599 802
7091 5269
833 481
6812 6961
1327 43
7223 4317
5701 6936
2505 1864
4767 6296
321 3348
5892 3010
7941 6219
5425 7742
6579 3834
5042 8400
1193 1377
800 1179
4244 4366
2253 7223
2345 5598
5172 3751
5837 1806
955 3765
3332 3414
7155 1150
1566 7589
2321 5482
3984 4566
4883 1585
5458 6305
848 121
1950 6264
8247 759
8134 6828
4363 130
3863 8112
2537 2443
7843 5517
6785 1143
2389 6381
5330 980
5574 6381
6517 3010
7210 7577
3167 3659
5135 1143
5586 2934
6145 8160
2682 753
1234 7790
5369 4905
1597 5685
2347 2869
2947 7104
1346 6400
5538 2468
4663 148
7726 534
6465 6264
5284 6342
2942 5853
2612 4366
450 1618
176 6503
5695 5159
2032 1249
5762 3586
1451 3824
5323 8156
7702 2064
5872 6433
6818 7334
1189 579
3830 1294
5059 2024
4014 977
6848 4016
1482 6948
6162 3972
7131 7118
1974 7527
6028 1139
6188 8158
4797 3951
4685 4016
4579 6224
4408 4142
7085 3445
4623 6328
681 2938
4705 1373
7670 2853
306 1499
2946 6034
8270 2290
2654 1887
965 702
6386 1954
758 5121
2277 547
7306 6288
896 2057
1727 5853
6382 175
3097 4640
4768 6288
1684 5971
476 3117
4034 1109
4198 5548
2479 3041
7137 3175
1557 813
6272 7890
1263 1695
6268 807
7040 3010
5340 6911
4838 3465
3416 1745
6207 7533
2296 161
5681 3599
3140 7020
123 7670
3562 2021
4629 2625
2809 742
7933 4497
3945 5282
6876 3239
4683 6906
2150 6015
3364 6344
3594 3983
6682 2467
962 4704
4956 4073
2132 5568
7598 5107
366 8449
3884 7649
1158 5330
3145 5238
2220 3985
791 2026
3120 5850
8286 7976
8452 1493
3358 5850
5229 848
2849 3043
6378 2745
7828 1465
282 5196
2411 6558
7198 3501
3529 2384
8115 4660
3236 4317
1356 7790
6414 3388
6964 7438
284 8304
6494 6437
4316 6962
724 7018
2796 6503
8344 8408
8117 5598
6616 7208
8076 8408
3336 4797
1190 4124
4401 4979
6773 3318
3034 6881
315 873
8170 3860
3698 3479
472 4960
7376 1330
5204 8041
4373 4581
8417 3245
2095 1778
4177 3647
254 4084
3987 130
3116 2829
4994 2468
3838 3259
4729 8115
1600 6272
4969 2636
4719 3981
3394 4687
8104 3499
923 5122
6330 1698
7665 2625
8002 417
1223 4399
6075 1905
1765 5318
8210 5107
2082 2314
4418 1260
8369 8279
473 5278
3880 7902
1779 5059
7356 1106
1565 3869
8131 2974
5530 7254
4380 3358
5716 4159
7108 108
6499 544
7984 4040
1085 3963
5602 7372
1075 4221
6160 1335
5836 4711
4530 3259
6167 7048
418 1075
4880 8287
5402 1698
3377 8382
6273 8081
4591 5230
5809 6785
8292 724
5925 7534
1195 3126
4017 2082
3831 4996
6074 2932
4843 3199
711 2007
2570 550
3819 1107
5611 4342
7089 1397
945 120
2145 762
67 7960
5225 4582
40 5678
950 2373
3855 2428
6664 3416
252 5701
4443 5297
3568 6874
6561 455
6914 3181
7694 5472
1558 5696
2951 5615
6428 3599
6765 5828
1369 4440
4968 4838
7294 418
4946 5523
6287 7265
3444 580
3999 375
7492 5898
6935 8242
1013 256
4653 2208
882 4970
18 8088
4756 299
1161 7435
3419 2375
3392 2929
6548 4128
1268 7475
4195 8262
890 373
3803 1879
7822 2242
2098 4018
3460 2918
7672 1695
4173 6081
6450 7944
7924 5516
7761 3953
5446 3248
809 6789
7007 920
3161 1488
4958 7766
963 5550
7758 4934
1783 6891
154 2302
1145 7000
8308 4566
4646 5548
974 3062
3560 67
1479 305
5907 6371
7677 580
6863 4191
880 3728
3655 669
662 6828
6840 189
7019 362
118 1609
5200 3805
2536 1350
7261 1397
2304 6943
107 2570
1308 1129
1021 4686
8071 5453
4340 1973
6552 5776
5900 7841
1262 4173
2680 4310
7565 5953
1343 5273
1598 399
7341 8353
5879 2505
8475 1610
7496 5935
1615 7960
3623 5363
7121 4440
4943 1419
2109 6049
2786 5895
2941 4269
4955 2150
4603 6090
2896 1912
281 2654
4881 758
5617 3867
8320 8304
7097 6840
5874 4026
2461 622
6644 7806
7248 1138
2476 7256
6255 5146
4788 4880
6821 4629
224 2064
6163 3873
1162 6820
4355 532
6585 4034
5423 6402
3162 6787
5560 5854
3969 7391
2700 7697
6807 8284
7753 691
4807 3311
2532 2809
7868 4783
3230 2443
3638 4343
157 718
6805 2034
218 7564
142 451
6551 4706
8282 1994
3073 5228
5198 6428
5746 6695
8413 503
7076 4569
6744 8101
1750 7652
4175 2506
2877 7876
4612 4334
1784 3302
863 7756
6102 5059
4491 4987
4104 7176
8289 1346
179 837
7597 2796
3141 1776
1671 7158
4273 2918
1987 4652
3482 1168
666 2457
7535 6579
7989 529
6492 2570
5671 5571
4172 1179
8310 1109
1455 1396
684 154
6419 2938
5296 2947
2320 7097
3542 3482
3196 2279
7586 7294
2265 2778
8211 5435
4536 6773
6377 3325
8031 662
595 5637
7447 7799
3600 4974
7059 6028
6991 1668
3704 3352
5856 2896
6677 1291
5412 2412
4559 5363
1547 7370
6896 6400
172 4234
1029 824
7325 5057
3555 2689
1521 5964
6617 1313
7650 2532
5801 5446
4233 4701
1122 3765
6061 4943
7029 8375
2017 837
2141 7276
3139 1396
8436 6212
5835 872
1157 7949
5575 1879
694 7232
4376 755
6669 2381
5944 4846
985 5604
7374 379
430 6273
57 7760
4568 2696
5795 8264
6202 4395
1354 2706
6271 7155
8260 6291
5718 6618
1944 3879
1543 1232
117 1836
1210 1998
1182 4400
6095 6618
6866 8041
5897 6143
8220 7600
3185 2958
4463 595
3756 8119
5679 3206
5388 7918
8128 5288
2776 4418
4755 1478
4776 351
6767 2412
1983 3481
1436 1695
4794 3543
5566 6066
7291 826
518 348
5028 4524
394 6032
3941 3074
119 1188
498 5948
2611 5357
3327 5956
3284 954
7177 6802
6009 4232
840 4227
2340 3140
77 5679
2393 486
6745 7607
8207 807
4302 6607
5876 4149
5990 8157
5397 623
6001 4479
6424 4582
6332 6204
6321 4026
4457 6305
4636 4138
5151 4129
4897 333
477 1859
5989 185
7813 4409
1299 6342
4963 1232
5154 4117
7935 8372
7450 6969
4732 1472
6407 7742
7614 755
5859 7040
6369 1387
7367 257
1259 2537
5419 7799
73 1931
468 8120
7690 6462
3316 3698
4975 7737
4878 2706
7794 2870
2062 7155
2894 8160
5890 892
6989 8417
6797 5273
1207 5793
7255 7019
4754 7138
302 5987
1833 5284
8167 2035
2631 8104
4830 402
8149 4154
4543 3311
2865 837
3067 4983
4056 4103
5481 6166
4122 3562
2991 945
8338 7019
3176 2617
2921 1668
908 1656
1922 3247
4502 3357
7498 6424
2817 1217
414 5387
2999 3821
7217 5135
8415 3140
5309 7934
5674 758
2266 2095
8341 2055
6757 6148
6973 7697
6471 7859
2254 4083
1581 2314
7090 64
7558 6709
3441 1455
7289 8442
5399 486
2069 3501
3490 6828
6728 3698
5650 4568
4725 7568
35 23
4008 1290
344 2868
7769 2946
3191 1290
2610 985
4449 6531
7120 1894
1002 2124
7141 1805
4204 4756
3660 1166
1534 3377
1640 3657
5211 593
616 4579
7618 6796
5155 1747
5957 5089
5260 384
5382 7217
1047 7315
6779 5669
293 3606
7493 2764
7410 6180
1319 4548
7203 6617
7883 2962
3585 4392
1017 8101
6799 1335
6514 1003
349 7670
3072 7317
1383 4342
7041 2942
2405 886
314 6175
1388 4993
3406 4683
4307 8345
7512 155
5083 4231
2483 2946
6258 2917
1174 669
7993 5098
3104 4881
2438 353
3603 2237
7580 8085
1205 7868
2365 4993
4716 7176
4952 4328
1416 3043
1817 2720
2859 8104
7327 1262
3753 2602
5690 7479
5074 5871
5143 2314
1146 2511
7583 6940
2207 923
2971 4187
4331 8003
1675 1615
564 121
7031 7392
1822 4855
7196 3676
7358 6561
4989 8337
4986 4078
6416 5889
6698 2551
2096 8213
2723 2362
1542 2145
6091 1122
4171 886
5405 3336
3435 1376
5232 950
5858 5803
2574 4188
7272 6287
405 4623
7476 1411
2107 3168
3024 4129
4323 7202
659 3485
1440 3024
7797 2645
8463 2304
2530 7818
814 7085
7010 7141
7427 6086
1608 5297
4630 7474
5994 395
4116 4269
7043 3879
91 1118
4702 2511
2344 450
2263 384
3375 1675
2926 4517
1999 539
6182 2700
2216 1996
7671 3185
7283 7104
7400 4233
1979 2251
2224 4191
3706 2107
6363 6589
2090 3168
2528 672
409 7677
3897 7607
3804 945
8388 4300
7077 1860
8150 2514
3790 246
1401 2603
4614 871
6733 1371
4551 4409
1460 837
6724 7797
3347 532
2140 685
6555 1294
743 7144
7706 4699
2963 3676
2573 1822
6073 7000
4842 5990
209 3043
6841 1286
7545 2282
199 139
6193 7758
2953 938
446 473
679 6221
3301 384
3454 4767
5311 4394
1389 2277
2313 2563
1787 4767
700 2726
779 6371
434 2545
5065 5433
4286 848
7524 1024
1108 5856
5600 6715
330 321
4336 4968
611 702
6563 394
6665 3831
1613 3168
5331 427
598 1397
3937 7531
5887 7731
855 1490
2899 5236
2160 2899
7907 6297
2403 1615
3261 7725
5774 1174
3749 1783
2019 5888
4282 7500
878 2994
358 1810
2952 2160
5303 5091
1930 620
1908 3481
2444 7232
4100 4097
4918 5297
1164 7758
3006 4294
4141 7907
1081 7342
4598 405
3563 3936
2954 4328
4792 4984
6324 673
3393 8076
7195 4912
5546 1352
1583 6009
3959 4776
8169 8002
5916 7276
1006 1130
1627 5178
4215 4281
4382 1702
5404 647
4283 507
5726 1327
6748 2335
1053 1249
8139 664
2616 6822
6234 1678
6194 1908
5486 1483
2725 3230
6538 6505
4925 446
3690 1413
1829 3747
7915 4142
6541 4056
4203 6531
966 248
1758 4716
7798 6479
3626 840
3123 88
4827 7470
6633 3327
6036 5352
4131 803
3615 979
5740 3951
1853 3054
1842 6006
1647 6604
5735 1603
2440 2564
4025 1460
6536 7533
5603 3322
6887 1167
4055 4881
7227 787
2795 613
8426 8185
1828 7123
7432 8443
2729 6876
1748 3987
7044 3191
3906 2576
1281 7597
4095 2914
188 6670
7696 6363
3163 6662
4981 7378
1218 4880
8238 6111
3136 7785
2477 4652
6292 3879
5001 8341
7407 6156
7128 314
4344 5836
7526 6229
21 7677
6165 8137
6578 3750
115 296
6918 7669
5048 5968
1563 6149
3115 4963
6831 7774
6458 4300
2873 6579
5163 4286
4670 6561
6389 1577
8460 6906
3237 2505
4784 3988
7833 4281
8461 2428
4802 2216
5190 275
1839 4215
5761 6207
6398 2565
2747 4822
6642 471
7791 625
4264 5282
7112 4281
5824 7138
1876 6715
1929 1490
416 8344
1524 455
5893 6704
3363 5565
4412 8062
8266 126
4816 6356
7095 8170
6592 5222
3530 3306
2118 1859
1269 7343
7734 6255
1464 5183
7879 6407
4624 6400
8293 3920
6865 5516
7827 429
145 923
1510 7607
4024 296
3153 384
3801 2689
3896 3755
5638 6100
2598 8304
5347 2722
6232 7726
7897 3750
5860 2680
7698 5874
7023 3441
997 6562
3088 5028
1716 2886
4966 1101
3399 4163
3285 7029
4468 6124
4325 3529
1739 2457
8231 5455
7679 664
2391 6757
1520 1954
8126 2032
816 5695
5736 2007
5644 4171
2732 6563
8009 7935
4515 4322
4647 769
905 3419
272 185
326 5044
4469 1805
1959 1905
6152 7961
2898 3719
2592 3679
5834 6028
8399 7592
6059 6702
5011 5117
3090 3251
7465 7586
1781 1859
9 7964
4194 5318
3598 3167
8067 4231
1355 179
6605 3001
287 4893
1605 1851
5253 626
5223 1416
7252 7583
6659 1411
7305 7150
531 7159
7903 3763
5043 3503
1225 6261
7646 7478
6133 3518
6722 2605
576 743
461 4736
7489 3801
3816 7785
6826 2399
4507 1085
22 1045
2401 2617
1528 7725
6746 5850
6608 2391
2888 6160
3118 3304
5855 1110
6778 1157
2366 2091
7133 2795
3096 8461
2727 936
8328 7378
2432 2140
4427 3358
6350 743
8019 859
7925 7
2814 8131
4825 3173
3549 5636
3968 4317
449 7719
2629 1810
160 5853
1578 5834
6510 6450
1345 4629
2075 1521
5745 4314
1813 4792
1886 1698
8133 3251
901 4508
1033 5334
6545 5394
2226 5225
7258 8311
7530 8133
4571 8248
5174 4867
6958 4478
7596 5143
8 248
5532 3043
3159 587
3243 4701
4304 654
6409 873
4242 4968
1721 6484
1191 739
3250 4640
331 5835
2808 4115
1749 7325
2324 1323
7142 278
4453 7959
1802 3971
3583 6979
2785 734
2515 1332
5629 1332
601 8158
3622 2970
474 1752
8046 353
7434 6127
5709 4946
6671 5813
3950 2991
3192 5702
7684 7711
4075 5507
2845 4710
56 4883
4617 5121
8391 5618
4801 8255
1362 859
5552 8187
7777 7492
4691 4699
1380 4594
3928 718
2707 7833
614 7883
2922 613
4828 305
5524 4025
789 4850
3353 7790
924 5408
909 139
7075 2302
2755 1752
6186 7725
3908 284
3070 3284
2822 8313
2781 6881
1393 1346
1732 8070
7267 6436
2543 5925
4151 5332
682 601
2867 5278
7257 8159
1169 2516
1981 2985
8064 1260
5594 7598
1742 2392
1288 952
6190 3679
2579 5774
7365 2924
4092 2637
4077 1957
2597 4322
2317 2981
7740 2611
1611 5818
4270 5151
6599 6695
4274 1391
1486 5044
7290 5844
1435 649
8340 3906
7162 2778
7642 2098
5005 7372
6922 5510
6024 7325
6434 6438
1652 7031
1320 3162
7875 405
7747 3193
3434 5912
3382 7391
4572 1805
8275 4026
5165 2654
832 7077
1531 2132
2660 5550
1498 6585
3909 3495
6012 198
600 1237
1502 7376
4441 5583
3323 6350
2734 6653
792 6229
3171 5164
4619 1105
3567 4825
7456 4583
7715 7669
1064 5678
5350 3981
5556 5953
4279 419
6656 4843
8184 4673
5038 1600
5473 1005
7287 6790
3939 2877
4339 1563
1480 7617
4953 3834
7092 7668
732 8386
3266 3353
4613 6542
4071 4254
6051 5357
2806 7614
3857 7088
1623 5529
5409 2732
1899 7014
2182 3162
2983 6935
6131 2405
3262 4941
3943 3622
4178 483
78 4141
7721 4107
827 679
3154 8265
6241 6541
5375 4946
4313 4989
7687 8031
8300 157
819 5516
7178 3259
6411 2290
7428 4163
7845 7156
4689 2150
3515 1716
4856 8137
2900 4461
2493 7618
4190 5011
4751 6503
5752 7428
5613 2468
7571 3942
3201 6127
4121 2069
3964 3282
245 7447
7727 2505
5653 4302
7666 7156
1636 3392
3709 1842
1209 31
5326 5552
7451 1880
4724 7666
7626 4825
7279 2941
6339 5413
1089 5895
2771 1752
1645 281
2657 2777
4793 3474
2763 530
5564 6819
2011 2064
1939 7185
3608 6399
5627 2563
6860 3468
5526 5466
7362 1148
6759 2255
5932 7586
3775 1174
6755 2647
3800 1322
3960 6537
6406 3635
1653 8202
6002 954
6394 2226
6361 6449
4921 2769
7830 287
3198 2233
1866 5530
2875 4860
6852 6819
2336 6024
5609 2019
774 8150
6019 2604
8349 6080
740 6394
8474 8477
515 600
3645 6906
7189 6035
1664 527
1027 4963
575 3785
513 2024
3531 7798
1364 4587
3823 129
7811 3137
7484 2869
6621 55
8447 7531
1884 7027
422 7419
7262 1721
545 2522
6468 1840
2748 3860
6916 4979
8074 2365
3172 6545
2050 5458
4487 2434
1165 3481
7648 7131
1474 7763
8066 3275
8414 73
2815 3116
897 8266
2085 7352
3060 4282
5723 7014
2718 4581
251 7104
1568 7565
7313 1364
5058 5218
1248 5399
8200 4388
3279 75
2663 3879
548 1807
4813 547
1673 4380
4774 3728
5036 3123
2529 865
4268 3123
885 75
6699 6953
2906 751
7970 5590
2733 2343
2201 2771
6688 7964
5372 1875
2190 6222
5140 1003
3934 4410
4276 527
5867 121
5213 161
329 6449
5358 6090
3766 3941
6276 938
3265 965
2526 6658
3025 2853
2686 5113
1978 849
5707 1645
7549 2929
1756 8276
7770 5361
2040 6668
2664 2512
3200 5883
5829 6204
1293 6781
8203 5038
2376 3529
2153 5853
2984 7294
5502 3212
3777 142
374 8270
573 2207
7094 7824
964 1129
2219 8452
3296 6154
5977 543
445 1188
829 3287
5966 1157
2058 4795
8423 5171
207 5508
4713 3491
3924 5419
7320 5977
8007 1827
182 1046
3362 8264
7861 1487
7590 2011
7695 5715
1091 2232
5272 6283
221 1493
2022 6451
3433 5718
7126 5272
3496 2806
6957 4689
538 4605
5632 4792
5633 1188
8429 4754
1059 7118
8334 585
8052 6382
5145 623
6774 7228
752 5686
3333 5603
3789 3567
5333 8115
4596 4293
3292 6332
749 5879
5201 6508
3837 8330
7339 4205
8100 6767
5261 4434
5411 2896
6185 6785
8189 3232
1825 512
7259 4071
2677 4840
1197 7088
3373 5296
797 7157
5542 2324
6566 3627
1919 7824
4096 4527
6067 556
8283 5159
1252 486
1877 7358
4060 2927
1526 3104
2163 2723
1863 2271
6509 1350
3211 8441
7743 6288
3112 4336
4413 4993
3718 7029
1351 5028
1358 8462
6859 5159
1654 6541
7218 3385
5202 827
3026 1102
5628 8161
4741 1101
168 4472
8412 2939
7714 659
607 672
4585 2953
4041 6848
4414 7362
1516 2659
4210 8002
4160 52
6944 5709
6516 3585
6307 1191
6027 7484
3832 6656
590 7561
5268 1805
2008 6969
8318 5115
1667 2254
2581 4472
267 5707
7281 6420
5822 5627
6171 583
4070 2224
1601 3236
4747 1411
7151 1873
7068 8262
8323 35
6648 1783
125 1671
1505 3040
2423 1139
6884 966
4682 7807
1153 5113
8335 1907
7804 4175
8470 7808
2121 5856
7096 1083
2705 7949
1367 7317
4863 3339
7416 6542
1764 1320
2606 1886
3194 5550
3714 6263
2582 2124
6681 4313
6614 2529
7149 6095
7686 5517
6598 4215
3448 6714
586 3606
4592 7736
4249 7176
767 838
674 1263
7782 6534
7042 1435
7222 7737
2736 57
3916 787
1274 3995
788 3414
4049 7649
8444 6332
999 1159
1227 2444
1204 4986
146 31
7436 792
1743 7808
8454 647
1020 1557
2071 4024
1693 6503
8251 1411
618 5503
3637 472
894 2375
2147 5154
6839 3001
2741 5185
8206 5406
5037 2942
777 3542
2179 6330
7536 8266
2651 2109
775 1465
1882 6714
7814 3638
7012 1558
8078 7369
5847 7346
337 1110
5219 544
4744 6531
5986 7774
5441 6321
420 7813
2316 1389
1032 7539
7802 3039
697 1091
1586 1376
8039 6452
3829 2952
8000 3499
7735 9
3189 2438
658 5288
7022 3953
5555 6297
8135 3499
7411 2800
5936 4543
5843 3834
881 8184
7033 3676
7936 2362
4492 2321
6975 1802
2854 988
3722 4807
4374 6918
3670 4591
7877 3212
6460 3541
5040 3499
5062 7177
5418 2679
6461 7169
1571 1536
2803 4842
7146 2994
6892 851
5881 6175
1835 593
5186 3388
4379 4756
2553 1312
2979 3705
7504 1166
197 7672
6410 329
3315 3331
914 5627
730 3896
1773 2643
915 5467
5313 5577
5287 3054
6861 1107
2301 7671
2268 2237
3255 2279
1663 3116
2912 1466
5660 4202
4155 1056
1683 5437
242 7589
8193 3112
4230 1517
8295 2678
5338 4524
1570 31
2556 5273
5325 4980
3708 3385
406 7009
2081 6015
3003 955
444 377
2154 7504
8455 7193
6033 6461
5416 1281
2977 5207
7501 1319
6365 2316
4769 3873
754 819
2327 1524
4360 4951
535 3336
1658 8288
1117 6940
2234 6162
3702 4968
2291 8449
7266 8431
8440 2140
1049 1295
5589 7954
6057 1791
2289 6604
3544 2908
3113 7116
2716 7315
772 5438
7102 1750
4446 7786
442 1851
652 5487
6119 3121
1960 8216
7468 2845
6376 4970
4919 6773
2501 6556
6899 4605
8094 7577
8256 7944
4898 697
1501 3981
3158 6162
3878 4103
1971 4725
6791 7726
5514 5776
1814 4629
7200 4382
1958 8282
6491 1189
6299 8187
2383 3538
3135 6722
6475 7900
4378 7383
72 6581
992 4636
6338 5150
1086 6016
4876 1743
2933 6091
5054 2220
6783 4239
7458 6561
1712 6232
1687 2148
8290 6791
3472 6558
8315 6135
3888 4878
3384 6420
3735 6002
3772 4387
4817 3988
289 2970
8332 990
6972 6175
2346 1075
6256 8311
6412 6154
3214 838
5373 2996
6415 7584
6333 2640
5975 3239
4550 86
2831 7740
7507 4754
1751 622
5515 4264
4033 7089
3058 4074
3493 2843
3401 3542
5457 3867
3967 5303
8012 824
2157 3000
3976 4813
7945 2340
7099 4462
2768 2874
1318 626
866 2881
3169 2486
3874 6051
5429 1003
2495 6618
4186 1815
6674 2220
1098 5590
6554 3622
3264 5555
3982 7038
3061 542
5689 5571
4554 669
4900 5157
7182 1805
7174 1814
2100 813
1633 6783
423 4986
3596 600
401 8137
1171 6782
2794 6273
7981 6558
5561 2352
4007 7157
8383 6505
4364 4652
4734 4809
3520 5701
2421 4746
3244 6079
1896 2551
470 4840
2308 2875
5029 6958
8021 1951
5747 8260
7080 8156
2789 7068
6459 7079
380 7267
467 2391
5910 2475
3931 6024
5270 4974
5355 275
5804 168
3852 1432
8280 518
3620 5375
6340 5678
3970 5057
3648 3479
1048 7813
4455 2950
7576 6689
5677 3623
7061 3373
1314 2169
5136 3072
5131 3353
745 5953
5783 7512
8047 7531
2614 2663
5095 3851
131 6758
7165 3322
2046 4453
2356 4824
3466 4982
297 3878
3430 6586
7754 2603
2905 5523
5447 3322
1398 7336
4058 8251
103 7515
6942 4912
132 5971
5913 5355
5123 5206
5983 5340
3787 5752
3895 3098
7401 2892
1595 3085
2281 1412
687 6599
5988 909
5289 6579
7865 7339
7105 3599
4201 1839
5544 8126
591 4337
911 1605
4693 6415
2456 8334
1394 3888
2029 1833
5799 1623
5035 4685
1353 185
2134 1814
723 1783
1297 1563
1809 6921
764 2912
6373 7543
7923 7450
6673 1167
2558 4895
910 3816
8215 107
4696 6813
5087 6150
4992 6517
6570 7838
4765 3747
1889 7019
1934 4115
2762 2265
656 837
3513 1718
3524 7193
1646 2971
4890 1536
1666 3620
439 6133
3640 6551
3883 2817
3930 4746
1888 4100
1156 882
6817 4253
3016 2401
3621 2411
5788 4969
5277 7367
3965 4816
5214 7189
6174 3776
1255 770
7355 1896
5244 3248
7347 7474
6236 5912
5034 8441
830 2921
6908 1400
244 7194
4407 6613
5371 521
879 527
7214 4478
3068 3500
6064 8323
1011 5222
2943 711
5379 4710
95 7875
7467 6462
1705 4457
6448 3774
5366 1879
1095 881
6413 6818
1917 8064
4639 8427
6568 1764
1208 6382
6384 1297
7473 6365
2885 7702
2217 6689
6199 3331
4821 2933
7271 1623
7575 4413
1489 7025
2167 3320
994 5163
7988 6815
5541 7391
3666 5664
7553 8094
6763 7926
6170 4752
5928 6805
1854 5775
8393 6381
457 5273
563 1886
619 1460
4144 1286
7657 7041
8468 4269
1439 1432
7982 8201
5588 1029
7692 199
5536 3421
3029 4660
7980 6575
7337 4921
6685 3854
7134 147
2744 7447
6729 5386
2793 4328
4145 2501
6489 6554
8410 6081
3553 7827
5825 2748
7298 758
3437 4049
5841 7367
4287 146
7275 6465
7188 1195
3604 879
4557 1609
2787 8207
2161 3640
7812 1466
1425 5541
1680 5916
2442 5169
6798 5589
2368 6154
5439 1747
784 7494
6576 103
170 358
7163 5933
8197 6048
2427 8290
5180 3153
2566 4734
7314 731
1629 4230
2760 7702
4672 3141
3695 218
589 5593
7321 5835
2498 6171
2065 2730
7629 4317
7187 5180
7051 373
8237 6726
5013 6668
6999 5983
6506 256
4858 7760
2047 3255
1923 8397
3911 3755
1818 381
4292 5044
4169 2670
14 5405
6353 662
7230 9
2799 1167
2842 1379
3276 5167
7867 2879
1540 8191
1741 4682
7398 7054
2067 4521
4915 2852
7448 3740
5545 3072
3994 1840
6661 8435
8390 6782
6772 2745
4916 4908
537 7907
3065 2983
6629 2282
7511 1934
6808 8021
205 7608
8392 4174
4372 2425
5184 5898
3307 4060
559 4817
6693 1161
1378 4725
6294 6162
3630 3013
3417 7657
933 3640
5683 8211
7550 8357
943 1747
4352 4987
2540 5605
6559 2598
6680 4646
903 299
4143 6774
4595 5248
907 2056
4730 177
719 7266
4147 1780
1681 1262
3818 7337
5426 7854
1305 1168
5086 2349
1893 179
8060 7336
5290 8270
1755 975
1080 3883
6082 548
6632 4441
3093 3916
4657 4478
7602 5285
1669 7507
8219 5860
1975 2657
3848 5371
2172 8471
3288 5552
2940 4670
5152 4249
2541 5891
3764 6415
2105 929
6120 4559
1685 1887
4999 170
5982 8264
3346 2082
7457 1095
6804 1363
5852 7755
404 430
1972 6804
1955 1229
3887 5926
925 6885
834 6290
1170 2932
7991 5287
4771 6462
3990 7314
6197 4457
54 5568
7366 8266
1676 2306
8387 6244
7179 5746
1276 886
3413 2134
2559 3410
7852 4394
1338 672
2295 5300
4291 7005
6392 8266
6477 2026
2828 5043
592 1919
2850 885
4839 2237
6130 5120
3844 2895
339 2938
7363 2255
1617 503
7889 1669
7789 4095
2986 5637
7613 7239
1349 730
1015 1451
8199 7297
5865 2011
3298 2700
7404 5888
210 7683
3579 8064
3420 601
7026 5695
5422 4041
1176 4142
1963 2374
1257 3373
5496 762
2084 6914
6952 1392
2447 197
2130 150
6293 7117
2851 3402
3799 5718
6329 807
6849 1174
8243 3515
3875 5944
7437 4719
1360 1880
7122 3103
5992 3774
203 757
4547 4446
3423 6854
5821 3657
3556 4616
1008 8207
236 8316
4466 6215
4140 6170
5626 3427
3721 2530
475 4000
261 1416
1858 2950
2901 6669
7541 1960
7796 1863
4266 1652
1529 4416
7351 245
7129 1653
509 3443
2177 168
1134 6671
7394 7018
1580 2717
5132 2356
2561 141
6496 8353
551 5588
1100 1268
1414 5594
6628 1345
37 1353
7516 2439
1795 1108
6125 2787
3309 380
7226 1877
4988 3034
5713 5814
2925 3893
5914 399
327 4210
4519 8246
8175 7235
906 2928
2492 4813
517 3469
1433 813
5479 6012
989 5222
4217 7116
2068 7157
2297 2618
1518 6885
7520 4355
5739 2074
6345 1352
2653 8215
109 4918
1691 4806
6286 1502
7950 6120
1430 3735
1831 1000
4841 8426
3057 7747
3929 1658
7399 6156
2959 1581
4308 623
1906 1810
5591 4878
7914 7217
8439 6342
1726 4195
2180 3282
1812 441
735 2934
3794 5548
8322 5974
1759 4672
3796 363
3341 7761
4250 4363
6112 4982
5 5560
5293 7401
5727 5433
1867 8224
870 2780
801 4682
1635 68
2228 6576
1843 3443
2775 6420
4211 1595
5362 7267
2518 3709
367 7343
6504 6400
5235 8380
675 4273
211 8019
4565 879
6625 6531
2961 7176
1503 5876
603 2109
2485 6681
3733 559
7832 589
8294 4812
2676 1795
7446 6166
3741 5964
958 246
110 6783
1850 3410
7389 7294
3523 6131
8329 7960
8061 8206
2310 6230
5292 6908
6652 7126
3086 163
1713 4953
4261 2780
918 1401
2355 3579
4054 7102
7299 7054
4818 5907
6982 7092
369 471
8107 8255
4676 4617
2231 7782
6909 3795
4540 2807
3921 1681
2504 4959
6026 1058
2435 6019
3773 5306
2671 2458
135 627
1902 2963
1519 1902
6270 7126
3180 3867
220 7627
133 2279
8317 1713
5808 885
8333 401
4723 8097
2053 5218
7544 644
6164 6827
1711 6152
940 1994
810 2075
1060 7438
2037 5807
5641 6353
750 5935
3738 6416
1175 2482
4928 5674
4859 280
524 8009
3636 4921
5166 6876
8096 7324
4430 734
1823 1748
6727 1721
1845 1922
4584 7388
6929 4007
5134 6199
3293 2961
4296 151
8121 2236
4849 8
1324 2838
2646 1154
6418 4145
643 30
2585 814
4498 2242
5537 4124
2982 5814
227 7511
2307 3599
7815 5641
4099 2332
2635 1111
1733 6244
566 4392
744 5813
6254 68
288 4337
1144 6989
821 2422
3992 5206
1114 7075
1892 6262
3664 2017
6870 6330
1242 224
5138 6576
448 2717
8182 3567
4786 7227
5805 8310
277 7941
6341 4324
4798 3237
1019 4322
456 2247
5580 7590
2097 5297
7908 1583
1415 5974
5156 1378
4465 7799
6250 8340
2746 1586
6237 3098
2377 1759
5519 1598
3125 314
1438 8388
5908 6562
1796 1159
1699 4055
2407 5244
1901 5287
5878 3172
3912 2476
8198 5040
7101 2793
3871 4234
432 539
1044 6891
2388 4177
234 3969
7140 5667
804 6642
6245 3184
3904 4483
7083 4853
1070 4186
1061 2829
7073 3073
6126 6870
398 8334
3042 3485
5205 1978
4873 4291
1762 102
5731 3400
4621 6095
7983 2640
2114 1509
6676 7197
7119 2388
376 4724
8319 4055
6951 762
883 681
1956 2712
6247 3530
1913 1166
7216 4392
303 1721
4628 3298
7606 2175
5903 6002
3404 1111
6523 1026
568 2490
136 7133
7171 2630
8226 4212
5704 6024
733 4342
2092 451
1470 8219
1709 4227
5192 2337
4826 8097
8421 5604
5007 2029
8273 5640
5724 3455
6905 6418
1753 5166
8416 1923
6235 142
4950 1482
5905 1111
5625 3404
4778 5453
494 2501
4864 8363
3727 7108
2364 559
3547 2760
436 1966
5811 2151
7572 4070
3398 3904
4695 2440
2272 7515
2158 4160
4422 3992
3633 1829
6008 4343
8034 7510
4564 5563
6144 7343
6038 1531
7963 1145
7384 5609
1707 429
4924 1931
11 5363
3686 4918
4961 3888
4885 7229
1284 6859
1052 3302
6071 3428
6351 5196
6684 6148
6432 3161
7277 6885
7860 4786
7655 5793
5720 6618
4803 7904
1384 7536
1447 4268
7749 8431
2371 2879
1928 6570
7098 6344
2484 3959
7977 8216
3703 1033
2887 2725
998 7561
6875 2291
238 3830
6355 2762
7111 733
2609 5043
7186 2529
6208 5853
844 4515
2131 5689
2619 5672
4923 6682
3272 742
528 135
6705 6599
2004 1552
2045 1294
2992 2457
4505 2530
6719 7719
2359 6461
6429 229
766 4991
4814 1432
4607 2317
20 999
6889 614
6803 838
3157 7618
7060 7774
3488 5018
6845 4912
4534 3120
7752 2940
47 6458
2880 7540
3587 586
4738 3863
4297 5135
190 3933
904 5516
6806 5930
3792 5059
7664 7062
106 311
4114 5340
4139 1008
7587 3050
4091 8157
2548 6288
274 6235
6354 2216
6055 392
7529 1043
3129 5892
6718 5828
3032 2744
931 6254
4106 7753
8087 3992
1725 2950
3569 8220
6938 711
8396 248
4435 1791
300 2486
347 1806
453 2636
2245 4561
2044 666
953 4412
7402 6775
4043 2873
3923 7929
6216 7306
5920 2801
1264 8310
1952 4325
3216 7176
5175 3749
8285 7193
3511 3029
3387 1013
1885 4668
1337 6009
631 7643
6603 7927
7645 7496
8379 1565
2142 5879
2601 7266
7956 2260
6683 6120
2112 1242
4523 6384
8186 5098
2571 8238
7349 7465
4411 2713
4514 2706
6651 3623
3744 5856
8269 5809
2449 1242
6300 3568
5459 702
7537 6290
1567 658
3724 5982
818 1392
213 3526
1403 5524
7834 8020
5722 4738
4223 4747
3148 6340
7429 3024
7554 7692
5559 1154
1333 724
3005 5125
3110 1247
5570 842
6886 3851
2737 5361
4805 5038
8006 2637
8245 7539
4301 2237
499 5589
4815 6664
862 6566
6050 8275
8029 6863
4978 4479
7741 2686
7469 7208
58 174
2431 2427
4940 7241
6366 1312
4179 814
3170 6821
7819 4382
6104 2873
2174 3709
4745 6489
5324 58
2688 6236
7555 7964
3671 6377
1103 1542
7296 1796
6984 2083
3087 1952
6444 1029
1986 6668
941 674
3611 2843
7693 7668
3651 7378
5197 6237
6701 687
4019 5737
3489 274
5648 8238
1535 4800
3278 6166
6248 349
1731 3391
2299 1249
6201 6067
4609 1923
4560 3896
7595 5800
5194 3799
425 6558
3956 724
6352 5457
8240 849
4228 2620
7691 830
4037 4792
8401 3990
790 3990
6481 2570
1964 6266
2690 5361
8450 1609
7471 5605
2960 5201
5984 2207
1641 1958
2743 1313
3076 2068
8154 362
8027 2105
4329 6262
2076 7146
5995 4107
1051 4975
817 2324
701 6763
4649 248
5607 5676
5468 7976
7942 8412
1289 3416
7449 6344
3522 209
226 5411
5471 2157
1279 2279
5780 8077
3739 3206
4930 7241
7893 8308
6077 4905
1050 3172
1801 3550
2935 1131
6931 5644
3853 3198
5782 1892
1985 4653
2241 1059
5023 6055
2883 1966
3442 4718
3150 7687
5064 7447
8418 962
5771 3016
927 1286
7078 5955
2980 1825
7056 5715
6612 7626
6358 6942
5972 7420
1679 6714
1704 1656
262 6489
4069 1346
3889 7196
410 7418
6557 503
638 5205
4697 207
1303 7113
1738 5809
3617 6863
1770 5961
3119 872
7775 6384
1744 6568
4910 3118
6336 1721
5757 7418
8190 4406
3527 4453
1824 5629
5265 611
7147 7140
7330 4950
5351 5613
8110 3189
7739 4195
8305 8299
8125 3963
5870 106
3811 2744
7100 3389
836 6296
1549 7734
888 2320
4358 3639
3257 1264
1914 5676
5666 1460
5276 6658
233 745
2294 3292
3351 7466
491 8334
2652 6641
144 5612
2770 8365
1423 1643
7779 3448
3993 1877
1628 1516
5250 7536
152 6308
3225 2512
3737 1985
6347 6437
7611 8357
112 151
2149 2559
97 5689
632 6470
7058 7232
765 7324
3665 7283
5576 3560
304 7268
5443 4190
6178 4882
5894 1859
2826 5010
6304 8204
1239 7232
2409 414
7881 8399
6379 7
1937 7095
716 427
5432 5851
5997 381
1890 8341
6252 6291
7809 5666
3641 8337
1881 3831
2212 1048
4252 367
4061 1960
1706 2643
3958 8414
5070 7403
7729 1161
7390 5048
6357 5930
6316 4685
761 1029
2261 7888
3449 4630
7304 6347
597 5964
704 2785
4090 1327
1599 4653
4167 5722
5654 54
554 1901
3578 331
2248 1297
6945 5234
1076 1627
2106 1113
5298 3220
996 2856
7132 6075
2319 8390
4772 7200
5597 2353
5840 5029
6375 8039
1183 5387
5963 3626
3300 4177
5118 2158
6128 430
6732 6662
1235 4130
6331 1472
7212 3455
3226 2807
6507 4708
5100 346
2891 7141
5320 3636
7939 3427
6010 5426
7952 4594
3144 206
6708 4186
1427 8310
7024 2925
6777 1923
2613 113
7377 2828
3872 7062
3591 4687
5199 2291
7916 4287
5039 4621
4473 5842
3492 6067
6284 4325
629 7419
4299 1471
3313 2033
5520 3428
3532 6496
3689 6923
6274 2522
6873 3231
6679 5412
8403 6802
2756 7989
1511 3120
4688 5363
4580 1568
1420 6551
2448 8191
5634 3318
4309 6081
4888 7025
4305 3498
1703 7782
8281 963
2472 6261
3337 8078
6792 5788
2569 7970
1921 5198
3256 5878
2178 6622
3378 5564
641 1886
4152 5186
3195 845
1714 3482
7205 4502
5557 6074
2054 449
4489 4946
957 6356
7632 4729
5950 8100
2257 3855
4785 4676
7738 6363
3475 6324
2656 6033
1754 2604
2624 7479
7503 4195
6500 399
7700 7062
6657 8382
959 396
6550 6921
2454 4195
7184 7304
8164 1914
8456 2940
6177 8431
5084 1346
2125 6252
25 8315
1374 3567
6031 2053
7955 3137
1940 5883
4626 7494
3350 6432
38 2142
1722 2892
6122 5438
7215 7606
5216 4672
5549 7182
6878 4805
7615 1154
4854 2787
7425 4003
1321 4603
1803 4560
4922 5618
4926 5041
736 8100
5592 1669
5942 4453
2751 1807
3019 2201
6097 1558
5000 4657
1485 3967
5784 323
178 888
5864 7470
3028 769
3450 3594
8116 875
5792 3199
6285 5405
269 2772
2003 2625
690 3741
2650 2395
2714 5853
3557 1370
2259 348
273 6908
4353 4394
7805 2910
2988 1262
5449 4905
5395 4919
3770 6948
7884 7119
3497 691
7082 4953
5760 3705
3238 8401
4348 2405
7967 2050
3229 816
1878 2069
717 1973
2038 5964
232 77
6368 1397
5430 8290
1365 7892
4485 4888
6577 3572
900 155
2804 732
5584 1411
368 2677
7064 8248
2203 6625
4692 2826
5497 8159
6971 8085
5078 7976
2048 5184
490 2940
4066 7749
69 4800
3015 4652
5833 7226
6301 4928
3106 4001
5694 732
5092 5297
5179 6235
2369 5847
5817 7527
5259 6594
2957 4274
1422 1796
6422 2160
1408 4455
5572 190
3480 2973
2445 7012
5960 3967
4402 4924
5947 8187
8106 5694
793 2419
5901 8185
6161 3600
5725 5136
1184 4664
4865 4706
1270 3543
6946 5538
1938 1652
3487 4785
4118 3057
4748 394
1763 7963
5647 3965
4320 1770
3254 7815
2709 5679
1506 6845
6181 6993
3966 6428
1444 351
6421 6510
1997 742
3870 2054
4451 3444
5691 5338
6624 5229
5031 4908
6364 6865
1219 2268
3483 3394
6114 1899
3580 1709
5711 4946
2387 6767
3233 8272
8271 3621
3613 2092
7181 6875
1163 5058
4247 6016
6317 6389
1112 315
1800 646
8083 6540
291 2573
260 538
5601 1103
1621 539
6959 751
7978 8450
4913 6581
2909 8335
2742 6282
3102 326
696 3547
8053 3531
180 7344
602 4340
7644 2195
1837 1113
212 5179
582 3184
495 168
2155 2349
2115 5983
1407 3196
5596 306
241 4725
3798 5420
7953 2939
1525 7903
6711 1111
6349 6919
2433 4485
13 4778
201 2550
3891 2806
4762 8178
3477 6879
7301 6801
4219 6505
7519 1042
4874 336
1632 4609
237 6019
5227 7565
1152 1896
7242 418
4081 6836
4556 2977
3349 1722
5608 7544
5658 7808
2043 989
1777 1664
1624 4033
2704 6608
1984 8399
4397 7291
81 4084
651 1329
8307 5859
283 3957
1916 4702
360 2690
2063 5883
6894 4264
5114 2371
5952 2696
3227 5653
8385 273
2258 4414
2595 6329
5802 1068
3707 4640
5444 5575
7066 5597
1537 774
7829 5007
4102 7416
3403 1045
2189 6021
1446 53
6218 4846
6786 7935
6113 6503
7836 2236
6280 713
693 996
7844 2003
5748 788
6750 965
5699 1042
1657 6344
6179 6612
8261 358
4161 3175
7486 6924
1977 1671
6888 248
8040 1268
4714 5011
4884 5467
3329 2796
4184 5893
4332 5685
6954 5369
4183 7966
5383 4639
3048 7077
4192 6392
3537 4616
6626 511
7538 531
3632 1363
5168 800
4757 4985
1238 5437
4470 8154
7087 4475
1589 7694
8082 5324
1768 8401
2470 2898
1028 3844
1604 395
295 3066
5182 4000
4101 7187
7675 6376
2196 6216
847 3751
2965 4623
7190 1536
4224 8007
8321 7369
4811 7080
7656 3420
2488 4122
2274 8186
5391 6852
1734 5870
2446 5607
2348 5701
310 1557
134 6039
6370 5288
5342 4230
4886 6093
5374 7255
1694 7541
4298 1632
4369 5278
3862 3518
3973 7735
3508 1141
231 6494
645 1002
3082 5878
8359 5997
6512 852
4879 622
3458 620
7440 1892
71 4171
7207 4706
1591 6800
1548 6508
6191 6075
4333 3674
5635 6160
5820 694
6138 3468
3607 7156
8473 3398
1233 3230
2023 5591
2235 906
2969 1180
1342 3750
8105 4653
5663 2362
4499 5177
3548 1666
460 129
2507 6665
2774 2928
3312 6207
1811 6670
7874 767
6811 4430
1213 2758
1872 5430
4832 2845
5281 6381
1790 3621
8419 7861
6776 2447
973 1330
6835 6305
3840 5117
4112 155
557 2217
4284 3010
7919 6611
1584 4533
5215 6248
3321 1060
1925 7184
253 3837
3328 2260
5279 1823
2639 3769
4896 7256
5940 1134
4684 3066
7353 366
3089 7719
5109 1042
2 816
5079 8077
578 19
1214 5986
1532 8119
796 8426
846 8202
6692 2875
8424 2388
4496 5192
1084 4547
5097 78
8044 7586
5049 1374
1236 5355
8356 2900
868 6288
514 4923
8146 8226
2810 8340
2641 2272
2907 8435
3612 5248
4957 2200
7773 6732
8045 2445
7286 965
5665 6665
3859 5238
6335 1297
6742 1227
5595 8449
4165 2543
2397 999
4655 4293
1834 3770
3209 1613
3725 3284
6660 5350
7288 950
1132 6205
628 8216
1539 8369
2989 6690
7522 2682
6904 959
4005 8085
8032 3388
1573 7418
981 3611
4618 1618
6893 7187
7873 7112
4429 4402
2480 5228
3164 3491
6858 4227
7880 5995
7750 4830
7783 5460
1772 3139
7846 4423
4862 4106
1203 5671
3554 4957
1895 4619
7673 3073
2542 6970
4494 7020
2823 3074
3512 7078
6454 846
2533 7874
4176 4049
6442 4483
725 4994
222 6280
387 8006
5614 4797
6895 3264
599 1870
6195 142
4229 2747
6233 6088
2073 2284
4819 3036
1001 2734
61 5503
12 1051
4035 8466
3809 1853
7557 8429
4 4475
437 1488
6474 257
6731 8243
7124 8261
3691 4041
1142 3181
7295 5361
3575 2605
5540 6442
7849 288
2904 7584
5659 6698
138 3664
7972 6432
1670 1986
1799 7967
3699 615
5195 8307
7990 1239
1410 1917
4315 878
6850 1382
3456 311
5027 4741
8005 2130
2648 981
4726 2259
6675 7306
699 7993
3484 2722
8233 3687
7621 6557
3663 1175
258 175
8008 1800
6388 1581
4459 3391
2127 5707
5103 4347
522 7416
6654 5483
7730 4950
8404 6316
969 2849
6703 7085
496 5397
3286 702
2972 681
4068 6110
2802 5638
3791 577
7114 5729
2839 7046
1606 4275
7710 7815
2672 4523
7857 2888
328 866
4367 4870
919 514
8091 3761
1375 7058
5393 4317
3436 1902
3731 2409
5380 6245
7659 3756
3726 5802
6823 4430
7125 392
2669 5566
6043 7441
5148 3478
8352 2883
2586 3960
3258 4055
5661 6149
6564 4172
5909 2707
7459 380
5578 6163
1304 2037
7481 3623
2341 5546
5495 2040
4727 3837
5531 7857
7249 3122
1642 2809
3092 2423
1523 3087
7359 6542
7260 548
4015 6813
4419 7666
5061 5747
5861 6033
2560 2636
917 8423
4622 132
4645 4577
2111 1627
7894 4440
930 6523
7332 6262
2811 6304
3841 1236
4338 326
5210 531
3654 7832
3149 2285
1649 5816
3926 3544
5642 6294
3294 4699
2367 3312
3736 7694
533 1801
2256 4060
4632 3721
7375 2041
6385 2479
2288 4585
2436 8154
4504 6552
2166 7868
6060 2814
2740 2637
5848 7011
2499 6729
780 4951
6334 4035
3147 2255
4280 6910
7472 2643
240 556
6502 7418
1265 818
3099 3549
6092 7408
3771 8283
1395 3750
2360 8472
7219 5364
342 757
6747 5195
6393 5260
4567 5005
8347 479
3505 8455
1 687
947 3039
4226 2541
4452 3800
4764 7596
27 7186
5252 7696
7057 2341
6380 3097
7885 5078
6638 1059
4156 4116
1339 2223
6302 6744
6978 6270
3946 2922
1212 6538
463 236
2204 3751
3565 3368
650 6859
7776 4515
7236 5890
2194 4830
4476 7862
2079 3750
4703 6379
714 7982
6966 3087
93 5597
6593 952
857 6578
341 4310
4537 7347
5073 7095
2052 848
2162 4660
2187 1599
3677 190
6667 1081
1014 4652
4288 2206
893 8052
581 551
7546 3954
6535 5757
5267 907
3422 3864
2862 6559
6824 7436
4907 3937
1099 1627
2623 1466
2913 6040
2821 6373
928 4452
4216 7432
7778 3426
4047 7133
3510 2084
195 8414
338 1322
1077 401
768 7902
307 2943
1897 1479
3213 1379
6094 4270
2701 1721
6780 454
3342 12
5124 2003
4740 1369
2460 6654
6147 6594
4891 6803
4899 2421
3573 139
6872 7954
1125 2377
2137 1539
4119 7470
5484 740
1126 6252
5911 3880
5857 8404
6981 321
7570 5267
6983 241
6242 950
87 5352
7053 6929
1786 3278
4945 7138
7443 4161
2487 1542
3440 8384
8469 6922
6134 4859
317 5261
1560 7022
6898 3317
7603 1339
1228 3354
5463 8008
5376 43
7273 4994
3745 4865
6877 473
3305 283
8259 3539
4627 4792
1385 160
247 6914
8127 7860
806 7553
8124 8408
45 5648
7221 7575
7072 2118
1949 1379
431 2808
1821 5491
7326 6580
6206 337
1909 284
621 4621
285 1427
5489 7230
5110 3277
3713 1832
1686 3113
1554 6181
2338 7860
3446 7018
5688 7259
5547 5811
7685 1020
1587 4737
2790 804
798 236
5721 3636
7718 1474
3111 6922
4700 1815
8409 2725
6476 8056
4522 6523
6572 1599
505 7255
3729 321
1861 7398
7250 6831
811 6222
7708 971
8458 2097
2036 8365
3760 3645
1898 2804
1662 2953
3359 7472
407 148
8050 1775
635 7541
4576 6807
4135 4636
5703 3171
7244 1130
5680 3739
7047 6315
8354 7473
2113 6202
7490 5893
7658 8387
7311 1
6965 3543
5389 2936
1406 5891
8425 6321
8014 7341
7688 6557
49 6707
2382 430
3038 6451
4386 5556
6716 5667
5451 1640
5209 5320
2759 6404
2400 5912
3516 4754
6868 4496
2315 407
3502 1685
2535 3098
4920 4322
1092 6865
2596 8282
5249 3841
6639 612
3577 5061
1980 1837
7973 4172
2049 7228
7637 1923
3915 1447
3822 6134
3221 4374
6395 534
216 7153
5494 6781
263 4784
6063 7299
4938 973
3045 784
922 2084
1136 4412
2183 5698
982 254
6226 990
6934 108
7385 7286
2890 2382
1953 8091
5162 2247
1178 7917
7910 3184
6446 6402
2078 3175
279 3663
1948 6620
372 8445
8114 4953
574 1654
913 842
7331 3434
3767 1934
4790 306
6986 2421
4170 3180
2599 6077
3223 6911
2210 2716
8351 1829
5652 6157
567 3112
4290 2571
3661 3984
7037 3162
1740 3983
1720 331
8018 5649
5130 4740
4911 7073
686 4564
7206 6738
6947 4792
3849 4149
604 6677
356 5483
7932 882
7452 7305
8312 3943
1715 2208
4889 6474
5796 570
5877 3966
3986 4676
2002 7671
8058 2679
5160 1169
6473 6964
357 8164
4503 1279
1546 1615
1240 4968
5243 7718
3343 3816
1924 6939
1287 3964
5020 8391
469 6035
332 5538
5645 1060
2580 6119
3056 2296
5072 2310
1073 2248
3246 4802
412 583
5623 4283
3205 7202
4057 6767
3595 5601
2818 1047
2833 1574
5392 5828
1798 7197
2998 240
7426 6709
6696 7097
1267 3514
4906 1886
3616 2020
4643 3205
1300 1608
7371 4623
7560 6263
4150 7516
2318 3924
2534 5439
5684 5901
7871 4000
7847 2789
3675 3983
5951 2891
6544 7789
7985 4783
7823 7057
1515 4160
3011 6703
6325 2895
2325 1485
4500 203
7661 3794
8165 1293
4810 283
2627 1956
4707 6420
825 2671
1082 6461
6023 1335
7412 5132
28 5638
3517 7451
4432 3929
7350 4926
6200 977
6011 4953
6396 4059
1062 954
320 3254
2398 1078
343 3598
6003 216
6740 2713
1372 5546
6430 1352
692 1740
41 3221
5116 1448
776 4918
5008 8177
3078 5118
3409 3347
6469 1839
6447 1837
5328 2672
6596 8070
5304 6854
7164 3398
864 6853
6587 8083
5400 3424
895 7448
3273 3731
7793 7600
7999 6716
6788 2704
8068 3663
137 6777
2243 5591
4546 3475
4295 3808
7127 6382
4690 8335
6519 666
5673 3995
4990 7305
6045 2460
6730 310
1116 6730
4545 7799
3047 7486
3629 2365
6996 4474
2661 4001
1665 6817
8163 1864
5004 1136
2615 4056
7052 1102
8084 758
7199 2416
2358 4607
7610 7132
7594 6481
1296 3583
5728 6877
5945 4897
7634 4504
6522 3515
8171 5694
8090 321
1976 260
1325 3135
4433 4745
4048 5483
3080 7033
1857 7590
6623 5536
8402 1654
7660 56
2129 2150
7406 4419
7333 732
4196 3622
7065 2696
4398 4187
6650 6550
4866 5555
4158 433
2108 618
5452 4447
3202 5429
223 3415
756 1274
5873 6235
3668 7228
2562 7770
3917 1188
1226 7340
5838 757
5231 5887
7240 675
7863 4960
6203 48
111 2693
3334 5556
3069 8106
3186 5757
6635 1552
2123 1733
4631 3078
5403 4730
5246 6420
6487 4771
2903 6807
1569 6332
8241 7194
7303 6436
2897 7266
4002 314
6062 3674
8394 1335
1696 157
2474 3067
2250 2297
3091 7366
383 8472
4542 2290
3748 2717
5582 1148
3673 6699
5016 4443
4306 6348
6529 7675
8343 997
2662 6288
6098 2096
3836 7972
5620 5074
2519 643
677 7934
3602 5152
5812 1890
2264 4191
4182 532
6751 918
371 6537
63 3442
6251 5057
5108 1638
1852 1683
3326 304
8138 5942
5621 4951
6832 4752
7957 7651
5708 3617
3782 4106
2968 5901
1449 966
7422 7218
8464 509
489 1345
8123 1411
1409 3684
4330 7863
4375 4979
6900 1438
2588 4424
2080 7048
500 4542
1256 6235
5224 4706
2089 6081
2146 315
3064 3926
5763 3113
1025 6273
7424 714
7430 6393
2825 7095
6169 7229
3842 4869
6107 2139
5021 6660
6524 5116
860 4903
6928 4398
7328 5244
2102 2407
1221 2079
4045 6669
4148 3248
3693 8115
2213 5297
5527 3275
3712 7075
2404 1233
2215 5635
3694 2984
2185 177
610 6356
4823 11
2361 4115
8253 2297
3561 2954
8174 7304
6518 4465
5846 45
2385 397
6843 3002
5141 1973
665 3149
721 2725
5111 3943
1820 1420
5970 2
5918 6074
51 4649
7962 7309
6967 5116
2658 5248
6615 8365
411 2374
2249 5020
5923 1649
2846 1100
782 8469
7566 2332
4213 5738
6847 1956
5193 1292
8111 4249
4998 4234
2513 2366
2110 2541
5869 3665
5090 5120
5585 674
4574 3170
1147 7354
8406 6951
6590 3500
5469 1472
6950 4478
3471 1209
191 8333
4436 906
2577 235
7636 3048
6737 909
8129 6508
5047 412
6567 7917
7816 775
3365 1679
7712 5951
183 2559
4356 7494
5322 3574
4225 3282
4808 8053
3581 5209
7728 3553
7345 2506
6115 2733
7282 8289
2878 3779
2626 2460
7329 3691
4383 3322
987 3279
5839 2445
1556 20
671 6918
8143 1624
995 8090
3839 2264
2452 87
4011 5563
5518 3593
5240 3639
5385 3018
4009 2985
1942 5353
6101 1671
4207 3565
984 1786
5046 2688
8218 5284
2415 2043
4549 8112
8227 1880
2240 5018
2816 2200
7386 2043
6108 6378
1456 4522
727 3891
4248 2646
1564 2713
1736 6143
4403 203
856 387
2117 7334
3461 2291
6753 8399
5428 7070
2135 6510
5899 6739
2555 6950
1347 5156
4967 5150
5884 414
1187 93
3242 7297
3711 2236
722 4221
1038 5166
4271 7537
6214 4691
8239 7995
92 4834
588 7857
2782 4373
3667 7794
5562 2909
8377 2040
7591 3727
8223 6195
6007 4724
8301 5602
3274 3824
4350 1963
114 2274
15 6842
4602 1112
4976 7190
415 2926
7601 6130
3642 6883
7509 6786
4181 7484
1541 8386
1655 279
4438 2570
1637 3279
4728 6517
6456 31
6017 7429
1661 3130
3425 5360
6582 6675
1328 1131
683 3637
3228 6558
3900 7219
3031 1535
1417 7068
2798 2148
6565 3992
4742 3316
7528 6162
8016 5285
2655 7128
1785 1379
5030 5938
4157 5757
8142 1061
709 4957
26 5673
948 3231
7166 5660
7357 848
624 2240
5551 2932
3467 3818
4656 5293
6047 4419
6173 4759
7567 2105
39 2331
3802 1646
1121 697
4666 8344
4456 6258
5480 1860
5106 6262
4359 1975
4421 1029
5329 5625
5959 2373
3268 7478
8023 3066
523 6321
2469 3578
4758 7181
4123 2865
5985 7618
5733 5229
3609 213
2275 1560
2589 952
3797 3308
4848 27
4277 3461
5917 3479
6735 7089
7947 1384
4868 7774
2765 6456
7748 5914
7055 1143
3885 3528
6871 1144
2086 593
5096 2052
6072 5117
6480 7738
2181 6896
3324 6839
3012 7761
2001 7670
7008 6428
6029 1678
5764 3020
6129 5848
5187 8324
2298 5582
3270 5234
6425 2600
4787 1505
3564 5196
66 1944
29 4205
1903 7669
1497 6070
5339 1352
5976 3611
312 5579
1206 3531
3592 1520
2990 4295
4997 5840
7864 1208
1097 3254
3730 907
1246 1168
7946 6009
6672 4374
2708 5011
389 2983
1258 8101
7035 7332
3291 2208
4909 649
4526 8443
668 1881
1688 804
1104 3158
3997 3254
4235 1086
820 177
5188 2921
1602 123
6267 3050
1933 6012
1844 6979
4761 7857
7678 4194
6260 4008
7896 5426
7948 6285
3678 6910
1202 6004
335 1269
6584 91
6937 5598
3240 3558
4593 3606
5094 3061
5280 2032
6423 6782
708 3773
6595 2246
4318 7890
2015 6026
3582 5313
8145 1549
7733 3839
5050 3721
3295 2434
7348 225
707 7854
1072 4490
1309 110
4404 5090
3810 6884
7393 1615
4067 7443
2721 92
5904 6370
2205 3497
8028 531
3649 7223
2683 3482
6239 1803
4199 1887
184 7626
5924 6991
3525 3679
33 556
5706 892
16 2445
7920 118
4535 7727
4750 5252
4513 5709
4051 299
4779 7949
5643 2908
3004 3020
6192 521
4717 4344
1582 4682
4620 4152
4086 6501
5398 1539
1475 4056
3418 1624
3046 3560
4220 6538
1512 7121
3156 3763
3815 709
4954 975
1402 161
5067 1364
5599 7859
5624 1860
480 4595
4777 6951
7139 1184
7093 8032
5553 4305
3961 6542
5998 3041
7911 4112
7497 2475
6543 6334
3643 4610
1995 1632
2262 8112
7585 7955
5427 2055
3570 4994
4377 4696
786 2235
6243 4704
3894 3545
7851 2766
4012 2953
6764 1870
3207 3984
5237 5838
1496 6695
6915 5873
8093 6982
4948 5411
1562 1851
8361 2139
8095 6113
6795 320
5294 7212
6087 7823
1381 1909
1282 3697
6869 1137
3452 3914
7578 4365
4558 713
526 4574
2552 1779
2413 7468
4694 1002
5448 499
3535 7469
4027 7635
1710 5382
8054 1430
1149 6972
961 2135
6588 1052
4678 805
8331 5963
2824 1937
4415 3840
82 3813
5149 6450
5749 3775
7204 3621
7855 3232
8049 3812
3218 4723
5969 210
504 5895
2312 6592
1626 8365
44 1020
2557 2213
5102 176
8205 5623
4973 1181
6515 8184
956 5526
5754 8400
6834 620
7551 4182
5610 948
4681 3321
7292 3204
4679 7536
7641 2261
4875 8350
5262 8280
1196 5928
1437 4572
2863 7176
2784 7114
541 6090
778 4129
3835 782
6793 242
7722 1995
1622 3448
7003 2993
3717 6747
4063 1387
3131 3503
5381 197
1317 3359
4735 1105
3618 2108
944 3065
3866 7095
1816 4796
3807 7561
8080 7743
8376 5871
6220 895
5535 1584
6390 4229
4236 5874
5655 6812
3825 6366
1918 2542
1404 3318
5335 6032
2088 6728
3850 7367
1965 7614
4262 973
6995 695
2193 6489
3788 1279
36 5771
1428 1998
2453 583
902 2175
6901 7810
6005 1947
746 6730
5026 2740
1244 4473
290 4475
1612 1859
6569 7246
3463 3714
6761 2356
4780 197
6857 2490
6583 1829
2735 2167
6663 1951
2060 5259
1278 625
2549 3274
4120 4212
3219 5959
7415 8285
7837 6376
217 534
6490 2986
2578 3562
525 3281
4237 7320
7899 1582
3588 2992
1231 1008
1855 3711
2186 7561
3948 3582
3303 2219
8438 2879
4087 2324
828 2536
2753 8134
1797 5360
5692 3050
2783 4540
6136 1092
6265 2336
6310 6112
1631 5200
128 2655
65 4423
2209 7131
6710 5574
6278 1380
5286 3453
196 666
7417 6661
264 5624
1869 603
8113 2760
4256 8242
3975 6914
3224 3604
4050 7166
1476 1260
5080 4930
2066 8041
4831 3790
8327 8409
4782 2658
6184 1940
642 2582
6968 4710
1177 6300
6020 1435
7943 5924
6833 327
2644 6906
6058 4802
3743 2499
80 157
6907 6481
2567 3679
4532 1618
1553 1359
1594 3712
1361 1148
584 2918
876 4941
7381 1762
3521 7891
781 7805
4641 7642
7701 1257
3390 2098
835 5812
4829 1299
3132 6115
2871 1806
3187 1726
858 4298
3447 7861
6640 7541
2380 437
3395 3449
4563 5246
1224 4715
6687 8167
4126 5162
249 494
5769 4896
6326 1800
3355 4986
3907 4204
7231 106
259 6605
6065 7995
5758 1593
1040 6724
143 7505
7654 7003
3786 611
6306 6366
8015 1860
2524 1279
2858 5391
2632 5196
6645 8372
3033 6970
5345 4966
3962 1188
6213 5640
6760 4687
5790 7805
2703 4627
5896 5110
8371 5674
3927 1814
5789 5895
6312 6501
5254 5251
1910 2588
7680 3019
4662 3141
7191 6205
214 6965
7074 7920
1215 5303
6417 7540
7938 5031
2872 3011
1672 6872
7574 4152
6666 4409
1018 1081
2170 4264
8236 3003
6814 6691
942 2112
3344 6392
2674 1153
6770 2549
2152 1051
728 7117
478 2680
5396 8230
6311 1854
4575 6809
1789 7177
5454 2561
3905 2078
4111 2931
378 3721
7623 7856
1119 3599
1199 5723
7183 2277
7831 5229
2684 1542
8089 2195
3876 809
5827 7302
3628 5342
4010 6438
3631 940
5630 6300
6257 6194
6686 2856
7705 6613
4661 6817
8065 6465
6844 3038
1962 5676
773 231
4029 1423
1911 5822
1522 2362
7382 7298
5119 7903
4381 7919
3014 485
3624 2585
822 2194
3559 481
4667 5517
2797 8469
5573 118
7842 1882
8217 7978
6457 4903
867 1089
3101 5757
2326 5027
5751 1414
3754 6100
516 1179
1630 4566
2649 5184
3868 7883
4857 7134
428 3006
4633 7077
5212 5790
4847 600
1041 973
5071 4378
5063 5516
2902 6418
3833 3327
1507 599
3509 1629
2188 4655
7423 3318
1927 693
105 4060
6643 2343
5670 3213
2451 1888
3898 2246
1530 6285
352 3205
6000 8188
6769 4908
5697 4475
8033 2972
5032 5647
5266 12
4836 753
667 432
8057 8317
8209 5667
7045 3192
4917 3448
1450 4034
7562 4503
670 865
370 4174
8434 8074
3369 2982
7992 2250
6741 1770
1494 25
8433 5070
3846 4334
1904 4290
6830 5918
7036 7766
4431 6130
2165 5448
6046 6512
8309 692
4458 460
7619 2206
3980 2961
2521 3557
7609 3168
4303 7567
7792 4535
3601 6364
4393 2848
3222 6023
4272 1594
4371 614
5356 872
3464 2929
4599 4826
2027 3032
8024 6212
3882 1360
3429 2901
571 4842
4642 7365
5528 7473
6397 5757
5606 5865
6606 3151
4773 1916
7975 3236
1847 6195
2171 4108
8173 2017
706 4462
1883 1562
6096 1347
4488 7317
4064 4378
4743 1021
5410 4625
3759 4341
771 1597
3605 882
3998 6828
5773 4587
1452 6554
2334 5082
6610 3175
8073 8315
2496 2736
2546 2385
3682 343
510 3631
3944 6028
1185 1134
4335 182
7049 4794
1982 1822
5462 3722
2176 1013
4080 398
4255 6201
6141 6851
8069 7420
5717 7427
4079 1841
7717 8313
7593 7863
355 3013
1945 6642
4933 6101
1277 8234
747 8100
1115 302
2211 7728
1701 3305
6139 3354
8368 8469
7704 842
5830 4017
5012 5873
4110 1976
2754 163
5500 3037
3059 1410
1007 163
32 5
8478 3099
5937 917
7173 6728
7853 3768
2955 3567
4042 6189
7004 4145
6533 3012
3361 8023
4525 7145
7582 5427
3940 2066
2010 4685
6374 2587
729 8194
6359 7185
3827 1434
6956 1088
4634 3884
5176 4946
5343 295
2390 6014
2464 5821
3290 4575
17 2559
1891 8382
1096 6863
4260 6554
3470 579
5033 7467
1023 6998
4902 1908
215 7723
4680 5169
7921 6904
6902 8275
6486 6956
6083 929
3411 6218
3701 6259
1124 4576
5009 7836
1261 1707
5478 5547
8010 6179
7663 7551
1198 432
2363 5803
7373 3123
3439 7934
1491 5920
2192 5368
6146 2075
8437 5599
266 7955
815 2421
2692 3093
2860 5583
5921 5304
4914 2278
5979 3605
4278 8194
1093 5774
6974 3419
2827 8139
8306 7790
1462 2449
3938 5211
4760 1630
8155 7253
7483 554
4709 474
5077 2381
2357 6352
7909 1448
6532 4581
6103 4602
8407 7312
7084 5349
6041 282
5506 1187
519 2734
8152 2610
633 3667
1253 313
3197 7887
4971 2816
7220 3688
3683 8123
6387 5672
8180 1446
2520 8245
7495 5177
4243 3737
2309 5395
4658 4681
7454 5447
7387 5692
6187 3522
4722 4142
4528 3031
2575 6896
4185 5647
4529 3982
7380 3532
4351 3457
1010 3877
5941 941
5755 6059
6279 4983
5831 8198
334 7202
1692 913
823 2381
7820 7665
7971 3722
3476 5565
6281 4994
937 2131
2835 7105
1946 7643
926 6599
4208 1101
5442 6101
4257 581
6573 2256
8036 4382
6912 6565
4006 3538
2410 5310
1283 6658
8079 2696
3710 5864
5991 5528
2339 6820
96 5186
986 8455
2864 3004
4820 3261
5474 6696
4861 2266
6720 8136
4089 436
8355 1764
2916 8080
1935 2301
7439 2558
2517 4767
1808 2899
3 1975
2836 8372
1357 6179
2143 1853
2715 1247
2104 4139
7508 975
4053 6836
2554 3694
7361 6216
5181 1877
76 1256
169 3589
8130 780
2128 592
239 4847
6408 4057
3650 1985
4384 7890
6 6509
5081 2494
2018 5079
3095 1956
4405 6737
7604 3171
4520 5703
7069 6712
3055 2128
2572 2231
2471 8427
268 1887
2761 4143
1311 2832
5741 3202
7107 4724
1644 4709
660 2918
6756 1952
7462 3539
1717 5736
6482 3445
7878 7796
1405 5622
2503 2955
6466 7418
464 5304
6992 8169
1441 264
991 4032
703 4371
5414 2026
6749 7520
6549 4007
4872 3682
3820 4563
2792 2130
116 3786
6736 6465
2509 3082
4544 4286
7284 7923
6525 3065
2531 2546
808 431
4604 3296
2527 1784
1271 8450
5882 2190
8035 2641
4586 5135
309 6100
7850 3821
7028 6138
2866 4368
7826 8167
3022 4193
5662 936
3138 5001
2642 593
7245 8224
390 3204
8030 5037
8013 1742
165 937
6988 96
1729 795
2280 4150
7152 7089
8451 4771
4637 723
6609 6145
4263 5937
322 6299
4654 2990
6977 6482
3142 154
4477 1091
978 6004
8428 6152
8195 1225
7987 2262
385 1500
7016 1573
5002 5857
7269 333
7135 1522
2402 112
5390 7620
2633 1756
3742 3038
3283 4503
1746 4061
5543 7370
2711 4863
3155 3883
1442 2728
6455 7606
799 7899
5862 1563
1538 4058
630 4123
1216 1699
6985 1809
365 8133
6298 6883
8037 7075
7840 4794
8059 6639
8366 490
1527 7890
6313 2255
7757 5249
3716 4126
1037 6689
5203 7496
7588 7123
204 7406
3656 583
2882 805
4835 2701
3935 7186
8364 2124
8004 868
1819 1582
4939 6731
5581 1753
2830 2884
676 4576
3114 6708
6439 2214
325 2864
7285 7040
6025 5103
4417 678
561 6883
6637 8237
3234 797
4132 3231
6211 2072
2414 8150
5934 360
7086 611
1054 4478
6435 5487
3752 5751
7839 7230
5370 3438
7109 2741
5732 326
1426 7315
3008 4418
5407 3056
2222 3741
5417 5758
4511 8103
1306 1670
7280 1893
1334 7591
5777 6481
7647 3147
4845 1975
7556 3984
6183 402
5476 3720
1596 1141
3783 6605
634 320
6443 577
8172 5842
6903 4450
5337 4625
609 996
7264 5310
812 5688
6463 4933
6303 6518
2006 3650
8326 1618
3079 4347
2911 704
7825 8390
7532 7257
2666 8087
6527 141
465 4656
6630 5812
3280 1601
5693 8041
7263 2645
5880 3064
6678 1909
6022 7743
1172 5318
7732 6036
2697 2606
7930 3199
187 3943
6383 6448
4589 66
1590 1210
1250 3066
720 1600
4326 804
1302 780
5056 4563
7699 6893
8025 7811
3781 1853
4454 3555
308 3992
8017 2680
4072 5467
5314 6067
8098 5382
5161 2174
7433 943
3925 6214
5996 1077
2691 3410
364 8195
4733 4822
3614 6266
2857 2376
7674 7611
3899 2914
5233 3770
158 6660
1200 5537
6343 982
6054 1008
2406 7268
1192 5178
1862 1947
4901 3998
5965 3948
3165 1803
1457 1805
1659 4107
6295 5206
2752 5867
4028 8383
5075 2278
2948 1950
5308 6315
4319 4409
2292 2954
7464 8408
5158 852
2497 4588
7682 4407
1865 5898
6068 4764
1186 4896
4345 1835
6987 2264
5045 2503
2455 6043
2812 5814
447 1101
7480 2374
3210 6304
1004 3698
7547 6797
5126 1138
3989 7114
3507 700
162 2730
6498 8074
916 2673
976 1661
6013 7674
6646 2249
3890 6163
5826 3244
350 3065
8122 134
4197 1103
1868 1287
8132 6366
4030 3096
6116 5198
7720 854
6337 1164
540 1639
403 6766
4553 6991
79 6654
1194 635
4267 5356
2719 7920
3263 8410
5710 5111
7278 7071
2945 6576
3241 1525
4638 7387
1769 2529
5939 6020
5768 1214
8398 2940
921 7946
7713 3753
3124 2461
4482 1410
230 2813
1550 1797
345 448
1990 5375
4615 3091
2944 4990
7103 854
1723 3942
5327 7019
2350 3004
5823 1783
5305 867
8252 1313
8086 5026
5927 6266
5682 5951
6546 1556
689 2249
7724 2304
3778 4039
3007 3353
1719 411
400 6188
4085 7074
7409 6555
884 1379
4538 6577
3952 6671
7979 1321
6631 1101
2738 7474
7453 3787
8360 1257
459 6045
1120 5804
1155 2317
7922 3286
8302 8275
7624 6807
250 2461
7396 7012
572 4710
6118 2563
8348 5455
4153 1913
4531 2111
8249 3428
6997 7105
46 2375
5076 2003
5498 8080
1592 287
3374 8025
951 7634
7130 1556
4506 3279
4486 1434
1031 6638
6933 7214
1272 4509
426 3267
6318 206
7817 4604
4937 2766
5101 2732
1285 4580
1838 4433
1063 6481
655 2644
6743 1380
4669 332
6601 6293
7835 7277
7759 3497
1915 6893
4425 958
5700 6795
4516 7112
2239 3934
1230 4905
5949 619
2126 3982
4995 6451
2819 5542
3127 4799
7676 1985
3052 4116
853 375
7517 3659
5931 4756
7167 5843
5226 1480
3757 5549
7032 3775
2133 5183
3845 4613
2694 355
2510 4023
1128 4438
1036 6889
6963 104
318 5908
5490 3368
7869 636
6762 3206
6752 7873
8168 584
193 992
1648 4425
7414 6013
2710 4820
5885 5321
2087 415
5868 5443
5902 6327
2197 6414
6323 6529
4218 2693
5511 4169
3843 6602
3330 5149
6322 2482
2584 1719
7639 6164
2030 1417
5255 8348
4390 8160
5142 8090
488 1687
4480 856
2876 7884
5978 7892
2225 6336
657 6709
5127 2857
149 3960
6137 6563
4385 2953
1936 959
1572 988
785 2577
5015 5124
2767 2395
1445 2447
5060 379
89 4317
6960 74
3235 1867
7211 6856
7106 7824
5470 577
5104 4283
3208 4266
5929 3804
4644 8247
6539 4026
7460 3220
6547 5796
8373 1885
7224 7575
1689 6197
8342 4507
4712 3399
4601 766
5962 8096
968 4490
6056 3218
382 2312
7937 3059
5981 3106
972 355
4650 5584
4731 5186
3432 6983
5999 1143
6076 1996
1067 2708
4789 1296
5477 733
1674 3163
7994 3524
3826 6039
3922 7680
2300 6761
7986 7065
5798 362
7136 7194
5767 975
4659 6534
3459 3745
1012 3611
3100 4551
1009 2526
6597 4173
741 223
1932 8001
8465 3247
3366 4642
4448 4493
1127 428
1730 8420
4200 4397
520 1074
6042 3184
594 1854
1022 2012
3486 8143
3913 1822
2634 8287
3108 6028
7969 7988
7689 926
2059 3375
6089 5902
1243 655
6890 4829
726 4692
7251 6060
2378 6703
7968 855
1551 2914
5189 1650
7563 4856
5066 2626
5943 309
6209 4906
4791 6779
8479 6433
5133 5103
4590 6886
1429 1717
3077 105
6246 3104
1201 4269
3597 3518
3762 7604
7002 6422
2608 7438
7858 3354
3360 6116
5616 6557
1771 169
5006 3956
2791 4869
5906 4353
4312 3274
6441 6722
5315 752
438 47
2949 5818
7931 2471
2328 7366
3035 6948
6528 6329
5770 7709
2750 3978
3865 6652
3571 8009
4346 5614
7013 2068
4775 6561
5317 5297
7965 3109
2379 1709
3381 7283
2408 3666
1651 6898
3685 8392
6132 120
7034 2386
5312 2598
1846 454
555 111
3672 5925
4238 6683
1344 779
6495 6876
5093 5690
1848 1269
5534 1219
4763 3411
3669 5619
5137 1884
6223 2434
3696 2828
62 3331
4189 1587
5815 4
5367 6857
4222 7724
7579 422
5505 6084
3540 4409
1576 6824
1724 8343
3758 2948
6784 3517
8051 248
4361 3256
8250 3866
6530 6957
1660 8428
8099 6261
1826 4815
2463 3181
5017 6298
3174 1260
2116 3989
5657 5568
7784 6505
2198 1155
7870 2957
1418 318
1467 6605
3345 4215
6713 5400
1254 3195
3536 3802
1737 5300
5954 205
8162 4999
7523 3564
5753 6946
2333 3656
4180 1137
3249 6703
5053 7403
4851 800
5112 3231
7912 735
4062 4224
4420 8361
5705 669
2976 4023
2538 1413
8346 6754
7233 7420
8228 4531
7681 632
3021 1671
6560 2438
2184 2049
8258 1140
8011 4414
7616 3691
7209 4059
4088 7822
3053 4079
3576 7991
2244 945
8183 4874
391 1510
5105 4628
7581 715
7928 128
3310 7283
7906 6285
6253 1059
6697 7799
3955 7549
6153 5449
5958 6084
6217 700
294 2669
5501 7465
7487 6118
4904 7714
7017 6802
2920 4845
2354 8288
4964 3622
5810 5638
4321 990
2967 4584
1251 7818
4370 6857
6440 1420
2430 585
850 5862
6941 8460
5247 7690
6158 3398
1341 8316
7542 1443
4936 6629
5779 2536
6717 3774
2330 2253
1366 5200
1399 6334
935 5844
7848 3221
5719 266
7951 3357
2437 2934
6627 5481
5088 4935
4389 7804
1090 346
1298 7709
7958 3959
4648 5334
5513 1010
4600 7115
7180 6813
5301 2539
3533 3346
3009 7566
4721 5143
4004 3159
5415 3184
7800 5107
2051 1014
2122 4857
3494 5648
3625 3632
3780 8392
6198 2891
6172 6385
7421 2107
2351 6130
912 4002
286 382
1123 662
3183 1060
42 7476
5319 4785
6228 5285
6210 4046
5085 4650
5445 3150
7997 7413
5365 7570
8192 1051
7015 927
839 6630
887 5767
3692 140
7319 1956
1544 632
663 3718
8381 1438
8467 222
6855 2162
6427 2697
4146 6942
2238 7471
737 7276
5139 2162
1988 5486
3049 4404
4541 4803
7940 855
3143 2036
7518 4186
8102 3242
3027 5200
1273 7034
5129 1580
7787 1027
4052 5244
1969 8235
6619 5796
2465 3613
255 5906
2724 6470
1071 2640
7168 6126
7525 7341
2841 8381
2000 7883
1211 7016
1900 1254
2834 6995
4844 5816
2120 8396
6123 4348
4675 6233
265 8170
7513 6252
2396 8269
5475 8457
1368 4135
2757 1062
5274 1661
2638 4360
7270 6802
7895 6658
5431 664
891 2482
5316 6498
2144 4654
7201 6918
10 3768
1275 5686
1943 7391
7913 7890
4021 8350
6053 7404
4677 3924
3051 1179
6930 459
6838 2161
6155 8046
5656 2798
3253 6631
340 7009
3734 1261
7307 2359
8176 3788
8358 2583
3094 3394
7318 6894
6467 2633
452 2685
565 3216
5401 7509
3178 6576
6314 1323
7633 1761
4931 4259
606 7546
5730 6947
1469 3950
194 7344
3044 5163
6926 5931
2919 1224
2070 496
2987 1879
6372 5607
1735 1301
4651 8431
2622 4159
4209 5887
3681 2346
3203 263
1545 6942
164 1083
6897 1396
3584 2158
8225 301
7175 4530
7491 5674
4241 888
5485 5645
5567 7750
3886 1102
4877 3752
2930 5756
4947 1289
4289 5695
6391 242
2975 1621
2031 2102
1968 6458
6289 3086
7514 4010
8022 5068
8374 1900
2855 917
4031 2537
1561 6437
4484 4981
1967 6646
2450 3179
8303 508
6360 6379
5492 5204
5302 1096
4833 5187
3071 1201
3979 3671
1634 2223
3252 3974
6810 8331
8411 247
8405 6330
443 2436
2978 2844
1619 4061
1133 415
6159 4486
6277 1350
5819 8282
5291 7786
3367 6628
6227 3087
8274 7896
1057 8470
1874 5171
3828 7618
6647 2495
7640 4813
5299 495
2695 2373
5147 5667
6426 8376
2329 5229
1788 3862
2500 3445
3658 811
2323 5811
2270 4876
3182 3809
1926 6171
7506 2487
4852 6938
7274 4370
7213 2597
502 2392
2995 3485
6472 4518
7974 2904
3451 8012
7765 5597
4093 3985
1513 7274
5465 378
1484 1490
1079 4170
243 5124
2837 983
7477 7031
7338 1759
3271 3002
1989 964
7364 7648
3405 6872
4094 4280
1697 7567
6240 3204
2698 7693
3407 5227
7569 5420
1173 6849
2099 1058
3075 6652
3806 4707
8148 2323
7821 1109
5257 4774
7405 2137
3134 7897
5522 8345
5787 4964
271 4378
6493 5919
8208 7044
3991 1654
3314 5171
1495 2411
4871 978
1804 7490
7461 7367
7442 4773
4510 3876
3551 5375
688 6226
5886 4608
6346 796
7771 7299
869 6491
7630 4346
4098 1530
3881 5063
2820 8167
6706 3534
7898 7680
435 4484
6825 7231
4894 6928
2667 5973
2937 1583
1245 7691
3372 486
3732 3486
2230 4498
5384 7942
7006 3999
1782 140
1991 1230
6105 4100
1682 7610
6275 88
5980 5785
7622 5482
5055 1822
3506 1817
2016 7848
2372 4782
8118 7077
640 5212
2466 5996
6231 1706
1280 3041
6880 3128
5256 8351
2013 2630
1030 7339
661 4993
1310 7410
1458 1678
2847 3623
6571 1325
680 3778
967 6332
1941 2044
562 1724
1336 6466
4136 1337
3289 6307
5173 5461
4495 6238
4127 4452
5456 27
5217 445
5153 2893
617 5529
2229 825
7662 2330
6917 1159
7455 3545
5772 7805
2156 5425
5014 5295
6949 1886
4944 222
6121 1834
5558 1778
8339 2046
4109 4557
1856 4873
440 4563
6099 6523
122 4899
8181 5474
560 1493
3680 323
8291 4117
6768 2811
2005 2034
1477 2683
6431 4928
5258 5315
1160 6648
7308 6605
83 1206
7762 5814
6655 2700
4013 6740
5778 1946
60 7134
8072 5391
2267 4608
6925 7035
70 146
2665 2800
698 1380
7335 5016
8196 2521
6526 2215
6037 4313
127 7347
5307 4577
4428 6934
5424 1957
6196 6444
2702 368
2136 4393
899 4909
7781 7610
4573 1370
2502 4603
2788 8400
2101 1056
5052 446
8459 6838
8140 6571
4444 3682
7225 3849
553 816
6867 4022
6117 5747
2094 7245
2525 8148
6168 4105
493 183
1348 8206
5759 2475
166 8363
1424 3511
4781 5989
546 8042
3383 5909
50 1006
3646 3538
6485 3233
2593 7874
6721 1255
4635 3593
2889 1880
3376 2711
8141 1965
173 3951
7780 8190
8367 721
2417 3340
2687 5544
3190 6740
4698 8378
4720 5371
6553 44
8446 4515
3462 7801
5436 4444
7872 7737
4753 607
3977 409
949 2477
1331 1505
1920 7250
8257 7610
4977 2161
7488 851
4972 7933
1970 1953
4134 6406
1708 5004
5845 7497
4349 1243
7707 387
2628 1295
324 4984
4206 3025
200 589
4362 7669
7803 3264
2668 2097
993 4602
3319 811
5069 6485
7110 6340
6513 6568
4539 4278
639 1547
2681 4569
5875 1625
171 6766
5786 3829
712 7365
8179 809
2508 4529
7247 3055
7238 4551
3546 3796
549 17
2424 3575
1677 7894
3412 3061
5348 6878
4804 6847
2547 4614
2478 2216
5271 1070
1757 5204
6864 6745
3504 227
4674 6803
4501 6340
5221 7861
6362 4110
5128 1042
1728 802
2420 123
5434 5329
939 4340
6837 3897
7768 3300
3793 7376
831 2038
5504 4482
6151 5624
7573 5994
1830 6877
2590 3147
192 3521
7653 3302
3590 7759
7021 7146
8278 2181
424 1108
4125 1591
763 5437
5765 2624
292 1764
3166 6921
7172 3498
5242 6186
5806 5086
4949 7574
7160 4162
5587 5900
2997 7985
7300 3617
7612 3480
3918 3770
1793 6001
7599 1663
6980 3829
3380 7245
1151 3477
5378 6066
3662 4010
7548 200
5051 5065
6367 7785
6030 147
4665 5456
1607 4615
8362 137
85 878
8430 1741
2426 6126
2009 5575
738 7674
2159 8204
3105 4974
7316 5133
5554 3575
24 3317
2523 4081
3386 4492
4265 759
2591 6746
3634 7064
5639 814
167 1302
3932 3684
100 2520
