7770
5925 2374
7706 2374
5909 7706
4259 5925
6951 7706
5140 2374
6983 2374
1057 5909
4166 1057
6613 7706
6237 7706
7693 5925
4336 6983
4804 4166
6091 2374
6863 6091
1224 2374
294 5909
4580 5909
5987 6863
2252 6091
2097 294
2317 4580
5528 4259
608 2097
5833 5987
5594 4259
120 5594
6884 5833
1549 6863
7047 6613
2006 4580
103 6983
7183 7693
1995 6863
4304 6613
4347 6613
5781 5925
4393 5833
1016 5925
3877 608
1391 1016
931 3877
664 6863
530 6613
1335 608
7544 664
122 664
2958 1224
5294 122
2267 4347
6026 1224
4422 120
7732 6613
3145 4804
1086 6863
3436 5294
21 4304
3648 1391
7011 5140
5583 6026
6600 7706
246 2006
5710 4580
6003 6951
744 7706
3180 4422
6634 5833
7179 4422
7153 5710
2151 7011
2257 6091
2308 4336
2782 7047
1456 21
3069 2782
4107 2267
6375 122
1905 2151
7605 3877
6145 7153
3567 2257
5179 7605
490 6026
1928 294
830 6375
4034 5294
1129 5833
5262 4804
5952 1016
1667 6026
4072 4259
749 6600
543 6375
5279 2006
3658 543
1904 5833
1756 2151
770 5294
4286 4580
7683 294
5470 7706
4577 1995
7704 6613
5505 1391
7170 5781
5993 3145
6138 5987
6968 1224
1305 3658
4795 6026
3556 830
1272 543
2332 664
3063 5528
7392 7704
7075 4577
5392 6863
4786 2317
6598 5179
4939 5993
2198 490
3716 2006
4054 4304
1338 1905
4380 5952
7251 5140
1198 3145
6530 5140
4656 7683
4117 4054
2648 1549
132 3877
6224 2006
1322 6530
4639 1224
5735 5294
1830 6237
539 1338
2687 6138
4486 4580
6421 2374
2863 4286
3936 2198
4603 5993
7255 6598
5624 120
7677 1224
3377 7047
2208 4786
361 5392
3222 1549
699 4603
626 5952
3183 361
1953 21
3967 4580
4919 1224
4432 1756
6605 2198
2218 6598
1561 2151
962 2863
2475 3648
444 490
4992 931
2771 6091
5006 1338
4626 4054
858 2317
7440 246
1150 7706
4940 6605
3002 6951
807 2332
1285 4992
1279 2267
1855 4577
5734 6634
857 2308
2559 1549
2770 2317
519 7544
284 1756
1447 4336
1346 4117
4096 1016
1138 2687
2471 6375
5096 2374
2073 1905
1944 7179
6685 4034
2925 3145
7014 7153
2397 21
1058 1346
4083 7677
3008 6605
1162 2006
2822 5505
1483 3658
6762 5710
161 2006
5749 7251
4818 5993
641 857
6706 2822
7258 21
2591 5505
118 6421
2243 4117
5495 246
7512 5734
5970 2317
4769 4304
4363 5179
253 744
3992 4992
6940 641
4607 931
2840 1953
2987 1905
6702 3377
5337 4034
6765 641
5354 5262
3197 7047
6837 1995
1768 4577
4324 4107
5439 699
4878 118
6630 3936
7589 6983
1435 5925
1367 7258
6617 1285
7061 5909
5346 118
1600 6706
7641 4992
7464 5096
6300 5505
5444 4096
5066 6300
7668 4656
7063 4878
3983 7693
3965 5952
5213 5749
2040 1830
1607 7255
5608 3965
842 4363
6020 7440
6738 7544
5908 7605
5435 444
52 6613
467 1346
5547 1129
3149 3648
3834 4096
4579 1162
1274 21
6013 2252
393 6605
4135 5179
2999 3967
638 6237
2954 6634
4461 3967
914 6224
341 543
5655 4034
6143 1272
5599 6983
5695 7706
596 2822
4375 5594
3958 5594
340 120
94 7732
7225 3648
884 340
2699 3648
3213 2471
5272 2267
1297 1600
3305 596
6087 7258
506 5547
3218 1274
2731 3008
3383 1279
6797 6600
577 5734
7134 3383
6579 3063
136 3967
1633 858
5014 5354
7494 6863
905 6797
6896 884
6546 5608
881 577
5580 7134
5844 490
4265 1285
3019 5444
237 4795
1739 3567
4160 7183
6771 4265
1091 5909
568 7589
7286 3180
6856 858
4857 2699
5377 7255
7727 6738
1421 2073
5971 1129
3032 7063
3081 294
6390 1607
3930 6738
3931 120
2216 6091
3743 530
2765 3965
1876 7134
6571 4940
3440 3145
4852 914
3424 7063
4191 3436
3004 103
1334 103
3700 103
2462 1198
1317 5096
2718 5908
5300 7075
951 4639
6296 340
7302 5599
4983 5547
6015 539
2847 2648
5132 3149
2466 641
2175 1129
4264 2462
1208 5140
2403 5547
1715 7302
6455 6224
3085 6968
6862 4117
6719 5734
2670 7286
7107 3081
5064 1607
6608 7183
3844 1297
977 5064
1101 5580
1013 7183
7015 4363
2773 6224
20 3967
2325 1447
5702 2403
4908 5909
592 3081
3034 5294
7209 6837
5772 3983
4332 5624
684 4919
182 2699
4177 7014
4320 3218
5345 6863
4705 3931
7711 1272
3734 4818
2256 5772
1394 7153
5668 4857
633 6634
2688 3063
2920 7704
3691 5580
741 1633
4426 1224
5378 3218
5878 6951
2557 5392
5080 4579
792 6026
4022 182
492 3034
4942 7225
2558 4336
909 633
7414 931
7759 3213
4583 6738
252 7286
7462 5624
6439 1138
4255 2999
5245 5337
6198 1715
7669 4580
3560 4166
2909 5772
3501 5179
3126 6421
3395 6862
66 830
868 4461
37 20
5401 2822
1261 5272
5660 5734
2574 4852
6303 7704
1638 6300
1738 4324
918 6390
6520 6771
7208 918
1337 1338
3711 4363
6173 4393
4230 3081
5156 5294
2891 6173
4801 237
4757 6617
6651 4426
999 909
3458 7179
2897 6013
4047 5213
5307 1162
3189 1953
5835 2403
2450 6630
1984 2782
3537 3197
2156 881
5539 6771
4735 2332
4659 7711
623 4117
4131 881
745 1335
697 596
2889 6145
903 2591
2277 1855
6914 5833
1242 1272
4128 6605
5320 6605
561 6439
5879 1756
6897 6685
6404 7061
2250 5624
5648 7063
354 3002
606 2325
6576 467
6490 3383
3624 2277
5795 697
7318 7512
2033 284
273 2332
799 20
2894 3004
6331 136
1755 2475
6675 2958
6593 4878
839 6198
312 4939
5574 3716
4462 1367
1829 6576
5208 6983
2996 7668
4499 6897
4763 884
418 5648
5385 3958
7508 3213
6219 7014
1343 7464
6289 2996
1275 4577
3448 6138
6274 962
1311 2920
6789 6884
2714 6520
179 4054
3504 1905
6682 4034
6095 5735
4789 2765
4571 6576
6956 252
5843 4939
5976 5354
4927 6421
10 4769
5894 4757
6796 340
53 7605
1176 1855
2456 6530
2368 6896
3090 52
865 5294
622 7209
2072 6530
1744 5439
4564 4579
4385 5272
1745 962
2951 1343
2936 6095
1932 6490
4796 4332
2749 7440
2962 1607
3372 2072
3200 6630
1413 2925
1625 246
3756 2847
2382 4818
5978 2987
1711 3213
3255 2771
1571 1335
4775 7464
4766 3936
4695 4131
3285 519
4127 1667
4011 519
2441 2574
6793 4034
947 3648
4046 2072
6468 4117
1221 3213
2383 608
6805 3285
2235 3377
6174 1768
4361 2208
1405 341
5679 4286
1207 6026
3746 5385
6184 4336
659 6095
3376 3081
3511 6143
6006 608
2610 3305
4469 622
548 6015
4723 6331
1632 5245
1008 5749
6172 5505
2361 4461
6892 273
6010 7677
1678 931
292 1335
4044 2996
4352 7727
5982 1162
2880 5660
1866 2097
781 6390
5050 5795
1560 3126
1987 1830
138 3126
5722 3691
5662 664
5997 3511
4055 3197
2399 4255
7676 7318
1828 53
4764 6685
1436 633
6335 5844
2443 3180
2846 1829
5423 4801
1615 6026
4548 596
3216 5982
4558 3992
7511 881
4503 6863
1774 4055
990 2648
2810 741
3159 94
2510 7668
5393 839
7337 2688
4025 659
7324 5262
2902 6617
2230 2688
4318 5735
7647 7589
206 4127
7243 2810
7155 3624
7041 1343
5721 6956
270 4375
5906 2925
5175 21
289 5894
4914 5401
3532 4361
3102 6145
465 4786
77 7544
6475 3383
74 5879
3538 7676
1212 7706
5924 6013
5654 4022
6177 4801
5621 6390
7339 2006
111 4083
3780 4054
398 2920
4972 5080
7154 1855
5968 2450
6376 2996
5719 6576
3508 2403
6870 5006
5572 6685
7434 5262
82 6796
5277 6520
454 3624
7698 664
5234 4558
6976 977
6643 2382
5308 865
5168 5735
7238 2443
5383 237
5520 2441
4293 7706
848 3538
5005 1208
1969 543
6545 5014
6066 5833
2071 7589
6982 4352
1312 2954
4616 179
6120 5906
2353 7318
4343 2891
3569 6702
4234 5050
4446 5096
19 884
4970 5005
150 4347
3751 7170
5926 5066
2515 884
5824 6177
1270 4046
5958 1667
4291 179
802 7075
4137 2450
7682 5952
5696 2235
4070 2353
2741 6617
24 6545
3329 1633
6304 4789
2566 2368
7524 5722
5451 7209
6413 5175
4556 6892
3156 3658
5466 398
6416 182
6632 2403
4414 7464
4061 4603
1642 3149
4907 6702
5126 1275
1021 1944
243 7494
4183 6968
2959 6390
2180 5906
1170 5594
5620 7669
6407 5978
523 5906
7428 6608
3208 6796
1925 1756
3859 2456
2899 4234
319 2368
3794 2822
113 1876
4252 4363
397 5277
5714 2936
265 5906
3212 1221
5820 4127
443 1150
3915 1176
3636 150
4679 5696
722 1138
1842 6856
2595 161
7532 1905
1882 7668
5230 7704
2887 4616
4105 2920
7597 53
2297 7041
3527 1925
3729 7251
3300 1311
5484 2216
2886 5926
1501 3511
7355 4992
5099 6598
4694 4764
6570 3090
6226 3501
251 4786
5960 4616
5645 24
2484 4695
4442 319
7308 3255
1811 7041
4334 2951
2629 7605
3974 3729
643 6613
5315 3189
501 2353
3325 962
7521 5925
7109 4255
3995 4656
4731 6091
1259 4131
1927 519
2365 3019
4701 3746
4134 7511
3759 2962
7754 6593
3665 1198
6017 2741
693 519
5218 6983
5766 606
5004 1343
840 4318
1601 1008
2927 1876
5240 5721
6683 7704
6337 7524
5273 5307
5461 7508
7755 5580
7548 3648
5180 492
3994 2235
3211 3569
3299 2886
4289 506
210 206
3215 4486
4246 5294
5418 3019
63 52
6430 4264
6251 2731
5090 1242
2631 7754
3177 3299
6434 5878
7715 7462
170 6685
7292 5307
4150 270
7568 5444
6910 5308
1506 7047
4322 6251
6741 4927
5716 3222
3724 7669
5508 4363
55 4414
3959 2591
6597 4128
6923 792
6898 6683
57 4259
1467 3180
7369 5234
913 4061
1491 3967
6857 4983
4104 3002
4021 962
6539 182
2692 3560
4159 237
7320 1447
5221 5508
934 6145
6894 443
1838 5997
7469 3069
2095 4422
785 7243
3600 2033
4433 1944
4574 6143
2338 3032
2283 4336
3641 5484
440 6951
4434 2958
4576 596
3887 3376
1368 1638
5298 4616
1348 6765
496 4695
2707 496
6466 7041
164 3716
9 1483
3047 4486
1469 7107
3029 2198
876 6003
6602 5879
2577 7414
463 122
3130 7324
5554 909
1241 5843
7125 4380
6463 7434
7069 3126
2323 7647
4730 7521
6532 7682
3052 2443
2922 785
892 440
432 6430
7180 749
5212 246
5074 6741
7122 6174
1705 1811
6373 4503
1653 7243
4529 4363
3715 6177
5130 1625
589 2688
1323 6570
5693 6545
7385 4857
3781 3887
6795 7243
1159 4375
3107 4255
808 4769
2140 3004
4875 3556
1852 6983
1319 722
2526 4564
6004 4324
3249 6741
1609 4442
2304 7061
6920 7107
1247 5451
2162 6177
6218 1828
4427 7544
3237 6862
7105 4291
5369 6466
286 4131
214 1830
5258 6017
3362 4914
6835 2456
3465 6738
2115 1625
896 6120
2411 1768
5949 4230
7602 4763
1450 7759
7635 7292
1701 6003
1487 2411
2918 4191
5682 2353
7135 397
1108 4096
3306 1738
7198 4852
5379 103
1857 4529
5601 265
6223 7063
651 7428
2819 3329
7219 892
3460 179
766 1738
59 5126
6924 418
2414 7255
7533 1932
2929 7641
7078 5451
3673 699
6810 6173
1871 3501
2214 4857
3933 5423
2934 3085
6834 6095
2971 4701
3231 2374
1492 7154
7586 543
2761 4046
4936 6682
1134 5696
3324 4055
7007 118
1328 1905
5944 214
5893 4970
5667 896
5623 3063
1029 6095
6925 6571
159 7105
3846 7125
3785 1642
5376 170
5204 2277
7482 693
4741 5696
4956 643
5525 6630
357 6198
134 237
1499 5451
1461 6198
7742 5721
2552 7154
1800 3002
6101 7134
3843 1450
5563 6795
890 839
7160 1927
1433 5982
6773 7219
4497 5844
7272 7015
579 7568
5762 2338
5407 52
1424 4442
2623 5976
6989 5949
2926 6373
464 622
1716 5418
236 2891
6665 4548
3905 2891
7409 6789
4419 4324
269 5572
5981 1138
1736 890
3873 766
1708 6145
945 5346
593 4919
404 2097
115 1224
5564 340
2530 4878
5202 7125
6156 2761
834 5944
5903 5608
92 4363
6287 5621
5647 286
7062 1242
6725 1756
6340 6795
3132 3085
3890 4021
6482 4603
5611 4940
58 6725
7644 243
6329 4434
229 3047
3272 294
6151 766
581 5554
2480 7414
5105 622
4530 3200
5011 2899
7400 4191
6148 6120
2965 2256
2420 5423
405 1744
7593 1424
7573 150
2181 2208
1991 5702
1519 4530
4416 1394
1232 5647
7574 2420
3080 134
3203 4061
7270 5949
1766 4701
5291 4046
2813 5795
6259 6719
1872 1632
6345 1232
1462 4970
3647 4046
3633 7469
6505 592
3572 2515
4407 3785
6997 1716
4006 6765
7542 5130
1863 3145
1171 1774
5881 4731
6137 286
7223 3424
2487 6837
5798 2156
3430 808
2417 6143
5016 6251
3120 2484
2638 5702
733 3636
889 3203
1355 1678
6338 1768
2413 1176
2619 3218
2089 1829
1401 4956
5948 6892
6254 5435
5836 115
7410 744
450 1701
5053 252
6712 2487
433 3249
1812 1492
2815 7542
2043 6004
2594 7414
1622 1866
7731 839
2535 4432
6183 3008
4167 4434
396 2718
4973 5908
7565 4558
6108 523
6716 6463
3192 6375
7136 5944
2340 4318
1094 1433
3095 2846
2355 1328
6450 5958
4831 7075
6109 2687
6272 2773
2477 5385
5600 7508
630 3501
5076 6576
5559 1021
3906 37
1807 2552
6323 7337
4879 5444
4591 5906
3425 1394
4581 3177
2316 6796
1948 243
6243 6593
2919 4530
2974 284
6844 519
239 1368
2041 1499
6481 5906
815 5175
3979 2071
1386 7597
2860 945
5670 5878
583 802
1841 6151
7031 4580
6050 5066
7239 6789
2698 5435
4421 4230
4399 6475
4762 6706
562 5710
1723 1609
2255 633
197 3983
5187 3300
3307 2638
3276 6771
5281 519
5164 643
3539 1927
4827 1571
1426 66
953 7238
2086 2073
6028 4375
5649 3324
5010 6375
4130 4591
1767 6337
5335 6834
969 2456
5422 5379
1670 2936
1776 2815
3667 2340
5596 6450
6443 1176
6990 1905
2944 2484
3868 6259
1717 2181
2030 6630
6105 6810
6034 2714
3313 5258
7278 206
4982 4956
7497 5010
5996 5820
7057 2965
3865 4757
4912 3965
1557 5539
6122 7225
4815 3069
2711 6481
5884 396
2186 664
1194 3285
3723 3641
2956 2918
7416 361
5868 4639
6246 138
324 5378
625 1506
2223 2399
2174 622
3331 5335
4726 1633
3955 6274
3074 3218
2562 2688
2715 3300
3604 945
521 1348
1623 1386
7503 1642
3774 903
3226 693
1696 5105
7184 6439
3163 1270
4782 6340
7765 4022
4186 3222
7642 3090
7515 4104
7358 5053
4642 5564
887 2382
6707 4775
1845 1491
7114 4757
1771 4875
2239 1767
6916 6463
7716 6272
3823 2619
7147 625
4226 58
5104 5422
922 2414
2789 1756
1153 7464
1085 122
5386 92
3353 6087
5641 4775
2354 6421
879 6108
6681 6066
6204 934
4424 1259
5321 3958
4553 7683
3038 834
4245 253
7044 4061
2022 5179
3382 4786
6497 4659
3664 6683
4984 3936
1972 2216
6563 3715
4509 4499
1460 6173
6072 5996
6599 5893
2379 2919
1260 6593
4842 7414
6232 1830
4389 1807
6406 1270
4995 5710
3954 876
563 4324
7423 4469
1273 237
5551 2239
2017 3362
5890 3890
6401 4426
3241 5824
2798 4769
6880 4574
3728 2965
6192 2962
6190 6173
7699 4137
4099 4757
7112 4462
6944 7015
7120 3276
4620 3955
6710 3126
3984 5721
5468 630
2960 5435
4569 132
5325 6706
4472 159
761 4576
2293 633
3278 3715
7664 7524
1950 6219
2702 1708
1761 397
337 4656
2545 5647
358 4679
7713 3325
5827 4167
3201 134
6175 24
420 1394
4081 6345
7401 7716
4849 3728
2793 4679
3116 548
510 799
4690 7759
5100 206
851 237
3190 6254
234 7462
2859 1346
5055 6401
4485 6455
4828 340
1734 3905
3301 4786
7040 5006
2011 2770
512 1739
5167 5470
4306 2530
1245 4815
5305 840
1630 6482
837 4695
5075 6272
4048 3859
2144 5010
5007 5378
6620 5354
1222 433
3127 5180
7583 3329
7500 4047
2056 2156
6886 7676
4797 2095
3124 7209
6669 1876
3275 659
5266 4486
4673 6375
5653 5090
4634 563
4335 5090
6185 2475
5761 1413
7600 3395
6431 3743
6069 4186
4316 4553
7567 6896
5636 2256
5145 237
2177 292
5174 1866
2766 122
7148 7258
51 3458
1034 581
5922 3436
6851 3285
5573 6593
4274 4694
3692 2629
6755 3177
6088 3208
3229 2340
7145 3038
3225 5563
5017 2698
1936 5007
2349 5221
3433 1615
2059 4105
4366 4259
7471 77
6267 5325
3516 577
3558 744
1582 4679
428 4701
2988 5734
7314 1745
5211 341
2302 1738
4437 5099
2703 2043
2907 3465
2753 4191
1283 2156
3821 7713
7231 6404
7174 4972
3520 4407
6483 7400
944 5836
4693 5105
4459 1734
2501 6095
7689 3163
2276 6323
6479 4576
825 3190
4139 3107
4618 7062
6349 2177
6146 6066
3007 4831
1593 2629
1504 1241
4924 3930
6480 2574
7285 2218
6379 6223
2663 2577
6048 6685
2415 6810
1420 6669
3964 4159
2609 6072
1880 7255
3603 4984
5951 3965
7584 1615
511 5714
5838 2338
2977 5386
5022 6789
7175 5702
2605 5016
1192 638
105 7644
4552 3208
1276 361
6514 7416
975 1928
2278 1492
6759 5202
5235 4741
2396 3974
753 397
6865 5667
1644 5179
3563 1711
3240 1953
4164 1771
716 5922
2742 5211
4390 3843
7050 2566
3893 7682
1074 3955
7540 4936
3416 2325
5222 6329
1054 1756
6424 3658
3244 4757
3288 6251
4885 733
5194 1630
3638 5922
6044 625
2227 3047
4000 1355
5819 4766
6035 1845
654 4131
4175 5213
1113 5130
7341 7689
4031 6762
261 4558
1629 4139
6742 745
898 337
4005 5401
7226 4320
6495 4942
2100 2703
3769 1800
7701 2526
7022 1276
1079 7533
1316 7251
1161 7136
4514 4072
5033 1338
2074 977
5626 3149
3657 4769
5306 5836
1227 159
7117 7078
2312 2887
2838 4907
2650 596
4546 7669
7390 3716
1753 2462
4851 132
7076 1492
3830 7508
351 5076
541 4291
1372 4134
6118 7711
5093 111
2911 7765
305 7208
2876 4352
137 1372
1847 5022
5431 6576
4554 5140
5511 5696
5147 5431
3894 4352
4841 2707
2717 4546
3260 4580
4837 3190
5534 6303
2055 4626
3379 1260
7438 6091
7455 6924
1061 7704
5330 2323
475 7286
3739 5212
6374 2591
1608 6795
447 4581
2342 6685
5477 5696
2525 6682
6196 19
653 6862
2075 2396
6933 5104
4307 2475
6266 3029
5299 7063
453 5564
6672 1460
2385 4956
3961 1368
3335 5298
5902 496
5085 7385
6561 5300
2527 6148
7724 463
3309 622
806 5902
1233 7677
7149 7278
6080 5599
5524 4818
4344 3032
5864 6287
5244 361
1193 7644
2259 858
1052 3915
7505 5978
5955 5908
7048 4552
7513 4160
6420 4034
4277 512
169 5601
3885 292
1181 7540
7373 2030
7417 4581
1703 5655
5650 4552
3803 799
620 6010
6089 1436
2872 3130
6783 3203
4331 265
4545 24
1017 7324
4814 4446
3598 4252
1390 4796
6193 6374
5062 4801
5631 7584
7587 5735
4709 6532
2016 2920
6195 397
4273 2996
3778 6475
4649 5749
3512 1744
2398 2594
2939 5820
1784 6716
3400 7583
3863 6481
3248 4414
379 447
4525 4226
5432 889
2924 7602
6711 7278
923 4789
5170 2749
4182 3149
314 5993
3139 839
363 2398
6750 6982
2786 3063
7453 2962
4922 1557
5001 4462
1141 6237
333 1755
5051 6015
6488 3556
6723 1744
3167 4255
6260 261
2266 5130
2265 6017
6974 2218
5872 7174
3581 4226
2686 5583
3293 463
5136 7434
7371 3563
2035 7278
844 6434
5219 2558
1938 5868
4077 5710
4528 3955
7528 6204
6127 4603
994 5819
3061 1162
2583 5477
7516 5781
6030 6789
3631 5695
2492 57
3548 4139
4365 4679
2295 523
5436 5075
226 3700
4108 1421
2511 3667
998 4083
6344 1273
6551 5104
322 6475
4971 2958
1402 6404
2914 7701
6313 6105
4379 1212
1120 699
1585 7320
5570 5505
5478 1222
4146 7180
3413 3743
7233 3362
5160 440
1746 7676
1256 4690
1325 1279
2917 7355
1682 5175
5531 1703
6749 3074
2950 2492
5339 59
7190 3293
5043 6483
2314 3237
355 5649
6581 357
7572 6338
2746 7597
5271 2354
4010 3967
2434 1247
4599 2144
984 3868
4212 1435
5496 3979
1051 7584
6735 1161
4496 792
7004 3124
4588 2095
2210 4649
4174 3430
5518 1227
3186 1462
5758 2365
6258 5050
2346 7174
168 5835
411 5922
4872 3641
3365 4174
4938 5925
1005 4693
409 741
402 6443
1655 7285
6233 651
5805 523
4045 7754
2518 4150
3831 1176
3628 4047
3220 7044
4452 1774
4868 7183
2130 6894
6792 355
5732 1845
2050 3416
5025 6089
6822 4361
4981 7149
4272 6597
7009 5468
989 5583
7298 4741
166 5168
650 2071
7396 699
6699 1222
1724 5649
4989 7682
4682 2006
2143 1642
1466 6863
1032 7742
4968 1279
3014 7464
3205 3272
1511 4499
4154 2951
5088 7243
4023 7385
5163 4286
4975 2859
129 289
7486 3301
7736 4782
2474 2368
5606 7701
4536 7286
3910 3527
2617 4135
3800 3560
339 63
2734 2765
2845 337
139 7724
569 2525
4133 3372
5289 5649
4858 934
2800 7704
2427 206
1167 7713
6084 4841
4615 7706
1981 766
515 490
5268 6345
3099 2648
7399 890
5694 6605
7520 2040
6825 2996
3732 1863
1266 3781
2345 5719
2236 5258
5801 2610
4042 2619
4819 5096
7164 138
4628 7669
957 1162
3674 6480
1179 6630
677 1483
7290 9
1018 2860
4254 1855
1748 6738
4949 5470
5918 6844
365 2396
719 4552
3737 4055
4658 5271
859 4131
3470 5843
6009 453
6294 1678
5255 5702
479 270
7280 5271
5447 2934
1889 7587
3500 4128
3870 4912
3523 5993
1616 4603
3267 4984
7499 1242
1493 2670
2037 440
6935 6251
1574 4375
2407 1159
5692 405
5517 5230
731 1682
6005 4433
771 7076
5513 6597
1075 581
6656 2577
7622 6195
7419 2663
4029 7724
1809 4254
686 1745
3722 6172
935 6851
2343 2071
5079 2605
5672 3728
4704 2847
1502 1866
3779 3846
5618 2558
1973 3803
6071 957
346 3212
1922 6920
2229 2255
4368 2283
2430 6243
632 512
6348 134
2694 2711
5288 5719
2980 5090
3943 6184
6333 4530
679 361
6400 1161
48 4324
7085 5864
7406 7544
7059 579
2978 7587
2503 2742
383 3569
3920 3400
4604 2477
175 137
1446 5805
3175 4982
1188 7410
4566 5559
5186 6289
3849 5300
1459 7122
5681 3416
2091 6835
6769 3868
7087 4912
4638 3216
4089 4452
3820 82
1965 2527
2505 5007
238 6514
1687 515
2548 1355
6058 357
4561 4924
1267 2880
6075 2443
3601 563
2268 7423
384 2629
2869 261
1230 3255
4354 7683
3468 3260
3010 3732
5094 1491
3935 6204
6511 4694
2600 1079
670 1766
7281 5631
2989 2050
1258 6613
3214 1625
2969 1258
7372 6030
4239 951
6552 6071
271 2969
216 6600
3706 4105
1541 5909
3764 4131
5866 5470
1180 7647
6922 6246
763 440
2431 7699
4013 134
7104 2583
3606 3647
4384 5393
4151 1549
4902 7149
244 7583
1910 5170
2588 4164
7472 1504
4062 6951
2538 1889
4544 3186
3891 420
1896 3377
5205 129
2209 5104
6583 3063
1290 909
7138 7117
4732 4159
4032 2383
1699 3008
2423 3500
1839 4638
537 4385
1584 6706
2335 1761
4244 6497
2481 4577
2871 1317
3150 4804
853 3603
5622 443
3867 2037
3316 6323
2058 4151
5690 1696
6821 6505
3346 6005
888 463
6748 6924
1110 322
128 1811
2712 7208
7172 3470
2485 314
2446 2822
1658 4022
2164 569
724 5100
3699 3523
4067 3325
5937 3821
4954 806
6887 463
4463 5221
2461 990
4890 3624
1588 3715
1565 2670
5117 1932
3850 1241
6081 210
6394 1325
2359 6148
1603 3936
5700 2218
2997 7180
3406 1260
400 2891
4711 6089
1011 2914
4431 2594
5424 1739
4410 5970
704 6570
1639 4344
2547 1667
162 2926
7284 2461
4586 7669
14 1736
3054 4252
3060 4583
4739 6313
2110 1904
2783 2257
4531 5805
4362 6289
6046 4620
4237 4496
1895 2922
7035 3400
4476 2414
7248 4046
6220 5710
5035 7075
4859 4581
135 4763
4684 4259
4582 3700
2409 2420
7252 3674
4241 5679
1548 1021
3815 3558
318 2980
2586 3556
7534 1876
7370 6892
6883 5354
7235 935
4596 1194
2288 4546
5995 4682
1014 253
6650 5631
3617 7641
2968 5079
2994 5570
7241 1658
5458 6431
5087 82
3257 2091
5664 4566
2528 490
6575 2511
7331 677
2220 5006
1292 3208
241 3910
3998 4499
1440 2859
4492 7727
4115 3964
3473 318
6085 1316
7397 5662
1794 7147
3245 5949
6641 2481
7734 5662
7539 4245
2070 4741
7595 150
2378 5761
526 2255
742 563
1364 7401
3328 7341
149 3558
1107 6421
5391 5838
6733 51
2841 6935
1908 1557
2625 1995
1352 6483
4662 7059
1757 4293
3193 3192
4002 4067
133 512
1508 7258
3694 1085
1310 4890
1959 265
3256 2588
2642 5513
158 2863
4724 7109
6936 6243
2953 6870
1832 6050
6969 159
3817 1260
5414 6254
1881 20
3264 7542
5331 3313
4881 2939
6952 229
5317 7390
7342 3145
6975 2208
685 7369
1186 4432
7171 4416
603 6296
3462 7416
5067 2619
2369 6120
6503 4459
7646 1256
4144 1682
4155 5955
1751 5006
1669 6196
2134 3756
767 3992
813 6303
948 2822
5172 6009
3818 4062
870 7524
5736 4434
7034 405
5770 1936
7206 2382
5086 4694
3454 2475
3690 589
500 6017
529 2980
1136 3691
1050 2431
5434 792
2264 6084
1418 7682
6582 3309
5348 7004
5459 6138
4884 3885
4474 6741
1597 6581
1921 1113
3142 57
4120 3617
5312 1275
1410 5970
542 6192
5595 4912
3587 859
2683 5385
3736 1744
682 5172
5454 5235
5549 5096
2004 512
3303 5736
4238 2050
1199 6570
6320 6738
1946 3074
1693 1325
2269 5668
5855 3756
43 1167
5935 6340
780 6348
6816 563
7086 1658
83 7226
6031 7428
87 1181
2242 3821
7697 5855
6040 5824
5964 4077
6315 3955
2984 2711
2026 7048
1624 2927
5070 7085
1069 2342
1387 1224
7637 6463
6820 1705
2051 1644
6398 1492
1452 1138
7546 216
1148 3943
5420 1161
3286 2242
5332 1541
3485 1969
7502 6561
4125 5385
2797 2430
7700 6773
1240 229
3178 2926
2187 5291
6695 6424
2592 1991
811 529
5396 5758
6525 6479
5071 2718
2044 2714
2961 3548
4056 4379
2726 6331
4341 2239
3588 2897
1313 2256
2119 5981
1253 733
2779 1838
5854 6821
4209 2359
6187 6769
4853 3844
3143 1972
6330 2715
6715 6289
7042 914
6368 6174
123 3175
901 319
2337 6434
706 1984
1792 3382
5974 3095
4979 7341
7168 5100
1430 2255
186 1193
5323 4462
5644 2936
264 2919
932 393
6437 6835
1036 1207
4216 1276
2596 5650
1514 5716
5889 2786
7323 3054
1126 5949
5512 7190
1223 286
4787 3085
5552 1800
414 548
5475 7235
4760 589
3668 1085
2543 2110
6692 2297
1043 7009
997 2277
5374 7597
5585 5964
1289 989
3864 1593
4206 7567
6541 2583
6125 5570
1747 4023
1395 2978
3020 7390
1327 6010
1133 6990
6849 5996
4040 4530
5039 935
4033 1794
3925 7109
2459 7396
2622 4530
3075 2859
3243 1703
5274 6933
7618 7109
7748 4693
3015 77
5353 4000
979 4029
2406 1101
5818 7472
3196 2897
2760 7112
4671 4273
15 6769
5699 1141
5661 6373
6112 6323
7601 2006
3735 4764
2307 2731
388 161
6678 5080
4455 6254
1968 745
7624 2074
5380 2694
4405 5194
1951 1338
4279 4393
1173 7396
3339 7593
5860 4709
4597 3220
6913 3406
894 1323
2300 3145
2131 6497
4920 5204
1877 4859
692 4766
553 6034
3312 251
2127 5564
38 5219
2689 3307
3752 3143
5214 2978
7360 1222
2506 6172
5260 6267
2408 2314
5813 3060
3084 2797
7643 3306
648 3485
820 2860
4195 2918
7192 5163
5576 3448
1048 2840
2150 519
875 7417
1354 2592
2612 3865
6061 6146
1443 3520
378 1167
3946 7075
4162 1866
6063 432
797 2545
6042 699
6199 4566
2424 7078
5640 4968
2025 2325
3021 5949
106 3099
2649 4739
7566 3245
1083 5949
2732 7574
6558 6630
4028 7455
6654 3237
1339 244
5223 1708
1902 5695
6992 851
2103 252
669 6127
5548 2841
4303 3329
7008 51
437 4115
3725 2840
4691 1608
6171 4620
1044 1622
1824 1951
276 6218
7719 5653
3094 4324
2195 7114
5796 2689
5028 1173
145 1275
2656 6894
6124 4766
6902 4796
5415 138
4633 4545
7613 6976
503 3276
5157 6031
471 1855
6157 5271
7304 935
4157 654
1236 3846
285 2276
1870 6009
2104 5401
1917 135
4210 339
2495 4442
1056 3218
710 4875
1209 4375
266 648
3718 6952
3625 158
580 719
2065 625
7165 6490
1931 6575
3187 2485
544 3075
7449 5458
5966 3946
3742 6063
1982 4801
7696 2623
4532 5600
6288 5164
5876 1048
6154 3668
387 1625
7656 3759
4309 5088
3510 6608
200 3237
3494 5353
45 4940
4019 5909
456 670
6205 1936
1298 1283
6946 4553
2551 128
5568 5758
1262 931
5896 3244
5774 6151
637 1443
1510 5391
2296 947
3380 4509
5443 4695
3957 2731
2429 2552
973 4497
705 5878
2272 5459
2298 6558
1100 2978
737 6017
6560 7086
1867 5572
1656 2617
2791 7462
854 539
2821 4709
152 5172
3889 5291
7454 1632
5954 3465
7234 6048
915 4837
5697 5534
34 4083
784 492
5265 5894
2320 7546
178 4566
2467 2276
6547 2208
104 973
6436 7318
2517 2954
609 6122
6841 2718
3368 6124
7617 3081
5301 6862
5684 6048
4963 749
646 1739
4122 4673
1725 569
2724 361
3263 792
4475 5093
6557 511
32 6400
3900 3416
5782 6138
2540 5611
5940 265
3656 1807
2903 7369
4834 2783
7197 4234
5904 4046
5602 5245
5656 238
1414 3014
816 1638
1581 447
4644 3930
919 3694
4855 697
3709 354
6057 2872
1237 3817
7 4127
2246 4343
4498 2403
7101 3377
491 7548
3698 6547
7267 3674
7306 7148
7362 4819
2522 3300
2168 4936
4706 6205
4168 4303
6055 3116
3744 792
1764 137
3041 454
4310 3961
5089 4104
6991 2210
3541 1074
3593 2711
7725 5393
1543 1452
1392 3658
1915 170
2931 5451
4355 2396
5492 6219
6082 6315
419 9
5184 6706
7121 853
1949 24
4007 3132
7222 3560
4636 4902
5961 6483
1712 1260
441 1259
3576 5396
268 7086
2536 1171
2262 2091
5490 579
6953 637
7739 7765
4594 5211
796 4529
3134 2471
963 1192
4962 6095
1873 2144
3279 3900
3776 6118
5874 1712
1868 4819
5829 1936
5239 1337
6502 5420
7470 1548
2579 2782
2273 3201
1213 3424
7764 2115
6850 6320
4471 1392
1118 1973
536 2699
1573 396
1028 4607
3592 1258
3892 5890
2735 5230
6037 5508
195 6765
4172 7008
254 1354
4534 2343
1482 4782
6607 2177
7723 5208
598 2547
4394 3994
723 3604
5225 19
2630 1715
5259 129
642 6695
933 7711
3277 7622
4036 4581
7408 1746
4611 3255
1103 5964
3607 3142
4575 6738
5767 1973
7261 731
2983 5147
2677 7711
893 1904
3270 5458
1960 4344
3960 3538
2697 2779
4738 7401
6399 270
5417 7290
912 265
778 3159
2363 7732
7054 3260
3829 1852
2334 6122
4820 136
1184 577
4522 3383
4280 1094
6129 4005
3972 5317
6012 3984
4038 1435
2756 6783
3483 5258
787 346
6828 6028
476 2547
6829 1625
1979 3362
70 4662
2898 5710
4103 1616
5371 4175
1726 5100
2755 5534
1280 7500
5779 6375
2921 1355
3311 4561
1529 289
2206 3769
5683 3413
5823 6003
3881 1703
4073 6037
7717 2361
344 7511
4830 4673
746 2786
6779 4859
5815 2495
5706 7320
3771 944
6729 5369
1779 5798
1954 7
1640 5391
2117 2017
6758 1198
5146 175
6381 3850
3191 5093
221 7087
688 4857
2620 1469
1308 4048
3025 3735
4521 2140
924 4230
7053 7154
7315 24
448 2397
852 5468
4918 4394
332 3084
5134 159
5210 813
2046 3699
3078 7647
1795 7600
2825 1630
7387 1608
773 5330
6110 4498
2647 3735
2916 4503
4116 3311
6767 6348
7459 4684
567 1922
557 1982
7710 5683
528 4031
4506 1354
5412 6105
176 2821
4066 159
860 4245
4934 4029
7655 2917
4263 529
4085 1405
2747 1213
1900 7373
4945 4571
2432 6251
4215 4013
2575 4029
6092 2130
752 2266
959 542
3579 4034
300 2551
1070 5573
3097 2566
4951 6953
1235 3541
5150 3306
5780 6320
3609 1712
6297 3433
1728 2944
5537 175
6904 7520
7393 4704
2796 4066
7458 4127
5024 396
2060 5240
3435 234
5032 4055
2862 2612
7599 4002
7228 922
6433 6219
7282 3609
4342 1126
1780 4709
1591 2714
7479 6571
2062 1597
5060 526
4106 1656
1649 6071
1098 6706
6567 5824
6746 2181
2618 1436
215 5096
96 3983
3160 5693
5532 5271
3662 34
6321 2527
4923 840
1798 251
2835 2726
6384 6738
1345 3581
2541 448
6955 1830
3031 4649
1962 896
3477 1982
153 3197
4637 5392
1350 741
3748 3885
3157 2579
5264 4499
293 6009
4257 6933
2313 4096
662 5623
4877 5262
6152 2996
6317 5168
5058 6695
5887 2495
297 7676
1899 5595
1432 4938
3594 7318
1559 2361
1818 1609
1375 4019
16 7668
7626 4195
7457 1058
680 3187
880 511
2372 1312
3951 7700
4899 4726
1197 396
192 5234
3717 2840
6116 363
4640 3539
4484 7370
5052 6317
3092 5374
6485 3581
4409 7689
4271 2699
2561 1401
6494 7243
5248 1274
7383 265
1509 6769
1284 1253
3855 2208
728 5964
7204 4684
2537 7117
6395 6520
538 5016
306 2415
1088 5187
1551 6028
4805 1768
2241 150
4009 7626
7173 4195
119 3520
7083 496
2084 4607
7213 3664
68 5649
4256 2296
5731 3303
925 2907
1689 767
7384 2899
5745 4159
4876 840
6405 4857
2507 5306
2737 4067
1220 2011
2573 4615
6166 6224
7488 7282
6659 2876
6056 1346
2896 4162
6278 7568
6419 6331
5657 6765
3238 2543
1943 246
7055 3430
7737 2815
6609 1832
4959 6057
2679 5881
7450 7584
6169 5245
2211 5640
7490 6321
1996 5781
2785 1739
240 2517
1084 4257
3828 7737
79 4007
376 7706
5476 2430
4802 1266
89 4146
4458 6716
6536 3523
3369 6030
5471 6035
5669 581
6589 1110
3966 5948
4480 2688
5892 699
7220 638
6234 3516
4832 1824
259 7385
6306 1755
2010 3648
3773 2735
4165 3299
7132 6020
7757 6706
6470 2574
3950 685
23 333
2539 2298
1698 2218
1920 7682
2963 2579
2928 4011
6086 5954
4505 6174
6465 697
6147 6184
6744 4711
3333 238
7274 6433
681 7500
5326 7369
1369 7117
5747 2783
2190 7406
5390 903
6458 1506
2052 692
7094 7184
224 1136
2360 7147
438 2103
2948 6003
1844 3984
3219 7724
3022 536
84 79
6633 4521
1579 4343
6382 5537
4214 5168
2639 2382
1942 825
3000 318
3036 7105
5831 688
2937 3187
6623 3470
3117 2510
7443 653
2516 7701
1940 6020
4916 7544
2691 5824
2137 471
2158 654
748 387
1104 215
6203 7454
611 111
2330 3157
2457 3748
3341 3372
2172 2471
4194 1987
3394 680
7130 5234
1286 1969
1874 1375
6132 1050
6676 1180
3266 1780
2118 1414
3649 4183
4282 1339
3223 2559
5129 5667
7005 785
325 5439
4542 2004
668 5621
7673 5884
3618 6046
2253 5662
2061 3160
6801 6288
5686 7605
6766 1054
3949 2051
7189 318
1637 6699
4425 7206
3354 4139
2587 2044
7328 2307
4453 6129
6047 3746
7478 3735
2748 820
6225 4995
4947 3699
6176 2889
6686 7469
4450 5136
3016 6632
2440 4007
17 438
3883 1054
2001 5477
2339 7255
5814 2574
4623 4912
7230 1286
1903 3855
7585 2150
788 3930
7702 6105
666 2059
6326 119
3164 785
3136 1284
7296 2257
3714 797
4713 2629
1577 4322
1027 1343
6523 3212
7667 1319
7020 7710
3719 3520
504 5043
6958 2924
886 6946
173 3955
7003 6233
2476 6072
7111 7520
2386 2339
938 2698
211 6632
5251 7328
7451 1655
730 1946
6690 3560
1175 5140
7303 5348
6153 5140
4861 4139
991 2595
1154 5580
7429 132
6371 1162
1848 175
5542 5259
6649 1083
5597 1579
5049 5434
2015 7494
2751 404
1116 234
2042 784
3918 2220
4050 7668
2754 2510
4953 5490
2843 1259
2274 2670
449 292
4753 6118
3118 6306
3727 2340
5787 6376
1999 1871
6562 6436
3476 865
7363 3936
5327 4342
3978 3080
1805 1615
6584 1800
1651 5843
1383 1460
2661 6659
6464 5944
7550 4644
559 5414
1568 1230
7326 1509
5938 1369
6845 5597
1797 5872
4697 2323
4563 6220
7356 4576
3550 6223
2777 5868
3923 2997
4688 6479
3766 6599
3496 3967
740 6599
4836 1951
4540 2256
6808 5087
1249 2961
571 2963
700 4380
2184 3331
2173 2773
5456 3285
4348 5268
3140 5167
1709 2872
5196 5700
5349 5623
4448 1656
6370 4303
6559 4949
1002 5618
5128 1504
946 6494
1790 1709
941 4688
347 7220
4698 787
7740 6173
6117 7697
6197 5145
6311 5818
2027 6404
1688 5734
4803 2168
2952 1272
6257 851
4825 2091
996 2477
2848 5909
2713 7356
4772 3831
6731 5279
6229 1508
7073 4265
1257 7160
5882 1193
5947 4120
1989 706
1370 6805
2640 5573
33 197
5125 2302
4290 510
5986 2230
1049 169
4791 1616
4863 6146
6721 1830
4777 322
3428 7724
1396 2841
3876 5714
4391 5844
5057 4496
7444 5722
2149 6632
861 3099
5373 858
462 6243
95 892
6360 608
2494 239
1527 7360
2284 1644
7480 6922
7692 3229
3202 5909
6473 2467
7684 3638
5804 7
3932 1213
7744 6166
5848 2711
3875 2022
5123 3034
7250 4582
1704 606
5122 622
5283 6835
75 3270
3457 4474
2141 2518
6327 6218
4330 830
4585 332
3797 5354
230 5393
7127 6951
5026 419
1404 4797
1777 273
5176 2525
7604 1116
2032 6463
1160 6702
5720 7697
6813 1723
6890 6105
4039 879
2645 5611
5364 5273
3731 259
6932 2505
5405 1872
7229 2235
290 1724
1861 4738
6134 4419
5691 428
60 6192
283 679
4465 580
6239 4390
3320 7373
2493 941
220 3433
3678 4764
5038 3960
1067 6296
2376 1426
3689 6088
4112 5160
2725 5699
7456 4117
5217 3376
863 3278
524 3305
3258 1747
3582 5225
3367 2751
7481 7258
7474 6916
1439 6649
2351 1230
1055 164
866 1150
171 5240
751 1774
4780 2552
4891 7121
2282 7765
5783 4591
6879 1462
1862 625
2114 3892
3519 2345
7463 1582
298 2211
5928 6692
5138 7601
2435 3864
5713 3887
2966 5882
6949 3462
2291 4476
4247 6597
5748 581
213 4066
2967 2821
4395 4995
6415 998
1778 3300
573 2379
7309 4465
6210 6055
6668 4574
3701 3718
5638 1098
1165 2960
7131 6171
2318 3197
3323 6845
4915 3797
2470 2177
3597 1426
3761 463
3591 4061
988 2052
992 4419
4299 5434
1890 3430
250 2062
2464 2030
3514 784
5275 1170
5188 5477
6531 5995
4145 5248
4809 5423
6386 3719
4 265
6787 7241
217 7248
672 681
3096 3333
1411 3641
812 1160
2019 4183
7210 1944
3058 4450
468 1165
7212 1597
7019 2320
607 2872
225 6857
5543 5814
2682 7252
1673 7390
7257 7190
4313 4936
2377 6475
2866 6922
6713 4135
267 7589
222 2670
1814 7134
7319 1921
1676 5221
6007 1402
4816 5787
7330 6116
976 4166
249 2252
7745 3470
7661 2355
755 1170
2018 7428
6053 7544
5972 6940
2768 3325
1945 4174
3461 1895
3851 5864
5009 2773
3284 2061
11 2006
2512 5266
5121 991
4143 2243
1366 3041
6099 6851
4527 6105
3822 5719
1357 6582
7603 780
3493 4320
3872 4579
3045 462
6587 7008
1720 851
1303 1395
6554 7454
5267 5878
7289 6110
7446 5874
3103 1899
1826 2342
395 6335
756 2368
1130 749
2979 1337
343 5513
790 1689
5190 7122
2029 3587
4090 3539
1599 2983
2014 5017
7487 246
4681 2528
2744 4072
4776 2557
6102 3368
146 1482
3589 3658
4687 5202
4084 5667
3055 3197
2425 3470
5526 4907
5303 5129
5701 3893
5162 7440
3482 4104
1497 6406
4702 2186
3169 5089
3661 577
7435 6218
5491 5001
4253 3285
3854 5240
4158 6816
3018 6485
90 4331
2146 6721
1781 4972
6804 4210
4142 4042
3525 5478
382 6480
7769 7458
6540 706
3789 6940
231 6349
47 1230
720 2697
6142 892
5639 5848
3131 5719
4488 5896
3792 7248
4136 6686
2991 3016
3 441
7178 685
6889 909
1816 4638
5287 632
2739 6821
4001 7219
3445 4135
4798 6870
6285 3711
6510 1781
6743 7319
5107 222
5825 935
6662 7451
4512 4702
1963 6723
675 3776
6155 2712
5381 2278
980 7673
1388 2786
4821 4989
7730 6617
1567 1148
1282 1767
6831 7642
3232 5067
873 2420
4547 1678
1156 7469
100 6969
4917 4194
6079 5431
3552 3589
4719 4947
6977 3216
6941 5348
7332 5928
4519 4354
6901 4245
1495 2707
3783 6330
6512 5281
5733 2383
2108 1207
5575 3756
7389 7370
3224 387
1849 2295
605 5051
6307 7235
759 376
2769 6475
1663 393
5717 2378
6209 1270
2502 2691
2806 2097
4937 1138
6444 859
7103 5067
7675 2282
1787 3328
5515 4711
4438 4247
4249 6668
3608 7303
5612 4438
2261 4320
6556 1266
7288 5774
2039 638
1333 6894
1202 5014
4192 3245
6995 731
5965 4577
4326 7503
3635 1410
3942 7583
262 6127
5946 2360
3584 1559
7536 2084
904 3729
381 6300
187 4522
5888 1197
7300 2848
5343 1175
5757 7319
3557 5882
4822 3149
1373 3701
6222 7661
1444 319
5382 741
1 1871
154 2283
1330 2274
5481 2137
3447 6567
3623 5326
7653 749
6378 1084
4526 3582
6008 5644
412 1386
3174 5379
687 7429
6194 3942
4030 5574
3940 4070
190 7697
5166 4484
6981 6143
2327 7138
5677 5972
2094 5235
2199 4277
4737 1048
4440 1420
2107 7401
6881 1357
5318 4984
3985 3792
1102 4791
4710 1108
4733 7127
3035 3245
4854 756
2834 7567
3417 286
3810 2060
7529 4257
1464 5878
5989 4158
7242 4264
4436 2065
151 5136
4807 890
6212 6148
2655 2060
7321 2363
3947 4238
7002 1394
5489 6850
6036 2477
3125 1629
7021 3369
4126 2257
2078 5348
1524 4705
1485 5374
7581 4073
3640 2845
6553 924
1295 6154
3899 5813
1380 1842
323 753
2301 2476
3871 1410
6542 4162
4123 2427
183 3821
6107 2960
5112 3783
4300 659
5114 5908
3847 3175
5056 5122
6214 2785
1660 1867
5246 5745
1047 164
6275 1289
489 7482
2641 6767
5530 2929
3474 7593
5822 7410
2882 1118
5999 6424
776 1345
1770 6562
6853 1101
518 2295
4870 5213
3991 2952
4319 842
4483 2302
1808 5774
895 118
665 3213
3547 2302
4745 383
3204 3485
4501 5655
4502 6390
2135 4709
1009 51
1015 1084
531 4032
2832 2592
5474 7717
1353 5531
6263 3312
5967 6267
7335 4878
6807 2756
628 5822
4572 231
5666 2846
7124 6924
7380 6662
4882 2707
2514 4863
1645 6317
2893 4209
4889 182
6139 1551
1763 7239
585 997
897 7138
1218 3493
634 1890
814 1938
5441 7717
3011 43
1686 6808
1001 354
2667 7656
566 7112
564 2561
6213 2220
288 4050
157 1842
891 7164
3839 4237
101 5175
3861 3331
1489 2413
4138 5908
6114 5289
4750 4384
1801 6851
109 3448
3791 6433
2578 922
4041 398
1012 7730
2101 1310
4867 6212
921 3293
595 7288
2105 2927
1534 6552
1555 593
4086 4155
5296 1350
1216 1991
7345 1218
715 3205
3509 3244
2812 4332
1309 3156
7592 5147
810 3925
5135 7635
3990 1199
6802 2075
6014 285
7762 7075
257 4155
4357 3673
3559 4313
7381 3192
4058 5537
2438 2980
6518 2969
6708 146
3023 630
4600 7737
4612 4642
6041 5157
7196 7713
5165 607
3696 3773
4478 1920
2384 2796
3363 7078
4725 5944
1142 6816
3356 5864
986 6976
6161 236
5821 3548
6227 3078
6698 654
5445 4486
6627 1212
7594 344
3399 5165
2053 4055
4943 6020
1564 6712
3622 4588
1563 402
6032 5239
6097 4881
574 3
1662 3255
1045 5174
4700 5305
4275 7737
274 2789
2418 3600
1825 5163
6565 1085
3050 4924
3327 290
6709 462
6449 3638
3290 4041
1614 4137
522 6058
6529 1018
5582 4554
2497 5369
416 1103
3162 3097
5485 5112
3261 904
3439 7170
3289 2926
3423 2206
527 2732
3049 3061
3158 448
3497 529
2388 7209
1263 2407
2309 873
805 6896
6664 7171
1003 2618
7504 893
4654 4881
304 3142
4276 5559
1930 4214
6606 6109
4119 6627
698 6575
3375 4168
1480 2492
2 7548
2167 4081
458 2027
1813 6327
5068 2773
6325 2032
12 3307
4996 4597
126 1832
6167 6114
3645 5180
2341 6395
4974 2909
3407 7706
2201 1141
1356 4162
2185 6579
6760 1316
1985 409
6860 751
6998 1839
3858 7400
1296 4264
1217 3732
3388 6030
5642 2969
7582 2456
2523 5014
7016 5719
7377 378
967 3635
6299 7179
5309 347
3542 1543
4880 1560
550 2051
4835 7601
7080 5317
3878 2766
7608 851
4771 3648
4445 1386
1389 2770
1347 1828
6347 2797
5177 3277
6590 5346
5047 7309
1785 4795
3975 5491
6930 5087
1569 7508
1897 7719
1589 3306
5003 6593
4773 7063
7052 4852
5227 7727
2247 7380
4004 5396
7612 880
2031 3756
3653 3365
1329 6741
1455 4040
6073 2731
7347 3589
3442 5052
856 7595
6720 4330
6000 4265
4595 5461
2362 3604
4627 1230
3403 5843
5338 7306
6790 5385
6162 489
1147 3774
2463 4158
2560 2951
1878 4427
4381 7661
6078 723
2722 1426
3444 6581
7671 4927
1423 4726
6396 1236
5465 1079
4518 3601
4667 6981
6255 2144
2709 5946
1234 500
5651 3255
7354 57
6302 5234
2271 1171
69 4789
2405 6783
5313 3846
764 980
6318 4055
1344 2548
2890 5947
4075 3157
2795 5491
1977 6079
5250 2
1643 6742
7201 7209
6745 1738
1132 2617
67 4061
1531 799
6414 2411
2833 3474
6202 5234
4678 2785
760 5434
2132 3011
1229 5657
3903 6109
3182 6306
6819 2101
5083 3324
1484 3951
1773 1184
201 3756
6231 2869
7507 4256
2279 2241
6852 1482
2324 5716
3897 175
2400 1036
1620 5955
4327 5787
7017 5582
2830 6760
791 6746
5759 1330
40 3095
1112 3203
7430 7390
1441 5435
7263 2806
469 2656
5131 7020
4999 365
5711 7109
3612 16
6447 119
3459 5132
3098 5025
42 6488
5856 4424
255 996
961 5432
1804 5664
4156 7086
1507 7257
6929 2406
972 1484
6353 5597
7425 2999
2829 3276
7627 1110
296 3870
2305 4316
5389 693
359 186
1544 5058
5419 1703
6519 5184
2178 4363
7340 2210
4761 3368
5139 6488
7629 6755
4790 7016
6667 6167
1398 6479
1144 4937
5479 7241
6383 665
1520 3276
7466 176
356 2663
4473 1345
6027 4061
7678 1
7571 7011
5763 2072
5241 6968
1168 5641
406 6013
3660 745
927 3143
1320 3339
1114 7392
3003 2459
277 5564
4261 152
6578 3163
3707 3215
7591 1110
203 6161
7110 6071
5775 4030
1970 1338
6591 6050
2171 697
6538 4922
6135 4953
1189 5279
5041 6505
3373 3383
575 3623
2160 6382
995 682
7395 1670
5292 3215
2710 5112
795 2958
7418 6465
6906 3867
3969 2135
353 1136
6526 973
5841 1237
3836 4937
1672 3744
1226 5924
3366 7117
738 5419
6774 4195
4359 312
532 3966
364 2835
667 4855
1553 4475
2816 5843
1906 6539
2449 139
1477 6470
6937 4582
6429 6554
2704 2
7588 5265
6363 891
5756 2596
7376 6203
2024 7608
4456 530
2500 60
2693 1489
232 886
3586 2162
584 4623
328 3341
4294 2917
5740 3736
2120 887
7045 5079
7473 6224
4024 1534
2412 4009
3650 7428
4893 1767
4668 1290
2007 4303
2634 7045
7167 628
3619 6005
3655 6503
1465 749
2465 4973
1271 364
5994 1715
661 2991
1754 4920
3809 2184
1324 4276
5 3007
4161 3516
3254 790
7640 1698
6737 1771
3659 3015
3838 4438
6701 136
5791 7197
7770 5241
2794 337
3296 3887
5799 3353
6775 919
3336 4446
5729 2343
4325 675
7658 941
2668 1931
1590 2916
2299 7472
3895 5376
4848 6502
1587 5210
883 755
7313 6698
5730 4159
6934 4019
4838 7223
6273 7675
5397 5038
5579 7059
5703 2026
4087 2476
900 3593
6836 1908
5665 4056
4926 720
978 4983
6228 630
6950 7612
2468 5995
1775 5935
534 7196
3788 6401
3914 6669
207 2773
1090 3624
1115 6952
1749 2518
6694 557
7221 7233
3137 1405
2292 2641
7493 2474
3772 1826
6499 106
181 2754
4281 5824
3807 4434
4269 1202
4541 1881
3046 1147
7277 6605
5021 1643
1909 995
4026 2372
4998 2631
2946 963
5286 1734
4666 7603
5469 5585
2657 4011
2884 3379
2684 1508
410 5022
965 4835
35 751
6408 4164
7761 6821
7367 4274
1859 4947
6644 941
4707 2777
6411 5711
7526 296
3070 7457
4774 6303
5933 4542
3066 7080
6113 6686
2901 2761
148 5995
3570 3920
7634 5383
4312 2506
2371 2920
6308 3766
5236 4975
2212 3899
7310 1311
3913 764
452 4414
4590 858
6104 805
2000 7210
4491 151
3888 2622
789 7369
2005 255
2678 4527
2188 2543
655 7727
558 6735
3441 5996
2701 7710
3043 7016
3251 1009
2553 2522
624 7550
1096 989
535 1120
2275 3263
2193 6379
7013 6053
5503 7289
1087 6896
2079 2686
3091 6437
6133 1322
6423 541
1076 1067
299 5892
2099 5496
2165 1230
442 5928
3681 7044
1251 1987
6580 4695
906 4735
4412 6394
3291 1482
2356 3477
576 2962
4404 575
5859 1103
6697 4137
6380 2218
1479 7474
4205 3497
4785 7542
7236 4096
5910 1736
6322 1262
7660 3501
1727 7401
144 3822
2758 3817
4991 89
2240 2953
6256 2742
1490 4918
3456 3628
3886 3559
2215 5187
2111 980
6596 6394
1341 4939
6764 4942
942 7289
5238 347
7113 5016
2546 7005
6971 7132
1082 4776
6631 7360
6170 1150
1864 1260
6314 3665
7240 574
3079 2476
2865 670
5352 3081
6343 3010
6555 1561
739 2561
1694 1603
7161 1266
5421 3961
4734 2694
7191 2283
6068 6562
6979 4380
6945 662
7489 630
233 2399
6054 744
5191 5379
2705 3468
2652 1910
1853 6503
3230 7248
5362 4713
4236 400
1677 5025
586 4518
4163 3066
5726 6470
1740 293
794 6176
477 3854
958 52
5540 2384
5030 7274
1957 2579
6412 3628
4243 531
6800 5539
7687 3192
1437 624
2584 7732
6986 5524
6279 5559
5280 169
5959 2562
3498 6135
3747 1387
7726 33
4840 1662
5567 7073
1858 6430
5029 3425
943 137
6604 524
4778 4785
5920 962
2106 1577
4985 1651
3181 6802
160 2243
1302 5377
2651 1036
7039 1724
4295 6009
3683 4776
2842 5662
3319 3887
2836 1227
5911 6499
2057 1928
5119 4073
3813 5121
2263 1230
194 1704
2428 5651
5598 1482
6984 767
4573 1771
1926 4191
7294 2661
7562 7416
6354 4654
3651 6766
4121 4658
3860 5866
4208 2754
2788 2114
6947 4776
4957 6473
7695 1756
5832 4586
2444 5167
6445 1874
2883 2732
7575 794
1332 1136
2238 1848
3999 3766
1362 5937
3884 3729
4311 1573
5867 1423
7093 3789
5566 241
427 6539
7227 856
2855 2187
6397 579
3826 945
7028 1740
4372 4416
4367 962
5847 4409
3605 3791
4012 2211
3928 2701
2034 3834
1059 271
5453 428
1933 6138
701 7473
3642 6769
7421 526
2700 4365
1119 1926
5455 1600
6103 5540
6111 6946
1554 741
1552 2882
3370 6808
2673 664
2128 6307
827 5114
5201 4276
3287 7063
5849 6682
5688 5530
430 3156
1538 2688
5192 5819
4301 2547
1431 837
6585 2683
2203 1432
6848 7063
3068 5952
5630 5346
6432 55
3941 7076
7065 2754
6268 3145
6440 4210
2571 7241
4288 6055
7118 5381
4846 3203
4063 4819
833 530
6680 571
2955 5951
5727 1593
1840 1480
1997 2493
2867 6542
1647 4476
2205 664
3001 2349
5409 2074
1992 4348
4925 3723
7445 5683
4008 6035
3802 918
930 3897
5284 1614
3401 1900
3381 3887
656 6692
1697 1632
7530 2084
7176 3589
5635 1327
4622 2441
1888 67
3076 5476
3087 6233
2598 5670
2421 2430
4211 5805
5336 3622
6094 7511
1265 7482
5939 3325
1349 3325
7460 6530
3976 100
2348 5100
6130 5051
6978 1921
485 4322
1741 1672
5448 1401
6642 1950
2775 6819
4537 3920
5830 830
862 69
7721 5994
5803 2162
374 1514
6753 4380
2347 4459
5370 1567
7158 2215
4660 1859
1604 5004
4742 19
2864 7315
2976 7658
5256 4889
1596 1745
5885 3224
3185 805
7151 3099
3135 7408
49 6505
4767 6596
1300 106
627 3367
3259 3189
5116 4723
4233 3532
2197 791
6215 7173
7680 2011
7615 4036
5969 3935
5698 7340
5753 1179
2868 7240
6638 1270
4921 7138
5365 2105
7074 756
5042 5511
349 5335
6521 6370
3704 7045
3669 1972
1278 2464
6959 1148
1532 4983
1759 6056
1819 5598
6603 5248
7032 1814
2554 3061
185 3054
939 1193
7552 1551
6621 2655
5685 2484
482 5854
2949 2241
1111 4912
46 3925
3088 2833
1099 7234
3239 428
4114 5695
5249 3244
4601 7597
828 5309
1169 5762
7522 1112
3389 1240
6240 5559
7030 1687
849 6432
1512 4289
1692 927
7709 3751
2145 5246
2248 4787
7177 5318
7614 3035
227 2199
2790 6767
2122 4007
4900 3038
6140 4713
3770 5213
3227 6080
1732 2835
1993 5273
6866 715
3697 4087
7498 1032
6250 4277
1769 4134
4250 5552
1363 2297
5615 1673
375 853
2373 5011
439 979
7426 6395
5545 1855
1463 7682
5592 1889
5314 319
1358 2984
2611 834
5516 7240
1914 4545
966 571
7253 4343
6528 3244
5927 5612
302 5267
4370 4034
2285 3638
3521 2409
4727 5987
3580 810
4686 700
4570 5371
6456 2443
5533 2713
1399 113
7563 3659
2696 7669
6629 6303
4504 3091
7317 1519
777 625
3840 3591
1073 5058
6907 2324
911 6086
4227 7153
5724 7479
167 3794
5394 6154
2402 4620
3141 6134
4284 828
4511 7221
5873 5618
7067 4123
1204 4842
2249 4011
4977 3401
5544 7765
7403 5244
7334 2600
165 4112
81 5717
7077 5157
5372 771
779 4662
6967 1519
7141 6556
4988 4010
4198 79
7738 5859
4829 1104
7492 4312
1835 5887
1415 1208
1331 4858
4672 3994
2504 6686
4911 4316
6679 4908
4847 4261
1326 5469
4557 3946
5861 7396
1078 4410
2985 5654
4806 5653
6794 2107
7139 7282
3968 458
1374 4831
4950 1920
4901 1870
1522 3222
7211 452
4109 4667
3250 6031
2964 6589
1403 4244
2453 7552
4064 1297
1758 89
7452 5461
3138 7597
956 6531
228 3631
3271 6681
4754 3074
1408 7462
3298 4450
3155 6894
1046 4042
4696 7252
6911 632
4057 2016
25 1532
6165 6088
5895 3739
5637 1142
2565 2605
7431 6368
597 2151
1243 5783
499 3802
2633 6069
6301 4067
4657 6102
295 2122
7146 1086
4608 1284
570 6979
7364 439
3812 2546
6592 3727
498 1242
590 4455
6426 4320
2344 710
4016 227
4549 3966
5257 1237
2549 5653
1537 6143
2315 1527
3513 3976
1821 5928
1211 4859
4435 1678
1782 4241
4076 1207
2153 7403
2311 7498
2473 4668
3546 337
5457 145
3410 5100
2093 1790
4665 4257
1606 1032
5013 3770
5367 3645
1494 3990
6647 7457
3856 3859
2550 5803
916 4766
7767 1346
1617 1189
3262 454
4102 453
5869 1497
1379 6266
473 888
3799 3550
6943 5130
368 7499
4258 1807
434 2842
5224 4008
3059 2476
2935 2342
2569 6034
7350 2332
2752 4289
1912 4324
3526 1467
3848 597
7580 3375
3030 2300
5785 7192
1980 6662
7058 6468
3475 6445
4260 7258
2036 1086
4933 6455
920 4829
4494 6386
871 1689
1998 4654
5198 368
4510 6251
4337 7208
1434 5878
2720 6599
5738 4389
4630 6992
718 992
2012 6765
516 3096
1042 90
5616 6318
952 790
5845 2553
6356 3890
4129 6981
4328 2795
425 3872
3292 6246
7010 4988
7070 5318
7688 1993
4680 6870
1664 1245
2490 2946
2121 6161
7273 4086
1947 1601
4190 6608
5463 6883
5957 7574
940 6455
1228 4427
6310 1383
7439 4320
660 2528
2857 7667
7218 3582
2572 7373
4770 3132
155 2074
3028 961
7718 781
1815 5274
6673 6040
5619 6525
2831 2717
6827 5772
5617 7592
6339 5946
4650 6444
3926 178
7476 2501
6595 3008
5858 1350
196 7512
4752 1170
5347 876
1255 5692
6281 4719
2853 2184
1680 7350
3282 5179
6024 4549
5059 2506
5877 1830
2260 933
6067 4828
5837 7529
5297 4942
2329 5534
142 4668
3304 3218
6181 1421
4765 5495
4931 2791
5834 7192
4663 4916
4297 1678
3006 6589
5963 4
4451 5346
5084 1330
5786 3187
6158 2768
4457 276
4958 6529
4489 157
6446 3903
5773 4791
5403 5066
5483 5068
5438 1220
7398 4514
1166 3813
3051 1485
4088 2072
6586 1460
1174 2421
2908 3570
2375 4023
4751 2427
7394 3764
281 6967
3166 4644
2854 7342
2837 4877
3506 5774
1095 6028
2772 911
2498 4705
3026 6631
7630 5843
1019 4294
801 6240
2719 4772
6726 4264
3796 5585
5360 3160
5472 2108
3857 7597
1935 4155
1231 1512
6459 1992
7751 2954
6180 2974
6049 682
3963 6233
2442 5301
3853 475
835 3085
1539 3759
5676 4300
6838 4066
1060 1302
2524 3772
2721 1042
3420 1249
1004 2854
6001 7697
7256 3003
4717 7248
309 4681
3489 1895
3027 4099
2590 3470
552 7381
2792 519
422 7314
6965 2936
4517 6989
6658 6904
4905 1011
3852 3163
451 4574
6270 3609
1831 4580
7311 2247
5082 6762
6500 3645
6550 2443
2606 719
7181 5958
3490 3142
804 4120
696 1633
3702 6413
6119 6470
7187 5819
2945 2914
6994 3831
2943 876
7046 6153
1342 1497
6689 5376
2404 7257
3122 6161
4843 1960
1986 4947
1425 6916
2389 871
6809 6911
6885 2140
3432 4837
3879 2440
5521 1723
7670 3667
5826 7526
7144 6556
3154 3102
926 4770
184 5624
4181 5394
1225 406
493 1601
4609 1973
7098 2135
2013 4327
4651 1483
3898 450
5197 7699
1385 7179
1547 1491
6441 2707
1458 930
6236 5121
7496 152
2665 1090
6868 3266
461 2334
587 7028
4283 7476
1080 2383
484 4623
3927 7190
6527 2236
545 2697
3880 1552
1451 3094
7157 5224
2627 3150
3246 1390
1250 7562
4605 2951
1793 777
6908 3248
2289 931
7549 5043
5408 2335
1287 4519
4338 7618
1068 5598
4068 6664
2020 6558
2653 6482
1545 1601
4692 4121
3412 1726
3478 1951
4449 6254
4447 2724
5744 4827
3522 875
1860 3690
2814 7087
303 866
1572 1440
31 6012
4333 5993
7746 5906
7051 3107
6402 2588
2159 7450
3104 226
5800 2473
5081 2726
6385 6360
2416 1900
3040 7157
615 2263
1735 289
1007 7393
3106 3588
307 4414
2529 4343
7674 6330
3302 79
7577 7667
4147 5885
5880 7272
7329 2495
6533 2120
3086 1045
4500 5308
7554 3785
5852 6733
4285 6041
5189 4496
7012 228
3782 852
5708 3439
2270 2197
3499 3751
5931 325
2458 7769
5282 6240
4602 6545
1488 2022
112 169
5607 2919
617 5246
3675 2107
6696 1694
1254 7103
872 2030
6811 4521
3762 1805
3982 5729
2644 1774
3767 1295
2357 6063
7287 1374
2280 4518
4845 1552
3507 2220
7485 3504
6410 2857
3083 4863
3980 4359
1659 3623
1610 1343
1729 2903
4423 2540
2933 2177
3345 7711
4538 1320
2217 3890
4864 2020
4886 6004
2674 1832
7616 5838
547 1567
7763 75
1586 4999
5500 1672
4490 5121
2628 5888
2321 3102
1371 4822
5901 1776
6189 1095
2564 5096
1422 2936
1631 14
413 40
5482 854
30 3894
6622 3019
2319 5495
360 3099
7729 1069
205 4253
1710 1350
4101 7497
4898 586
600 1174
5499 7762
1022 5463
5148 6741
7461 4055
6747 2030
3688 6880
5073 1754
1190 4870
4069 3120
2818 3040
3378 4328
6574 6135
2161 2299
694 2944
4201 6412
4369 4469
3358 2135
5361 7473
1065 1494
7091 698
4015 2311
936 4818
1473 1744
7090 5284
3064 5733
193 5654
1525 1522
1498 2346
6351 359
1238 2552
7649 5592
2394 3407
6912 4806
3627 4820
5809 4416
2081 7376
1730 7290
4965 1849
3937 4530
4200 6046
5356 4855
1031 6470
3464 2494
5643 3681
3545 1552
874 896
2194 6789
1468 5525
645 77
1077 6034
1486 5595
345 1257
5793 6742
691 1853
5092 1115
5295 1771
7365 7624
121 7479
2294 4146
2799 4300
3956 1005
2157 2388
6970 7660
1893 3658
610 2004
4674 1825
7506 1
3798 4214
3396 568
5375 2516
6387 1358
1612 3692
7357 7738
3524 3698
380 2081
1109 932
223 1354
2809 3773
2654 4618
845 1059
729 4109
3005 1278
2757 6181
619 5469
3235 3893
6491 795
2738 5039
3574 6914
163 6193
3613 2209
3738 1534
1427 1049
6624 1930
5840 5997
4429 6437
822 2024
5293 5706
2380 3608
6328 1087
3749 1780
2352 2140
73 1938
1038 6196
6083 5692
7079 2253
4470 7210
2478 6117
5754 3943
5141 6827
885 1070
2009 6320
4817 2493
3907 1699
4655 6274
2993 2440
7068 2128
1219 1588
6985 2566
7029 5272
4383 6103
2207 5821
1851 5834
1137 3150
4111 7053
3568 6953
5433 1812
5467 1255
3703 6989
4358 1876
188 4541
4550 5212
3337 5265
6290 5706
1248 491
2287 1938
5000 2506
546 5711
5137 4971
3348 2584
5768 5653
5536 2834
4978 4517
2224 634
3283 5303
565 3015
4043 7196
2391 1452
7264 5035
5586 2256
1318 4737
3344 4638
4703 3783
1384 4991
7378 3271
6438 6117
5991 1709
6018 5685
258 3475
5942 7087
6754 6187
6859 699
6948 1949
4018 3461
970 277
3646 4159
2082 59
3110 5208
1122 3240
7541 609
1294 4181
1149 5374
809 4901
3112 4688
6619 3736
4749 449
6271 413
6211 1749
2852 7684
2483 646
703 4530
6011 4195
5605 6155
1239 2926
4466 7604
3720 1497
985 3876
6928 2319
29 1401
4614 1209
7579 2397
6963 3776
1706 5770
1010 7755
5173 4853
2126 1757
6756 1431
5988 6300
3013 6745
560 6587
4169 6441
7056 5585
6544 2623
117 4186
7547 748
1967 5211
1685 4936
3615 6948
3530 4039
6522 3425
2133 4057
5853 5714
3562 4447
1695 384
6826 2072
436 6254
588 1342
99 5170
7495 4341
3210 5782
1634 4370
7610 3562
3415 2993
4003 6095
1040 4915
517 3588
3431 2749
5366 6004
7621 4239
6577 1207
2191 2790
4661 1267
3446 5268
2038 2704
5930 3923
2669 4974
1397 2284
7442 6408
4170 5895
2077 3735
2733 405
604 3817
3529 7020
2599 5383
1934 1579
2228 1579
6798 3256
1200 1497
4392 3699
4559 7451
6645 3180
5054 1970
3845 6984
2479 375
713 6583
6778 5189
5450 1622
5546 4905
7679 83
6230 2611
5159 6339
474 6354
4400 4391
5040 2779
690 1596
291 3660
3528 1957
3355 4274
649 1324
4477 6289
1412 2127
3207 4933
6115 6775
1691 7206
502 1279
6903 2993
3146 7546
1737 3861
1146 889
2972 3267
6818 4580
5614 3704
509 1539
4587 6937
7246 5136
65 1868
6249 1286
2608 7055
1340 584
3359 6490
4813 4863
4188 666
6453 2379
6833 6870
7545 509
2676 4450
4966 5543
2448 2845
5581 3635
5384 542
1700 4868
6467 4556
7307 5366
937 2976
1817 854
678 1986
613 5837
1598 1388
3397 1541
6899 2411
1648 440
6919 1828
455 3572
5061 5952
3988 5463
3198 1779
6106 1504
6751 1226
899 2280
1063 814
7382 5325
1409 270
635 1262
5846 115
768 2791
1521 1015
578 715
1123 5284
6507 5989
6824 7087
1923 502
1652 922
1172 1792
6921 5250
5510 1615
3352 2697
317 7687
4092 1551
1802 5393
1481 6578
6663 7568
5065 2719
1053 3154
6462 2834
6784 911
1657 5056
981 37
6626 1086
2139 7165
6639 2394
2123 5187
1786 884
5252 5542
7531 3355
3350 7331
177 3547
3422 3731
4418 3055
5916 7581
1937 2889
1066 6137
4675 7585
5538 2403
2975 7729
2743 7506
5183 2241
5591 3560
5777 3964
5807 422
6960 1202
4113 665
7186 6765
869 7112
6341 103
1843 1229
3179 7737
6839 2515
7374 7209
7606 6429
5674 1278
2003 4012
5388 1989
765 2748
6262 5292
5704 210
3236 4649
1089 1477
6392 1992
5659 1313
1958 6097
2454 5431
1654 536
2245 828
2728 1680
338 442
5012 3558
2672 3667
2576 575
2310 4429
3632 203
3101 1483
7436 1928
1393 2309
601 7502
7245 6591
1827 2427
631 935
7024 5476
3121 785
4768 894
5429 5547
7632 30
107 1171
3616 753
3518 1896
5990 7242
7269 5347
390 6091
3824 4518
6366 4135
2303 6542
4788 3023
336 1922
6873 7367
7518 2240
7415 6912
758 4238
5473 7296
3274 3102
4017 7462
7064 4283
7645 6138
7714 5911
6938 5981
1139 4922
7386 2278
841 6849
1307 5775
5501 986
1783 3259
3062 3375
1288 7615
4302 5640
3902 7701
2521 1305
7043 524
6782 5301
7352 2694
2192 4674
4784 5239
798 2758
4990 1391
717 1838
1359 163
377 1551
7349 2341
1382 1925
2482 5390
6144 5639
5452 956
2447 380
7477 2242
1336 7342
7018 3177
4173 4775
6245 2529
2803 7487
4364 4702
4340 3120
6282 6940
5817 4684
2182 6156
5663 5944
4567 2917
2615 5249
968 6328
1416 6456
6286 238
6931 1461
2912 6439
747 375
4248 3285
3786 1179
5750 5918
6847 1568
1887 1123
5161 3296
1157 2255
1901 2511
774 1832
4980 766
1618 6205
864 2274
1994 5895
3710 5731
1955 718
3488 6850
3784 5006
472 1013
7657 6647
1281 7457
7275 3508
6389 6681
4350 7730
1445 2989
2179 5937
5812 4661
974 994
2426 756
3072 3345
7312 4260
1301 4258
3637 3616
3921 3809
7128 5785
4204 4817
3760 6642
5002 7549
3467 5297
7217 2203
5229 4291
5523 381
6777 81
3017 781
7484 911
1570 2670
4812 2091
1762 4907
3414 1165
5110 5854
6059 967
5886 3132
2322 3158
3911 4797
950 787
5151 900
6182 6041
5527 1014
6864 6934
5725 892
6060 1596
3708 3016
4171 1422
4124 3112
3194 2171
2422 4204
6504 675
7707 6060
3161 5543
7560 2525
460 1588
5900 6437
2088 5521
7652 7170
26 3890
3405 4696
7159 3864
4669 1670
5430 5022
6776 3979
644 6344
1135 5139
7033 3126
7752 1763
7525 2127
3330 1271
6244 4167
614 7508
2533 5365
7596 193
5705 5264
212 1188
429 139
2049 3415
7202 6110
1246 1897
2995 3681
3626 1057
1765 2547
3332 1253
4481 3990
457 374
423 5667
2856 5890
2486 259
1750 6351
172 6827
5671 4326
5984 3139
1020 6701
689 5122
2534 6068
7758 4554
6283 7764
5334 3799
4967 1154
7753 7542
4360 6049
7379 1352
4685 2702
2202 333
1718 814
4895 5649
971 4890
1974 7286
5344 7034
5426 7059
278 1057
279 1640
732 79
311 7032
5269 801
5603 5219
5149 2744
1628 5459
855 7063
1518 5547
6652 7409
6291 37
7129 3903
6442 6574
1097 1709
7402 5379
7346 5470
4386 1172
6693 5672
4231 7680
7590 6468
2900 3778
7557 5478
3037 1342
7348 232
3228 4028
1806 956
4308 3719
5752 1547
6535 4596
1799 5530
6253 767
3065 463
3929 12
140 4916
2244 7738
7609 755
7735 4978
2508 1507
5625 358
6235 65
6252 1570
6846 2924
4964 5205
838 4063
4464 2061
4298 3950
2778 1402
3326 1673
4223 3646
110 3499
6718 5793
7654 7512
7026 3855
4020 3855
4676 7285
3787 3248
3806 6129
6915 7474
3643 6110
7295 3570
401 5986
7523 5877
373 1940
762 822
4296 6533
5593 6744
3536 3474
470 1324
5578 4273
1252 7684
4515 6231
2472 5011
5934 4158
2708 6683
2401 1529
2083 1008
5865 1034
6038 1058
3402 2235
983 4036
4844 3205
6648 7223
6448 2077
4839 4710
7224 4784
3816 2078
189 1652
41 7492
3077 2383
6517 5145
2326 6087
5519 3522
5215 167
199 4447
446 290
1820 6275
3755 5614
3630 1050
1535 2289
367 7248
6705 7339
1929 3619
5565 4247
247 1960
3479 1161
2433 5381
3549 3324
4378 6545
2970 2070
3438 6181
2998 1267
5561 1297
2804 6347
7297 3545
2828 6804
3571 2013
2878 3124
5109 6222
4339 7524
556 3388
6625 4125
7000 5691
6342 251
1182 3779
3595 5
4187 6984
4543 4298
3314 2543
1833 6230
6770 6525
5398 1282
348 1300
6264 3637
2881 1310
4799 4019
4759 7723
4969 4751
4482 3064
2877 724
1621 6212
7747 4945
910 1571
3705 3026
4833 1055
3195 2043
6206 181
4736 5631
5610 3081
3919 3653
5044 7524
4871 3079
3349 45
2116 5607
2759 1154
6637 1738
7301 5503
4221 5284
6033 6990
3082 4318
2147 6107
5560 7693
3981 6414
5789 119
2410 4527
6691 2314
5742 1738
2092 1144
2581 1654
5449 6520
4755 4693
2817 45
6993 365
3184 3861
3147 7617
6717 2458
7194 5060
4199 6504
5941 655
6812 5252
5953 2956
88 7727
5027 938
3712 5702
1733 764
2601 4016
5124 4707
1594 19
1131 1945
5562 2494
1277 2206
5263 302
6882 5191
6572 2588
3199 3923
2849 58
5350 3302
867 2016
2874 6698
5127 805
1442 5030
3986 6327
1406 3649
6409 597
1400 1943
5095 7372
3611 7646
7636 2062
2787 1111
2906 2775
1605 3556
7708 12
1788 376
4287 7086
6893 4390
1304 1565
3922 1316
4781 5523
2125 1441
591 6392
2820 1507
7491 7223
1666 611
6614 3513
5203 7617
5675 4618
7119 2473
4952 2159
3882 7161
7681 6512
3247 2761
6872 2877
2802 5796
5921 4275
6471 1997
1542 4597
1351 4545
6964 7002
5018 6540
2112 3767
3544 5756
3321 1005
1526 4773
2690 2266
6100 7439
5751 7016
5247 5858
2910 126
3385 2369
4715 5659
2109 7197
2607 6464
5945 2743
5589 3236
7193 5888
1314 397
6076 4200
1823 115
3024 1002
2982 6897
4100 7069
2992 5964
5913 5690
3108 196
3819 3130
2750 1347
7092 105
5497 3588
1124 1806
5231 6860
3322 2881
2593 7328
5613 1040
6191 7294
7249 7529
6324 613
5962 2321
4376 1901
5311 3990
5811 1699
2808 3936
7420 4440
2469 3855
2781 2891
6346 5586
708 5420
3842 1994
3763 182
275 6822
4598 7303
1789 2884
3808 6663
7291 3200
5769 3770
85 465
1719 6409
5509 396
7262 5439
2716 6170
6772 5528
7095 5920
3480 4825
5983 1075
5324 5016
2445 3624
7639 4519
7703 701
6618 3963
4866 4569
141 2351
3105 7171
3242 6595
80 4143
3308 6735
4049 7679
4935 2472
350 35
7424 227
4417 975
3551 7209
621 5191
7081 4846
5427 3239
826 4313
3540 889
3614 5274
7322 7549
4708 3272
488 4723
392 2577
4589 1375
2801 7340
3053 4198
2685 289
1152 7277
7305 5510
7279 6071
426 2598
5063 1694
4268 1460
2879 6347
4179 6723
6474 2228
1127 2157
1419 4474
5304 4298
5871 4715
4262 2312
1471 3510
1360 708
4652 7702
2069 3050
1457 685
6295 3276
2636 1149
352 2316
6610 7461
647 1493
4824 499
114 3395
6019 3776
725 7218
2604 2977
91 3207
2387 5804
5923 3200
6815 47
5842 5967
1714 5637
4065 2223
2570 3930
5182 861
6840 2257
2452 6381
4060 4730
4565 43
2455 4649
612 3846
6496 5405
2002 1337
6524 6507
7182 4864
5723 5655
4074 1207
6957 4780
4132 3017
6451 5269
4071 2993
6096 3591
4292 5965
3171 4753
7448 7167
3450 6340
3754 2747
3801 7067
4321 3345
1690 7151
4035 2673
907 942
3833 5978
3970 1685
1291 7579
4219 566
3318 4343
3429 2003
6843 7759
329 5586
2635 3406
2028 1379
5535 2472
7607 5378
6090 5846
3977 5039
6355 1246
3221 4608
1264 1872
6425 6263
4397 474
4278 2653
2986 2638
3071 2758
5992 1951
754 1589
4779 4013
5118 5234
2364 6932
4793 5157
6736 7381
6867 3771
5932 1227
5891 6058
3515 3054
2306 6019
4865 1124
6817 6268
4080 4112
2333 6349
3343 2109
5111 4884
3671 7607
3463 5360
5980 7702
5571 7132
4193 2018
6319 7302
3652 5196
750 1771
5078 5735
3745 7340
6740 7305
5956 7238
5746 5798
2328 2177
147 6414
7570 7456
6568 2490
1971 5902
4533 7540
7527 2986
3466 3050
2666 2416
1966 3716
4539 3394
3067 748
4408 2665
663 5309
726 5940
4941 7170
5875 5463
3360 1402
5678 3624
6666 3435
7001 5085
6149 2473
3687 68
6486 2408
7265 2291
6732 7112
62 6502
6549 1623
2957 1835
6640 5694
2827 222
4235 4023
4315 502
6241 1436
902 1411
7691 2998
5502 4966
3517 3630
658 1511
2542 1394
102 7700
4810 3247
2745 4071
6513 6287
3989 3581
1470 6581
5652 3927
6493 2014
18 4795
5351 3551
2063 1841
3234 3574
7143 6453
4153 7384
6160 5736
1475 5887
5020 4789
1886 4818
6611 5750
960 7033
7537 3346
6029 1995
2662 288
3148 126
6350 5457
6722 3754
5816 6416
7519 2543
6891 2449
1592 4957
7535 1127
5169 3783
7391 1049
5504 3148
2124 5832
5658 2802
7558 6366
5363 1383
7038 5229
5072 2399
5760 5859
4823 5250
6869 3817
6926 3397
5898 6192
6954 5932
2861 2692
3814 3336
7293 7130
6999 7095
7099 858
5108 1544
2637 957
7133 1962
657 5586
287 1279
4027 6345
7628 5825
7097 7671
6312 62
4148 3477
1093 4111
6261 3725
6469 6750
5627 5405
6917 5796
4141 2118
3566 6916
4904 7608
5413 632
4217 5933
1810 3304
3188 3446
4329 4459
3924 5161
3057 6737
4218 7488
4460 7363
3676 1800
676 5749
4053 5562
2085 1426
2695 665
7750 2803
2585 4460
7268 1485
5416 6032
1796 4032
3426 1632
1760 1363
7327 4871
6472 1075
2419 1314
6298 2732
3938 5835
4353 5191
248 952
1533 6665
2858 2945
1578 3568
6128 4395
6022 5836
1646 3515
2582 2533
1916 6634
1183 345
2090 6680
6973 4328
7195 1863
782 1447
3590 4255
5254 1046
6074 699
7162 3126
4467 139
5243 3690
2888 6816
4800 2803
3033 4886
4242 24
1185 151
3775 4334
6016 2342
4811 5942
4562 4615
5261 5591
5322 3138
2176 1369
2567 726
1178 842
7299 2302
819 681
7006 1727
5395 5401
3904 2206
7163 2024
2671 3731
6670 2868
5792 3863
7254 6017
7060 5417
2169 496
3338 2903
7611 6256
955 3074
2885 4111
3909 1709
7766 748
908 2430
5019 2391
4894 6342
2509 6802
6791 7003
6461 700
5115 1596
7733 3909
4584 426
6316 4798
6628 6366
5776 3474
4568 2401
5794 989
4382 4911
832 706
525 2958
4617 6744
7569 2700
3996 4708
3453 5047
2632 4539
507 1139
6548 6252
2513 863
2660 4245
1650 6290
4624 1711
4593 1598
4610 7500
4037 6999
3487 2855
5633 244
4197 2190
399 3883
1975 6884
929 4497
4929 2308
3471 3748
1299 2478
800 7676
847 621
4721 4362
6688 241
836 883
5541 4355
2875 7077
4716 2897
6498 1801
5220 6571
1731 563
7037 5175
6141 3366
1919 908
7338 3389
7351 1788
1191 1253
3390 1492
6359 6304
4443 7513
3684 4123
2392 4125
4180 7601
5755 4966
1321 1639
6284 900
394 4074
7200 7488
320 6156
7619 6864
1556 5401
1528 1704
2580 4153
1583 375
6660 6514
4351 4760
7027 2945
1376 1708
5171 1339
1990 141
3434 4977
2664 6578
1575 5708
6247 6965
3421 3410
4097 6264
3449 7286
3113 605
5514 7452
3740 3656
1072 3968
6358 450
5037 943
4240 7567
7259 2964
3682 442
3361 7294
7648 3512
1215 5177
3411 1583
1513 6831
5368 4397
1071 6886
494 2887
4095 537
982 442
2148 6583
3768 6643
5588 3927
7663 5740
3492 6697
7361 397
7638 5327
1885 1807
1595 477
208 2867
3469 5954
6895 6255
6588 565
4468 6872
3534 3838
408 704
3573 2513
335 7529
4619 4549
4345 4577
2616 1272
1530 2988
1201 4540
6566 4382
3364 1213
3585 433
4267 2656
326 3362
6136 5238
4441 5472
480 1044
5851 7688
4783 7745
3295 1046
4176 1885
76 3373
3685 3236
2021 7698
7216 2159
1846 1348
2234 2969
712 857
6939 290
28 2800
5023 3066
372 251
3144 3927
5712 6932
3862 2818
5604 2926
5113 512
3502 4216
4729 5949
4149 1657
2023 835
850 5162
3351 2829
3730 957
1619 4458
71 5986
5797 3688
6875 5376
6045 860
6452 7626
727 7455
5226 3348
6909 7572
478 1305
1822 7224
5950 7488
6062 2176
93 5714
6768 6939
4454 2775
3695 2409
174 2285
6674 3902
6509 4785
3610 3936
5106 4011
3089 4745
5977 1622
3472 6664
6842 7124
639 6042
2873 1942
6677 2814
4220 914
2008 5167
5715 185
6653 1926
1803 6633
5870 208
735 207
5557 3927
7651 546
2626 1402
6367 5965
3123 5266
7662 883
6569 737
2499 2107
3317 1813
4444 6078
6131 6574
3670 6282
4664 6490
4794 4284
5646 1291
6724 7673
6364 1538
4439 992
1883 2626
3804 2560
3357 1263
5764 5642
386 1400
7468 7033
131 6180
6460 1077
6980 6632
6515 2832
2054 6223
4758 5570
6457 2333
2163 7729
3409 4657
4932 7636
369 1775
3280 4585
702 2234
1041 6818
7203 7395
2774 4143
3916 4425
5914 5600
7215 5586
1661 7502
3048 3256
7140 6457
3451 5753
1006 5454
1474 1421
618 5785
6966 4969
1752 4614
6265 7095
3561 2684
6188 4700
6352 6598
3874 5371
4888 7487
466 48
4185 2943
2232 3350
1722 1379
3663 3610
6208 1347
235 7242
4207 7022
3564 3081
2222 6015
1026 4103
39 6795
2603 7674
5195 3249
636 41
6489 5474
1306 3351
4317 4878
6064 1087
4202 4150
513 6458
2905 2423
5718 1607
4508 7292
2555 7035
5569 2732
3152 6722
3753 1520
803 1171
6248 2512
5494 1309
342 7506
2973 5711
6871 3449
6292 6951
5185 4447
6051 2642
5406 356
6098 5079
2436 2011
1125 2593
714 4531
3639 5812
5411 294
4224 6920
5788 4462
783 6325
882 7487
4621 1282
7432 2922
3554 7572
7720 5192
7413 451
7247 3980
2489 4843
1205 2108
878 6226
282 7587
1892 2011
5998 6699
4520 5413
3795 185
6594 7632
4976 4097
5302 2325
7366 2015
2675 1215
4430 244
1517 373
202 2812
5253 3282
13 1935
6277 3667
6179 1759
5207 4969
487 1511
366 3134
4270 6259
4906 7594
6877 1056
5943 5455
1407 7278
124 6748
6200 2056
4396 7190
3939 4552
514 573
7433 605
683 1431
391 2391
6786 3664
2923 7603
1627 4061
7407 7415
4860 419
54 712
4728 109
27 6526
321 688
2614 5485
44 1006
6616 1122
3971 2427
2932 3336
6023 4846
3427 2612
2764 1242
2367 6041
5144 3029
6043 1044
6150 6263
582 4221
5897 6559
7123 5708
7271 1565
4551 2504
829 6667
2597 5708
4722 3992
4314 3113
3757 4369
6336 17
1976 1581
5046 400
5285 2931
7106 633
3832 2380
7084 5375
3437 1270
5828 916
2646 7618
7555 6022
1956 6966
4110 5520
6788 5520
4987 1479
4305 4697
7756 3823
4910 7022
5316 3162
7694 2571
3555 7210
1428 4284
3620 237
3115 402
2048 7634
6418 5532
711 2753
108 7756
6781 7436
5008 4043
1496 6282
6888 6073
1961 7130
2915 113
1476 3647
4720 294
3948 998
4873 3850
6646 7532
6021 7017
6025 5740
6238 5598
5319 2915
3543 4494
4401 6214
652 7017
1875 2362
5556 5064
3165 5535
3680 890
5206 5566
3733 6024
1941 1303
3268 5671
3583 399
3391 4116
1702 7755
3693 7699
7244 6650
486 7627
7501 7315
2589 665
3374 1251
3073 1518
1679 4284
4374 7008
7100 2565
4082 6237
3553 4089
736 676
6186 4888
4714 4949
1939 4173
1523 7644
7685 5533
2113 3691
2136 901
7576 4991
4225 6710
5929 2187
1315 2842
5778 1645
4377 3831
5498 6954
1062 938
4495 1224
5153 5846
4892 3610
5048 1344
6077 4138
1665 6447
4014 450
209 2046
2213 2179
431 713
7336 1386
130 880
3629 1886
7368 1091
4415 561
7232 6252
7405 6859
6785 5026
1293 2405
4428 1582
674 3348
7102 5972
97 4226
3109 2030
6918 4049
1377 5898
3265 3048
481 6032
4648 730
3253 2160
6564 3623
64 1820
3869 1993
2258 1750
1611 3313
5609 7148
1081 961
4986 4825
6900 4525
7561 6465
1105 6926
5359 7122
3811 3891
540 2794
2142 5991
2839 3813
5771 4374
1674 941
2723 6320
4792 5648
3741 5970
7467 6444
204 652
56 4585
5357 5454
1417 27
6728 4293
5973 7016
5464 1048
6799 5834
1025 722
7510 1403
1195 2836
1540 7111
5802 4821
2154 4572
5440 3737
5899 7751
3644 1844
2730 3859
4712 4852
3790 1814
3602 3326
1907 5360
459 284
6636 6547
1203 6756
2763 3081
5707 5189
4826 547
6861 5611
1000 29
1500 892
1206 5391
4507 7657
3987 1256
4411 1959
263 2224
7166 4485
3827 5871
5077 7584
3012 5421
3912 1192
1155 5800
4756 4634
4079 1709
256 2178
6961 3479
407 596
1854 2300
98 6604
4930 6096
6293 4182
7514 6702
2729 4075
4403 7450
5333 1526
301 1319
6927 4951
1429 6932
6305 6174
1121 2790
6714 525
4479 3366
5590 2747
2850 1303
6362 5292
2736 217
3128 7661
4052 6205
6164 2477
3170 3084
3491 111
1037 488
4213 7175
327 3490
4346 7313
1566 4876
5709 5528
7690 4703
1024 2116
6832 3494
7359 6104
4196 1135
3713 110
6704 2755
3578 2667
6201 1368
483 1963
5790 1304
5863 3313
2762 6662
6780 441
403 5416
2390 7529
7760 7246
1952 562
4961 5657
4748 3639
1772 1987
3371 1423
5741 6993
3042 3644
2225 4812
1478 787
6276 6889
370 458
7266 6074
7115 3125
3565 3961
7137 438
6516 4776
1449 182
7686 7247
7096 7012
7088 7383
5142 7087
191 4845
1151 4973
6763 2712
6427 7067
1145 7308
5446 2335
707 1008
4646 320
7089 1444
3726 3839
673 3306
3835 2088
2913 6557
6671 3406
5178 5138
7237 944
6123 3840
7538 2095
5917 5123
6534 6451
1550 2034
1869 3394
4420 3579
8 6838
2826 1311
1448 2444
4718 7538
3666 2996
2563 4687
505 1157
1558 5981
4677 4933
5810 2700
5487 700
7722 2712
6905 1738
6687 4624
5387 7102
2947 6225
4251 7149
6543 2284
824 397
5975 5450
2437 5902
1117 7162
7316 3757
5629 6663
5329 5716
3172 653
2366 790
2254 3185
1707 4867
4955 4046
7205 2174
125 4527
4625 3524
2358 3988
421 2021
3750 2645
7188 2471
308 5316
2336 7011
3176 713
5460 3707
2519 4383
61 988
1472 6866
640 5083
5310 6142
4743 1628
594 5841
5936 3785
22 7726
1721 519
555 4223
435 6114
5098 3710
4516 2581
4266 1915
6803 6240
4960 7241
143 5117
4093 2826
7214 1133
7666 6087
3825 1945
928 7640
7023 719
2183 3352
5784 6927
4869 4639
818 3888
78 2400
5133 1251
5555 1966
5278 5766
4152 7681
6 4434
6242 1466
3419 4684
954 5178
6972 3069
2488 6981
5628 5731
2370 5615
4997 6946
6393 919
2811 269
2823 6881
6391 1792
219 1444
743 2327
4903 379
5529 7751
5553 186
3837 5207
772 889
7741 2735
3793 2337
7672 7257
5985 5938
5181 4022
5839 6815
7623 6866
6700 5557
7260 7095
7156 3969
6601 18
2780 2191
7620 2693
4928 3807
1140 4718
5480 1236
4373 1141
4897 7515
7072 2950
3233 1750
5437 109
1626 5803
4689 2327
2155 1358
4222 6518
4862 2545
3934 1001
3486 7677
572 3001
3044 2616
4091 5681
3484 1042
2087 42
5155 4147
3393 1923
2520 7531
5689 4502
2170 3077
5402 6960
4883 7324
242 7756
6757 1945
5358 6258
7411 7468
1035 5057
3100 4268
6635 5339
6878 5187
2290 1723
3575 6073
5328 1205
1675 4391
1515 1571
4670 5347
821 7170
1210 2145
3129 1604
2740 3476
1894 3283
3009 3159
3533 6220
5857 7569
127 6195
1033 4037
1856 2418
6962 2131
2904 2332
3952 2396
3111 5012
3686 2992
6492 5561
3765 5532
5404 153
1898 164
3672 5273
6207 1444
5290 256
2196 7204
4645 5738
7564 5823
5493 6229
2807 3705
6484 7244
5102 7394
2776 5969
1244 5987
1361 2033
7633 6803
987 3942
1454 6528
1636 3748
3408 3789
4643 6707
5905 1886
1988 1774
4513 74
2681 7453
1978 4102
7650 1765
3973 893
2221 4719
5154 7709
2189 4268
2076 6154
5200 1437
1143 3434
6361 5630
3758 4670
6070 123
316 1956
5209 5404
5425 7416
4747 6232
7082 7698
6996 6772
2102 5122
7728 1770
6334 4433
4946 5875
4632 6793
4524 5122
709 6416
5673 1410
6508 4233
4098 3729
1505 3450
6403 1351
7556 3834
7353 4144
1884 6483
4993 3572
6065 4239
2281 4482
218 1396
2166 1532
7169 5647
1536 6921
1164 4145
949 3028
4228 1043
6332 5704
7712 5218
2237 6047
2496 2609
86 3469
7126 2746
4178 4343
36 1318
7625 2388
313 6662
7049 6012
3866 1380
2658 2130
3908 2465
5739 665
786 5134
6684 2843
5919 5599
6487 4132
1438 7041
7325 6780
3151 2271
4647 3488
3340 6499
5036 1943
2219 4105
3392 3941
1064 763
6752 3641
310 1486
5765 1745
4184 5796
6501 203
2844 5218
2531 7222
5097 2859
2096 7582
7333 7075
3993 707
1106 918
3599 6872
2544 2252
7066 6630
4631 4003
4856 2802
4118 4128
1269 4004
2895 3
5862 5337
3452 3341
3481 7353
5584 7372
2226 7178
3114 4034
5233 1883
7025 5311
5507 4222
2204 5712
6612 1941
993 720
1030 2207
6615 3638
3777 5574
3443 6183
734 107
6988 2752
7375 71
1924 4268
917 6355
6573 5280
4909 231
198 2437
5103 2307
6422 4807
6126 2910
4629 904
6435 5401
331 3452
3621 5272
549 5308
7768 2807
3387 2438
1163 946
1837 1870
1865 3293
3505 2611
3252 4481
2767 6680
2621 5006
2938 438
3679 6631
6221 3166
72 3540
6093 1015
793 7605
6372 5371
7749 5255
7422 2398
280 2713
7150 6340
5632 7100
7665 6532
6854 2503
4635 3181
1177 4650
5488 3325
2680 1796
2451 7565
6357 6099
3503 1599
7427 4200
5737 99
4613 7269
315 91
4189 3010
6039 6157
1365 5675
7276 4925
3945 4749
4744 117
7185 1499
7343 1972
2784 7353
1668 2933
508 5796
7447 1362
3577 4526
5410 5994
5034 1089
7412 4912
2892 5610
1983 3114
7578 165
6739 2151
6269 5040
2129 6976
6506 173
6876 4673
5743 7125
4051 7725
5031 282
3269 1709
2940 3909
4896 4625
5355 5448
1791 6146
4874 5371
1516 465
3153 7269
5276 6425
3596 6016
1635 1923
7559 716
3398 5155
4323 2857
5808 4287
769 2909
4371 876
6217 5515
5199 3850
3495 5147
3654 5035
6417 4647
3133 1236
1684 6677
2990 5467
2064 6362
6477 6109
6178 5197
2331 221
1681 2623
4413 1474
3962 1469
4808 6154
7517 2166
1713 6659
4606 5578
846 6444
7743 2974
3805 6671
5486 419
4398 1213
1158 3529
417 1639
3294 2528
7475 1157
7388 4973
5232 7011
1576 34
5193 3049
4683 1337
4349 2180
245 3642
6478 4369
116 4151
616 1846
156 2693
5912 5415
6002 6220
5687 1140
2152 4917
2251 3788
1834 3228
4535 5770
4229 7389
5399 7431
3531 2649
362 3681
389 2364
7142 3042
2870 7431
3384 2811
7116 521
4653 62
2047 3646
3455 1807
4493 6750
4699 2496
2851 6110
695 3533
6428 1474
1742 474
2068 6067
3039 4754
1891 3622
1039 6487
4387 5552
7465 4350
6377 5953
4388 3280
2233 857
2460 6665
1743 5783
2350 1150
5237 5401
5850 7062
6987 4617
2556 7160
2200 4916
6814 1895
1836 525
4078 4456
1913 6919
5015 2628
7199 2670
272 3529
6163 2703
3217 7205
2138 3123
6703 4223
4203 6667
5340 7732
7631 279
5634 4082
2393 1372
7509 5141
1683 6162
2930 345
2066 17
3209 2025
3677 4618
5152 5567
5680 2225
3997 6592
3418 1772
2981 3772
520 5169
721 476
551 6805
1918 203
7598 5976
6734 4139
260 7228
4402 2529
495 1545
5341 277
3901 3131
7543 3861
3721 2956
554 313
4592 2255
445 5328
3953 3566
4140 7402
6855 1339
4641 5301
6476 3679
180 7495
1092 6718
6823 2135
2613 733
817 340
1911 7219
4555 114
385 1713
50 663
3841 5906
1196 2340
3404 1913
5907 6851
6537 2820
6369 2388
5587 7604
1187 3781
6655 6406
5091 4831
4944 5004
843 2680
6657 2936
371 5139
7659 6528
3056 7434
6661 5554
4560 4083
602 4780
6454 5763
5728 104
4850 1010
4487 6246
6730 857
6830 1876
5158 1794
2067 4842
3119 1747
2395 3973
5216 7153
6280 1841
599 3787
1546 5133
3535 1646
5045 7197
2727 4795
1381 1275
2568 4001
5228 7092
5069 878
4356 4136
4887 1122
6761 1077
1503 6035
415 1351
334 2134
5883 6580
4948 5826
877 2117
5242 307
1613 1795
3315 4229
2659 5998
5506 4093
629 2348
2098 3772
5101 4813
4232 319
7283 4241
7441 2426
6168 6010
7551 7116
831 1142
6806 6631
1214 6327
5442 2054
1850 568
6121 537
2491 2586
5428 3932
2643 4245
7207 3821
671 4127
2231 4996
6727 3627
3281 5701
4994 6776
5915 7252
6365 7640
823 2471
2624 1438
6159 3315
7437 5326
5120 402
3206 2658
4059 3364
1964 2166
5143 1399
5558 2239
3168 3983
3634 7746
5462 5917
5979 3875
6052 1512
1378 4834
1268 4890
7036 1823
7344 3669
1562 6366
2045 5484
5342 627
5577 2620
4523 930
6388 4805
7108 6522
4578 3922
7071 3797
3896 2239
4740 3574
6858 4046
7705 6280
3297 6390
3173 835
3334 6550
3342 7685
1879 2177
3093 5231
3917 7083
5270 24
3273 5236
2286 3560
964 7018
1580 4995
6309 6066
4094 4928
5522 643
1453 4691
3944 3876
533 2136
1128 6753
1671 6976
330 2899
2532 6979
2080 2315
5400 6395
3310 5097
6942 6131
2805 4981
4406 554
497 984
2706 2132
2381 732
2602 800
1641 1442
6874 2699
2941 3438
6216 7098
7404 1573
757 458
5806 5076
424 2461
4746 6398
4913 4327
7483 6836
5550 3700
2942 7597
1602 3938
3386 99
2439 5323
775 1712
1023 2063
2824 6203
7553 7286
7152 3997
3347 2984
