9504
5186 2480
6036 2480
4916 6036
125 5186
5849 4916
2656 5849
7914 2656
5054 2656
6391 7914
6163 5054
8953 5849
8361 6036
1167 5186
8555 6391
8863 5186
6538 6391
63 1167
5621 8953
2238 7914
3946 7914
7275 8361
7985 6391
2091 2656
2780 7275
5 7985
4590 5054
4827 2780
6810 2238
8988 4827
3163 1167
9112 6810
8325 8361
6151 5621
5808 5621
4901 7275
4628 6538
6342 4901
4656 6036
3908 8555
1310 125
7131 5
3814 6810
8565 5621
6927 5808
5342 8863
5721 6810
5377 8565
2923 3946
6562 4827
8591 4901
3825 2091
4969 3908
8104 6036
8454 5377
2178 5054
4255 7275
4348 3163
9143 8953
5550 9143
6167 1167
6287 6810
9423 1310
3250 3908
3557 6151
375 2178
3204 6562
5350 6287
7442 125
7499 5
9343 4590
6582 8953
3463 6562
2929 9343
5877 8454
7109 3908
1984 6810
9318 7442
3657 6036
1380 2091
3096 8953
1871 7914
3050 2480
4546 3463
921 125
2602 4901
8321 6167
8203 4656
6812 4901
4795 8203
6843 2178
822 6342
2292 5808
2032 8104
2081 6287
3433 9343
7942 6812
322 7275
420 6562
639 4590
9004 63
6846 5877
5600 4546
9047 4546
4567 2091
695 7275
7172 5186
3921 6151
9048 4628
9107 2480
6107 1380
6033 3814
1851 4628
496 6846
7801 1851
7868 5721
1864 9143
2587 6812
7232 5054
4690 2656
8874 4628
471 6582
6554 6342
2028 2587
6312 5350
1718 2028
8701 6163
6447 2929
3531 471
364 5186
8917 8104
162 6107
8005 8701
7089 322
6145 1718
1318 4916
5492 4628
1693 9047
3917 1310
3564 9004
2693 4795
7223 1167
8737 8454
5242 1984
9481 5377
7947 1380
8669 3433
5577 162
1983 4901
7997 3204
3491 3163
1666 921
9355 5342
8629 921
3483 822
8356 3096
1417 6810
8493 7089
9197 8555
1879 3491
3046 921
3282 5577
8070 420
7069 8325
5450 3814
5047 5242
1282 6447
3653 8104
6837 8953
2344 6036
8246 471
3268 822
5635 7442
6814 6538
6017 9343
1075 8203
3461 4546
5319 8917
3477 6017
9209 1666
8526 5242
8181 9143
7726 4901
7137 8629
2053 8325
5036 6163
4161 1693
4061 7868
604 6167
1238 3204
3113 3491
1835 4567
5720 6846
4520 6342
704 496
8453 5342
9053 5342
6268 5450
4780 7442
7103 9197
4769 4969
3818 3268
8200 3653
1969 322
6467 7109
6714 1318
5866 3477
3672 2081
309 6268
8240 4969
2608 822
2607 5186
4043 3461
3460 8453
6798 6467
8022 7997
3629 375
614 2344
6726 1693
1831 6538
2729 3113
5097 8453
653 2602
2823 8325
4169 8701
602 1238
7862 4656
2642 6814
276 4169
6104 2344
4578 1851
2343 9197
6953 5600
3339 5377
6301 2028
2262 3483
5117 6447
2805 5
7508 2053
6012 6714
3436 1282
6651 2923
7641 6798
9190 7172
7278 4161
5373 5097
2950 6163
8993 9053
4920 4348
7635 6391
2339 3268
3885 6554
8994 4043
9223 8005
8059 2028
3517 4043
5896 5036
9502 8629
336 6145
4006 63
6290 5600
9353 9107
4939 9318
2104 6814
5145 8555
7384 9353
8577 3814
6275 5600
6932 1871
6690 5145
2648 2587
9319 1983
5231 1282
4353 8701
2934 1310
965 7801
1130 7137
3507 3046
3187 6342
5873 4690
4832 704
5108 3921
4611 9502
6401 1130
7191 3250
231 2693
8085 2292
4943 2823
5109 5550
2422 8669
3895 63
2620 5350
583 3096
6648 3507
8211 1983
4012 4006
4094 9318
4620 3814
7747 2950
8451 5145
9427 2480
2775 5550
4612 9209
8335 5635
3509 9423
3256 6401
915 4161
8686 6814
9417 4939
4506 375
4956 6554
4801 3050
5810 1983
8221 4043
710 3509
7127 2262
7462 6554
6629 4061
5880 4520
316 4795
7865 639
6344 5550
47 3517
1214 2607
3722 8005
3698 5877
255 965
7875 8104
8618 1075
9078 8565
3025 6810
8770 7278
7809 7172
9218 2805
3636 3050
4357 4956
7786 614
6623 6812
3820 4832
6514 7103
8465 8618
3981 8221
3543 8686
6874 1984
4998 5047
2579 1417
8195 8701
679 4357
7051 6312
6250 9218
2790 7786
4372 9209
3211 2262
5504 9197
8760 1693
7257 4357
6286 6651
1587 6798
656 7942
4310 6812
6086 3531
8664 4161
9075 2339
1882 3672
3277 2032
8680 3818
8199 6843
360 1983
6766 6287
2118 8454
5294 7997
2398 47
7002 8070
1070 7131
6931 656
9014 4969
7363 639
8324 4255
2697 8863
3312 8555
3662 3113
8996 255
4350 4628
6019 3981
3387 7172
1688 5377
351 2729
466 3477
5219 822
8482 9355
4633 8356
2576 6562
6942 3277
8958 6514
8411 2091
4409 3981
5942 6814
3228 8211
4069 8059
6478 3204
4888 3339
3197 695
6503 7384
8714 9318
6078 5621
4511 6623
7159 6846
5825 3113
5769 1167
2586 6287
5632 6690
3930 125
7052 6814
1716 7868
8295 6651
6873 6078
1457 8453
7364 1167
8670 8714
3877 8996
7009 4348
9392 2780
7221 2642
1401 7191
82 2053
3410 1983
7855 2053
6226 704
6071 6342
8644 2081
6861 2262
2390 7947
1581 3698
2636 7089
5003 231
2400 9417
472 6846
4494 3662
4101 3433
346 9209
2488 7002
1099 4310
1232 4409
5057 5849
3457 7002
7 2790
577 2780
19 2262
6929 471
7782 6931
172 3268
6835 6846
7328 3814
8637 8246
7149 4769
6806 6629
4718 8022
4889 466
4276 604
2915 1831
8134 5219
1048 4633
6050 602
9441 9223
9264 8195
4378 8134
6446 7786
6190 7221
7389 695
8727 8526
3374 965
1461 172
3972 5
2072 9075
443 5117
7998 7635
8431 4255
7633 3972
2563 5186
5126 7809
5804 8181
5418 2032
846 9264
4416 2178
7742 3025
9488 6447
1067 2344
6992 656
2172 7051
8140 6690
9486 2934
2514 8453
3485 3722
4361 1070
2540 9143
5204 8953
6531 3339
5976 6078
2727 6942
2877 1070
3293 1835
724 6843
9081 5126
4050 8453
1021 2775
5860 5621
1052 8431
3269 5849
9364 3895
2132 3269
5365 3921
5357 7635
4453 7089
6587 3113
2060 7747
3770 6846
2119 6226
7694 7364
6345 6846
6062 8199
28 6401
2191 2480
2635 7726
540 8714
7175 5003
5897 9143
4984 6503
3545 2877
5244 7275
451 3461
4582 1851
1631 6012
6871 5880
8887 6036
5862 172
4602 1099
4526 9218
9302 5047
2296 5976
3429 8451
1317 8059
3618 724
622 8714
454 921
104 7137
5316 3972
1114 1310
9479 4353
8544 1716
4583 3269
2800 6017
2535 8637
7434 5373
5278 7278
4413 8669
3713 6562
2777 6814
8747 6538
5974 4101
1952 2172
1823 2780
4411 8577
6840 5
3750 1070
1091 5504
8503 2727
4765 6810
5334 5635
1708 5294
8383 2132
8491 6812
8253 8863
5063 8577
5910 3046
9149 6250
2822 6446
4008 1718
4699 3485
8476 4372
6089 9479
6659 4348
9122 3461
305 316
3716 7149
492 5504
8870 4008
5463 4916
6217 4506
2201 305
8117 1983
2810 4255
4954 2091
5542 8577
1632 172
6870 2292
3896 3050
1056 5
7957 2343
6761 8451
1347 5036
7243 1587
1446 2339
8741 5242
4328 1114
5929 6078
8347 9502
8084 2915
5864 4413
9437 2296
2761 9486
6676 7462
3812 3461
5382 7875
4834 704
6754 6690
188 2642
8480 7809
9010 1070
5115 63
2287 7364
5233 6086
831 4328
8213 6478
8278 4699
3569 8213
8226 4350
9243 6814
3111 6810
7192 3716
9344 3543
6072 8544
7831 8059
3936 2648
3627 4998
4130 3293
3764 5
8775 3543
8581 4130
5912 7499
4733 4628
366 8565
5796 6017
5619 5047
8392 5721
8757 5720
7559 5504
4683 8686
7438 2642
7113 4832
8105 9190
9136 5577
5144 6587
9407 6861
2097 2810
134 4733
7276 9048
1234 4888
8282 7137
72 4656
6139 4801
4165 6012
5606 5877
3968 4780
9012 5896
5095 695
1519 4769
2554 2292
2321 6754
3428 1666
8937 8005
7362 1688
6522 4416
2672 5635
5812 7947
9346 2097
3178 7221
3551 7442
3920 8411
9401 6837
2769 4801
3500 2262
2820 2777
1922 9143
7251 9355
6510 5974
7903 255
5344 6268
3171 9346
4749 4611
6414 8701
785 2820
2062 7363
7639 1347
4346 1969
1378 3672
7714 8321
6194 1167
6731 1632
4289 8104
5646 8714
8118 2488
5485 4511
6938 6806
7632 6019
4894 915
7777 8917
7290 162
2467 6503
8091 8482
2627 3557
6620 8226
999 9488
7168 6072
3905 4628
8909 8005
226 1318
1406 8874
7951 2608
387 604
8368 4769
2645 614
4991 8870
8568 2292
6890 309
2940 622
6353 8104
6644 6071
4200 6562
1069 3485
187 9048
6439 1984
4514 5109
5583 8200
8072 9481
8188 4043
8333 5635
116 6812
4743 1318
5787 6086
4308 2729
6498 4043
1129 6931
555 6019
5559 4991
1510 5342
1454 2810
5015 4984
1655 3531
6339 8775
6898 1446
7337 1232
2008 8887
5731 7172
7966 1922
4654 7149
5283 8618
452 6843
1059 1234
845 3433
2489 451
1730 5418
1468 3672
8868 7109
8469 4620
4282 6167
2860 5796
1801 8022
2233 2287
8696 4255
7419 604
624 3428
2765 8757
4853 6835
640 4514
5615 3820
1977 3500
1689 2579
4485 4094
7193 9010
2510 9392
9321 6871
6358 4165
7751 4612
3782 1823
4439 5334
8903 2777
4794 8696
1451 4169
220 8555
3232 5418
2804 4514
6577 8565
5080 6017
827 2262
6334 3178
514 3282
3638 7632
3604 9417
5865 785
4208 8117
5384 4683
6127 309
1320 3461
230 5242
1963 2923
7293 3920
3144 3113
344 5787
2992 2877
1824 6086
3789 3812
1512 4780
2657 6286
5094 6714
311 8903
3147 6514
5581 5080
6709 7276
6482 1730
5706 2915
2002 7221
1682 2072
2157 375
3727 7293
5791 4494
6956 3557
4968 360
7783 6942
958 679
1642 3228
4667 4894
5685 8134
7302 8770
1455 3564
6744 3050
4103 7223
9172 2992
9113 679
4359 3604
6760 9364
9331 7251
7110 8059
4697 827
6289 3877
6963 9209
1430 1455
2743 3312
4162 5
5772 8361
2471 4409
271 3713
6757 8714
7902 9407
3772 2810
2156 8084
5959 2642
7550 7726
8940 7903
2181 2929
9106 4998
4861 8937
228 1871
3944 6107
6666 454
5794 1632
2340 7985
6262 845
910 831
9027 1129
5985 6163
9428 9197
7340 6062
3692 344
8825 1730
3196 1406
1122 3812
7020 6401
2526 9479
9240 5097
39 3312
7585 2627
5089 4094
3734 4633
7062 255
3095 172
8285 8770
2425 4590
7568 3374
9211 2008
4379 6447
5469 5559
918 8903
7556 8213
5024 5974
2523 3269
9354 4357
2868 4289
3561 5089
8041 2929
4569 4439
9268 7175
1460 1114
8354 2950
1595 4357
1857 8568
1920 3636
1771 4289
8198 6167
4478 6104
5589 4801
4284 19
582 2823
5183 3944
6945 3713
6604 6036
4437 72
8841 2008
2315 6932
7775 9344
3110 724
6768 846
4892 2940
6622 82
8646 5542
8284 5054
2883 3171
1855 2627
1843 8200
4777 704
1348 8117
5522 2008
6199 8059
5147 2636
2796 8022
3996 7113
8099 9223
8177 4628
3983 6874
3016 1688
3652 1232
1465 3171
4561 8022
2831 8285
1493 3025
1630 309
2949 4162
8830 8993
6416 6447
8561 831
3647 6467
1500 9053
914 4348
8842 7786
3945 3178
2284 3111
7636 5860
3166 6814
8538 8637
6152 7328
7161 6151
1805 8937
83 8646
2034 3312
513 2657
383 1693
2938 6577
7437 9428
7848 2743
9315 9343
8249 5731
7710 3920
4062 1318
8496 8431
126 2949
6218 7302
7618 4284
6044 6810
9025 3500
1610 8958
8302 231
3137 104
2243 5186
9399 2400
2951 7633
1053 4208
8343 8870
2537 3500
3400 2243
2613 2181
771 162
3861 8085
3209 6812
7567 3500
2511 1401
9227 9355
8112 1655
5387 6044
23 6514
3649 1053
660 5606
1816 3339
216 5469
2719 577
6133 514
879 6019
6884 5600
2819 8686
9036 7782
5578 2796
3633 4656
4705 2860
5252 8246
9005 8696
8859 9321
1572 8177
1251 3461
2639 8226
7604 1708
4117 5877
3958 9243
8109 1238
1149 1879
5580 5873
7239 8099
4492 4161
2734 5550
3526 2923
936 1630
6821 9014
1162 2587
5478 4780
3338 4777
8610 6478
2040 3662
9490 3312
5006 6709
1191 8451
3590 5769
6673 4991
491 1468
4315 2488
1337 7568
2358 6659
819 8544
2468 1052
306 7009
5410 8988
1714 1716
6418 5294
1206 5550
5894 2526
8463 8863
170 5522
2100 7751
8668 9112
2963 4101
4476 8646
3201 1879
4400 6846
3454 6622
7812 134
3194 3551
5370 6418
7715 1021
5651 1714
558 3662
599 4853
1910 360
9094 2467
8102 3228
2423 3339
7842 3647
7927 2489
7591 7159
7441 6757
8159 3946
7707 5897
2797 1417
6088 910
4337 1070
3244 5183
4042 9209
5225 7389
7933 918
6807 819
415 7933
8558 8333
59 1882
5164 5804
3612 5244
8252 8770
8293 3825
625 6104
6602 4043
6389 1056
3051 2339
4072 4749
3097 3410
1962 7052
2785 4478
6889 2657
8063 346
5406 1689
4180 6709
8127 3485
8853 492
7195 7639
4405 8188
840 4361
4414 6726
3340 8321
8327 8565
3070 4103
9126 2934
8137 8496
2958 1851
2726 6648
983 4439
2256 5283
497 8775
8908 6268
4928 4379
701 3653
646 7328
2112 6932
293 6648
8044 3920
2212 7710
8814 8996
2887 5912
5480 8526
7981 5862
3701 5577
1535 3633
5737 2243
183 8411
1869 8988
1744 9264
1128 6190
3177 6648
6718 6835
7661 1666
8157 4861
8345 9407
829 7438
1906 8668
8856 624
4735 1510
5847 6416
5722 8868
8035 6262
107 2613
274 4520
2946 344
5548 3569
3053 5003
2007 5126
9238 1348
6040 306
6165 5242
2872 5860
5952 5252
8697 2797
1691 5542
7548 9343
712 3764
5379 8669
8828 7707
6143 3814
1 5865
7574 2657
1966 822
93 9081
7511 4094
6045 983
7105 4103
3264 7742
2009 9107
2083 6623
6223 9417
8114 785
3297 4801
381 2537
7139 9113
2988 9106
9201 6287
3371 6744
1635 2586
2572 3557
941 1052
6059 9010
5227 8203
4551 4794
7122 1114
5433 6143
3997 3764
2622 4743
8630 8697
6596 2201
4771 1714
1991 387
1299 983
7586 6622
111 3698
5364 8451
8123 8526
1601 1595
3054 624
6536 5862
260 9190
3306 3814
6052 6620
42 1879
2711 2805
7126 845
6367 1380
1861 965
1780 1114
258 983
6678 1977
7400 8177
9424 7801
8704 2009
1254 2672
669 8361
6933 4602
4019 2963
9376 8221
5332 8137
6857 2607
2518 3371
1364 5109
6544 6620
7048 8853
9150 1317
6595 3908
963 3770
2828 7726
5627 6217
1926 5619
2590 4667
786 4162
7650 771
3548 5365
8024 420
6282 8451
7745 4357
673 3543
9191 2315
4070 1512
9263 8476
7041 918
4080 7191
3763 6367
3640 2822
3365 3734
244 3338
1593 4582
8097 2339
3077 4506
5437 3053
6468 9346
774 1922
6844 2315
9279 9479
8657 5577
2815 2805
7708 7109
8190 6874
376 7191
3364 7
7843 6871
7377 1816
7677 2471
2195 188
6786 8953
8126 4337
7417 3171
326 8102
8294 7002
3266 5437
4458 8644
3924 306
1020 3713
7676 5342
5851 4954
761 8770
3714 7694
4708 47
6506 1851
3357 1864
8334 6714
4244 3885
4459 8581
5335 5469
3318 3293
7098 9209
8844 4244
8986 1920
8017 660
2559 2422
4713 845
1375 244
7352 3905
3032 7591
5491 375
6657 2514
4588 3095
2573 7842
1947 6498
644 8253
6494 3551
7553 6596
2389 2819
1860 6956
6672 1162
378 7875
7871 231
3458 9343
8575 9190
9192 7002
7169 7340
291 491
7357 4494
687 4062
6588 8741
5125 3561
8700 9143
638 3266
5593 6840
6751 1162
855 3763
6110 669
2085 8841
61 3232
2313 6602
587 6401
8546 6760
1045 8747
4792 3782
1968 8213
8548 4713
3440 3256
7701 8282
7624 3483
1690 5370
6509 8704
1602 4801
3889 2201
330 1693
5251 701
8307 7278
3010 7400
3886 9441
1859 2946
7056 3569
1479 6932
3263 1601
4436 2097
7104 7293
2549 8140
1467 3196
7973 7340
7693 7175
6340 8278
5052 6604
9204 7927
5652 7434
7593 2028
8533 7302
6636 3531
7999 8188
3031 6139
5013 7221
3880 5485
2979 7801
9120 5548
5203 6837
5698 5252
8067 5080
3158 7783
7510 9004
4216 1206
4772 9243
9256 7942
4767 6282
3180 6587
6175 2992
5510 2468
8736 1479
9040 8117
6470 4888
9365 7693
4822 1920
3686 6676
9066 7352
9093 6835
3512 2172
3728 7169
2550 5015
3481 2958
6758 3371
1976 271
4650 9264
5781 3196
1806 8361
5777 5542
3393 4822
2594 7052
8225 5063
394 5583
9137 3483
5004 8253
3008 4315
5472 5542
4022 2915
8464 1806
7258 7508
5222 8302
768 6837
977 326
1354 3209
8247 3649
3870 3008
995 1962
3777 5974
2942 4506
3488 3612
3881 4928
1907 3996
5337 8637
2722 8741
4194 6345
1044 9343
9278 2072
5008 6217
5850 5377
5993 3814
5270 1122
297 6636
4630 3158
6221 8117
4477 653
3757 4103
7832 2389
7755 7104
2531 8680
8931 1455
4007 6107
4508 7635
2907 6651
6474 3158
4926 6620
6164 4353
8522 6217
6225 4161
4647 3543
8305 5244
7227 8091
6222 4130
5692 7786
2825 3488
8604 4939
4340 3789
9397 4561
73 8114
4236 2243
3863 8814
3998 9075
1536 2810
4891 6846
1184 9107
766 5698
7478 3461
2654 8842
2570 9397
6179 8343
776 3364
5711 5115
1728 5357
6411 3936
5763 7048
1538 4359
8479 61
4581 6562
2120 7999
4807 2613
2278 4713
7575 7586
588 3507
6679 1045
3333 7139
4248 3177
690 4546
1471 2554
5021 8123
1389 1910
707 6666
3221 3051
9058 8063
1289 1708
3901 6956
4122 4103
7718 8041
3556 7239
3558 2178
40 3201
6504 5377
6774 5219
5321 6933
1649 1510
8194 346
3219 5244
6338 9424
4909 7586
7873 558
399 7442
870 8940
1222 6338
593 1879
5705 6301
1213 9004
2228 9136
1392 492
9156 4567
4345 9137
8762 2775
6901 2579
5349 8917
4498 7559
5040 4588
4415 9399
7077 3825
3916 1468
7487 9343
4429 4656
8600 3488
388 9094
9151 3558
5140 3008
3732 1378
4386 8284
9383 8335
1082 9354
1187 2951
5537 3357
4949 8335
1925 4708
4592 5860
3069 2422
4680 6494
4279 134
5255 9047
1558 7377
4365 7139
4490 8157
7421 1468
5678 1860
3182 8940
3343 3818
1444 8334
1964 5344
3718 7951
404 840
951 5047
9492 8157
2906 6133
1811 1851
6612 9093
820 983
8607 1835
5216 2951
7803 5849
4500 8544
6093 4072
5182 2563
8682 5219
4037 5342
2932 6163
7425 5115
6611 5860
4341 9488
8881 8307
3451 7251
3934 4476
6581 646
5727 8870
4748 4578
5423 6012
5669 8868
542 6467
8339 6468
323 4037
2493 5942
4900 4767
9435 5203
6085 4248
7975 588
3928 4437
3501 8526
5416 4429
239 5036
1433 8903
2965 9490
5156 3204
9366 4667
6427 656
1636 4926
3631 2032
4488 3357
939 4414
8566 2992
6777 4411
3319 6107
1002 9143
319 1879
7561 2932
7112 6353
7982 3147
621 4361
9061 9238
9164 5349
5014 3197
7681 3244
5778 5731
5084 346
3155 5480
6472 6659
6150 4889
9198 162
1267 8240
4810 5825
4299 3204
120 28
5503 4061
6138 1206
7794 2172
455 4611
575 1070
1343 4414
2776 1630
5991 4520
4945 3662
9030 1536
571 8200
8358 5478
7402 6127
1603 914
9304 4546
8508 9417
872 1635
4719 1254
2030 3232
8619 4633
2910 7258
3797 9192
7166 3501
4979 3357
5254 3221
8308 3182
2236 8668
8174 2559
545 6226
3661 8084
7367 2040
2534 271
8281 5357
110 2468
4300 2765
1887 577
8473 1538
6037 587
295 5094
6432 2800
361 918
490 614
8848 1364
1523 639
1701 4340
5417 840
8869 383
1279 3457
438 3110
5811 1044
4635 4485
1204 4713
5637 6844
1592 704
6360 4103
6975 3983
3784 6470
6021 6138
4531 1468
4071 4650
2175 4708
2210 5711
6027 3400
8082 7
6601 8482
8878 6544
4601 1690
3745 8476
9450 9136
674 394
1958 466
8902 1075
1987 4718
510 1
5299 3371
8866 5406
7292 914
5828 19
6471 5985
8498 5225
7787 110
4712 3718
3230 8354
4213 4476
4285 2923
5356 7462
3974 3306
5462 4984
2914 3996
8957 8347
4254 1401
7562 4526
8378 490
3667 3297
467 7002
2850 4945
752 1968
6495 3692
7685 1716
537 8533
6578 1318
3898 575
1661 9365
3324 9136
149 8024
867 3096
784 2872
9248 6494
2937 4909
3733 4458
6466 6036
1261 451
3702 8307
1804 3374
6134 914
1678 2518
1346 8887
3591 4353
3004 3944
1127 5711
2225 7302
7683 1649
750 3069
2744 8112
7443 1519
6080 3387
4660 4300
2870 6037
947 9318
6371 8295
4782 6427
3952 5316
8087 5006
1353 9321
2548 4236
5783 4892
737 6821
1578 3144
7796 3463
8748 2480
2490 965
8528 5040
1473 319
5757 3814
4740 5711
1670 6612
4768 9248
3634 73
7773 1631
1042 8473
439 1693
2378 1823
5058 5828
1568 6344
2690 6766
4225 322
9415 8996
5178 1364
8673 3930
5683 4832
3026 6072
4858 2775
8166 7604
1180 8295
1168 1843
4193 724
5235 7868
1466 3387
2835 2400
2037 3051
1062 1461
7038 6622
7154 8630
7971 7105
320 4285
7353 5952
44 8307
5051 4592
7086 9150
2854 3204
5275 336
7916 9005
992 5014
1624 5485
553 5929
578 5008
9063 6932
8326 1457
5476 2923
1316 3340
740 3025
1953 3485
6200 404
6988 6071
934 6446
1463 1347
7188 451
9286 1864
7411 4180
6624 7593
1842 7553
6328 7112
8794 4193
8813 9112
8155 4581
7432 4771
2125 2112
4553 1191
1183 2028
9361 4300
9037 6071
5937 9279
5765 582
8871 640
3977 4834
8413 8102
2681 3500
2412 2262
2383 9004
8947 9427
1025 4436
8065 6873
7724 7632
4670 3561
5775 2493
2677 6531
6712 6601
2254 4061
5311 5015
3879 2938
6740 6389
6883 4713
1710 555
5992 8526
6192 2243
1654 7973
2917 9441
4358 6927
1585 7352
3616 1947
2545 1595
3479 1568
970 1465
8804 8940
4140 8140
5149 2028
7884 8225
3353 1631
1935 6282
4803 3507
5800 575
629 1630
4533 4926
4046 3981
2824 6471
2089 1935
133 977
8158 827
2208 9286
5007 8072
6032 6447
4921 471
2240 1127
7408 183
9001 5450
4516 5117
7174 1337
8910 5976
6813 7718
4323 8383
1004 8544
4166 4161
7181 2284
8731 8881
7888 4019
1915 2608
5726 3714
3186 8646
2329 4285
4049 7434
8216 8700
8037 7328
7160 656
4862 6071
113 2032
7915 5851
3674 6045
151 9156
8968 6059
259 4794
3518 3733
5948 4834
8790 5504
4274 2594
286 1636
1820 6062
4606 701
9451 8869
8393 1968
4510 1708
7856 2398
8233 639
3743 1254
8622 582
1043 1601
2782 9122
153 6506
8071 1857
4937 6339
8460 5334
6994 4699
7926 7915
5560 1864
6533 7408
5876 3517
2879 111
8979 2060
409 2548
7645 1048
4196 3812
3136 2769
3960 3732
6331 1984
1979 707
531 941
2484 6194
6793 7227
8590 5472
4540 3652
949 7137
8019 1454
6419 4889
14 5787
3502 7052
4644 5472
9233 6544
8448 6050
1144 3228
3769 7783
8236 1952
1959 316
1038 9302
9363 5480
7015 6883
4324 28
7857 970
3376 4162
8785 1603
7640 6596
8499 9354
5817 5683
4971 8496
2309 9040
8625 1510
253 7041
3390 8841
2128 879
6607 5108
8271 3820
7026 1317
8245 5783
8120 2118
7781 6611
5482 6080
5554 4909
6684 8067
8058 8646
8053 8577
6600 5897
3464 3944
1225 5550
150 9407
574 3111
7651 8988
7024 8887
1151 2120
7531 578
7280 8285
8264 4743
3567 1069
3310 2030
7863 360
998 3908
6028 1053
1477 4324
6172 8544
3195 3569
190 3526
1931 1519
6443 1052
4883 7591
8483 5542
1584 6673
672 228
8215 695
5782 1926
4199 4200
1352 5828
7064 1238
8401 4765
1109 6840
1472 2554
2933 6086
1800 2389
9146 6167
7854 8215
9402 9151
9309 3374
8608 4792
2361 6835
8617 5472
2308 1523
2413 1523
4946 120
8100 4601
2188 9346
6014 8522
7980 3163
289 9423
585 5089
2826 107
7285 2726
3431 3182
6178 404
118 3077
2458 2549
5073 1510
7106 4767
2460 9014
1370 4979
1827 7188
8088 5416
563 5685
8705 1610
4065 6050
4766 3629
1016 8790
6440 5637
2962 7862
7594 673
9080 6033
5689 7442
7287 8166
4560 455
620 9150
5658 6709
4961 5942
1503 2097
127 2810
791 7927
6850 3667
2772 3481
5179 153
8484 4606
2492 1601
2668 8454
6882 5581
4013 8581
1591 638
7810 921
5489 5021
2716 8087
4063 7884
3375 2570
2424 3764
7811 5334
1810 672
6053 7561
4085 5808
3956 855
3465 8464
6091 8736
7818 7574
1967 4341
4604 3895
6009 6514
4293 9151
3258 7708
2878 2656
7619 6602
3335 8770
5429 2645
984 2340
5755 4949
3287 3477
7603 6768
3164 531
6759 23
1275 3908
7909 3457
9024 7856
7003 8607
4855 1122
1626 7985
2442 6709
3841 4400
174 7462
2606 1906
1014 7884
356 8491
1396 3638
7630 4310
6720 5252
4152 5559
3508 118
2285 7862
5048 6107
7512 1187
570 9156
5338 6282
4987 3772
4757 4795
6296 5817
7218 4946
4496 8617
2708 5254
1877 8790
8402 2716
5538 4043
8924 4772
5762 1869
4227 4199
1371 6651
8941 7685
1717 6582
5752 2554
5614 5183
1202 9198
7021 6538
8614 2104
3677 9354
426 4072
8649 8958
6077 9233
5867 467
7254 1744
4097 1025
1643 7285
5927 2132
6442 1642
6220 6089
2382 6718
1033 9112
3275 1926
2073 3604
7183 1591
4044 578
3309 1082
4088 8166
8665 8986
3307 3232
4454 5242
6259 6287
5497 6992
3868 1468
9065 2648
5677 4046
6128 497
2866 8451
6705 5927
7146 621
6658 8155
8900 5204
4523 7591
2338 8071
8860 7981
5925 6938
8418 6843
1677 2879
3538 2125
586 42
5754 7110
4112 8339
6186 6287
3915 970
923 9309
5152 4063
1978 8496
675 3713
4014 4248
8530 4795
1227 2622
9387 8333
7345 1346
3546 8053
8107 7630
6729 1626
522 8067
5380 4166
3541 4006
2371 7499
8897 2573
1884 2490
937 9343
3603 3008
5834 8696
1675 1471
4915 5047
1414 625
2342 8581
6046 8085
5181 7024
6228 622
8265 2072
2890 3952
7116 3004
168 2942
809 9211
6634 2195
3295 958
8346 5867
7581 4921
5333 6498
2351 1843
1030 7131
5842 923
6979 6110
1169 19
9042 170
8080 8785
525 2576
1788 3812
3938 4516
3079 3763
775 3209
3560 2648
8141 7694
1181 695
7682 9401
9259 6289
5675 8037
1416 7159
1278 8665
7921 7195
4148 4043
1449 2535
6756 8625
106 6812
7919 2992
4342 4299
1018 4103
1298 2489
3107 9204
816 6942
8792 6138
9475 5614
5681 8748
9330 8137
1893 2915
8627 5851
9499 1406
930 2338
2235 4072
3585 2648
1543 7052
7049 7364
6155 3485
2124 6472
5064 6482
15 5851
4820 3171
3799 3945
607 6179
4440 9502
2274 5637
7564 3440
8237 7086
2717 1251
6526 7161
4864 5537
3188 5231
9153 7639
493 1202
1312 4777
8269 6577
6887 999
2638 1871
6094 9264
8718 4561
7427 7105
6283 5755
4376 7915
478 3750
5724 1380
7527 2338
8587 293
8615 1536
4172 1261
4790 5538
7741 766
2127 752
4573 8269
1672 7098
7765 7089
804 7384
4187 7363
1391 9010
3853 1454
4565 4822
5162 8555
5208 226
505 42
2337 3603
2441 707
52 5024
5509 8302
3450 4735
429 6044
4980 936
5307 7285
5786 7159
2795 9278
1291 8979
3802 5115
600 6178
7454 7337
5314 3111
3592 3972
5027 4803
2973 8213
3231 7026
499 2932
7605 5283
800 7718
2565 6091
3705 9010
6827 6759
6095 2195
7087 361
1194 8401
7721 8748
945 4130
7013 6088
2379 9143
8340 326
4393 134
3396 443
6939 1675
8089 2708
4649 2923
5269 6282
1399 5109
5258 7487
2087 7052
2392 6827
2994 8869
1918 2127
1533 1391
8570 3508
842 6758
8735 2201
994 2607
9471 5156
6573 6602
1727 291
590 2917
8648 8282
5218 6071
7560 23
8564 2467
8149 286
1459 3928
7241 1678
3576 1468
5568 6714
2409 6134
1263 8618
4913 1915
1160 2480
3791 7781
8602 2693
8880 6588
7286 4533
3173 582
7341 5783
1415 588
8802 8727
4878 7782
2694 8104
200 4361
5324 4049
8661 7015
5553 8368
4195 1038
7859 2797
8244 1053
686 2579
3037 7981
1889 3507
5354 1337
8654 3177
7430 3097
2036 6072
4692 7434
5022 8986
8540 4582
4598 3612
2299 4883
6201 5047
1933 7681
3823 4748
3854 5258
1182 9499
627 4633
9210 3974
1873 9042
6818 1820
979 6192
5562 5974
8982 4708
4658 8498
391 7975
5956 5354
3043 2188
6450 4894
9148 4244
972 4611
3492 5727
1832 3004
4696 7241
7613 531
7447 2548
7945 1465
3445 5720
2903 3616
7608 947
3286 7364
4854 7241
8895 8856
2133 2034
5534 3863
4527 3921
3910 6012
8232 3026
9406 3881
6209 8469
3954 6761
7526 4148
2113 5162
3516 6835
8573 5254
8777 5147
1498 255
7798 9143
6969 2225
6993 59
5564 7024
1000 1461
2166 2934
2314 1538
760 8555
8439 1025
254 614
4885 7714
1862 640
3474 7809
6570 5615
235 7747
2479 6328
3584 3764
6826 4928
8734 563
1669 7275
3900 4042
6252 107
645 846
1764 1168
5099 2627
7642 1417
6822 1122
3565 1045
3932 5365
7931 918
8500 3010
7830 387
3367 3881
2071 710
167 1979
6280 1510
3642 1804
2014 4794
9117 5115
1505 4644
195 5942
9334 6089
6640 3107
4407 582
7217 1503
1060 5755
8290 5621
9327 9259
5878 5550
4726 8333
5602 6595
1865 6012
3726 3164
5375 9117
8894 4980
6048 1214
7138 2514
6068 2085
8966 7980
5158 8615
2142 2963
1674 6222
7652 3797
5320 704
4545 6127
1651 6077
2333 7865
2530 3070
6697 5235
3033 8213
3059 4439
2853 939
345 7109
1574 6190
6717 3910
9272 1000
1026 6389
8153 4416
8634 9223
4934 4913
1745 4560
4468 5052
1880 1643
997 5726
4461 2765
1217 1976
7771 1678
8685 7345
2335 9417
4412 4094
8512 2511
3712 4285
6099 8383
4332 7138
6868 7831
7678 111
5250 2166
5746 8630
6834 4795
3523 3050
7542 768
5163 3667
4941 5991
4381 2479
446 228
7978 2400
6866 3111
9273 7914
1341 118
242 116
5855 1232
8899 941
5917 4635
9054 2727
647 9054
3138 574
6671 5927
1057 5619
5148 2785
8357 5942
1994 737
8179 4148
8227 4498
8433 3920
7776 6027
5209 8573
1329 3789
5805 8568
3245 6672
2626 965
1218 7103
5663 4022
5561 8347
53 7650
662 819
7273 3652
5555 2586
3957 4928
5951 7364
2061 8245
3041 6446
9099 8924
8974 7832
9470 2422
2977 9201
6070 1805
1293 4810
2401 4712
1429 6834
6524 3814
4970 4900
233 4345
9165 5542
4295 9479
4497 4289
6119 3032
6453 6062
2838 9146
1253 2413
1096 2824
3876 644
8025 6581
7073 8451
8110 2343
1358 1312
332 4409
9281 306
2386 3194
9394 6777
7197 5158
7170 4941
1284 8378
2812 5537
3222 4085
678 6509
4953 4970
7458 7341
2494 5036
5000 2087
2593 6468
3439 6052
5288 4803
3602 5275
811 356
5871 2037
6568 3393
666 3232
1957 3137
2698 2400
7759 344
1938 399
7300 7454
128 7942
7196 3180
5232 4523
5374 6929
6240 8401
8537 2442
5358 2240
3767 514
9239 760
5745 6289
8626 4412
2892 3463
7128 4080
792 1642
5798 44
7691 6607
7923 2061
3666 1030
7481 15
3117 7931
1237 7443
5631 3390
300 381
9083 5561
1785 6684
7766 4310
8832 8493
3337 7109
1152 9423
5660 7781
338 1109
2459 6110
9432 6250
8304 452
7368 7146
5359 669
2920 1910
1453 9428
1336 6834
6459 1624
6787 6814
7498 2002
4100 7693
4974 7947
2016 4514
4382 1810
7016 2934
9410 8863
7054 4891
3985 6623
5389 63
810 7122
1628 5063
544 5216
1411 2518
1296 9435
4912 1493
34 7160
262 2973
1047 4346
8913 9321
6788 3371
1408 39
6323 3079
1841 3474
1881 8503
8207 7389
1110 8102
349 8866
6650 2719
7664 6807
9449 5658
6585 3477
548 2831
6895 4454
9460 8895
5104 7664
5308 2459
6519 2872
8855 3716
7731 571
5085 126
7669 6526
6025 5804
8257 8614
8918 134
6493 6470
3056 295
6681 3782
2842 6777
5516 1378
6004 4437
6153 1263
8220 8600
1305 4043
3100 7302
6983 4299
2902 439
217 3886
421 286
5383 1467
6056 3306
6487 1675
5121 6280
7569 9392
2759 316
6695 6895
5714 230
5081 8825
3466 5080
4292 3799
3608 9488
6962 9441
155 5538
1634 7619
8719 6194
70 3353
5005 3429
8603 1227
3871 750
7065 5005
1676 5052
7012 8731
8567 1415
4751 4630
2394 305
4394 7645
9062 319
6372 6759
8984 6988
9097 4708
6730 1510
4747 5796
6639 8140
5408 3812
6987 4926
386 6287
7152 5356
2063 3841
981 2965
1264 2243
3811 4488
4270 1014
1818 3728
4273 8199
3780 6089
6892 2208
4842 4049
1395 471
9038 3777
4297 6432
1759 945
508 3463
2710 1278
4275 4644
2659 2228
8914 8265
5279 4337
4521 712
8651 1536
9445 9036
3843 53
6537 8282
3200 4807
3329 8244
4871 5705
2213 6588
7019 766
2229 4757
6755 6153
2794 6080
7656 3033
7736 8295
2323 3053
3271 4416
3135 3263
8038 5015
4251 9240
6944 8982
3060 3531
2705 6622
7261 1628
1594 6068
1792 2535
1646 8166
4558 8528
3413 1931
9351 8734
7894 6127
8851 6956
8916 1693
6269 3791
7904 8986
2206 1162
3993 1842
6686 6053
6661 1805
5312 3025
5078 1408
8840 2243
7225 7411
1950 5014
8635 1792
5946 6474
8504 6526
444 6524
2312 3863
5797 118
732 3972
3153 4708
3149 4358
287 2800
7905 2400
7760 409
4349 1
8969 7559
5838 3870
1659 6786
1019 3881
1156 106
3226 226
5886 6453
6842 3204
248 5463
5229 5416
4149 7160
6951 4588
7934 2358
5438 2053
2502 4878
7788 1289
4833 819
8495 9218
817 5099
9418 3149
4685 2734
363 2708
8363 2942
8409 3201
2349 5186
8273 5562
4321 2710
4317 4620
9123 647
6529 4934
2437 4413
1323 3674
4923 4635
3749 7508
175 7128
5630 8126
8492 2437
1549 3733
2298 7707
7084 1316
6706 5867
4741 4227
1423 6218
1836 1820
3624 9148
4018 629
5453 2037
6952 8602
5414 7645
5574 6167
7825 5235
5617 4842
6936 2236
3071 6844
3114 2962
6375 4103
2961 5896
8313 297
4430 3457
5770 217
8202 44
3013 1453
8049 2860
4280 1415
2138 4807
9154 72
3654 1477
1916 6289
5217 3053
807 6450
3660 9272
9305 4274
1257 7855
3503 4200
5439 444
2521 6868
2611 6969
2248 9239
8147 2659
5740 3353
990 8988
3834 5630
3248 8870
6803 7794
8991 4412
6567 3059
8185 7678
2454 9268
156 600
2649 3843
1697 3934
5672 2797
4316 5208
7240 4094
238 9151
6212 6050
1024 9063
5818 2824
9085 3492
1576 775
5923 675
1385 7069
2041 183
4784 1976
1599 2877
6233 5307
8417 5145
762 8682
9341 2579
547 3763
5345 3649
3169 451
1758 9327
8706 8465
5394 8085
4186 3649
3411 6044
1379 5959
652 1429
2959 8127
4799 6027
1895 276
8769 5450
8069 2769
5966 629
594 4680
8787 5433
4963 1385
7880 4560
2865 4080
1616 8894
5659 6282
5958 5867
3449 8940
7001 7020
4470 5811
4505 5862
841 1994
6548 5927
6162 6443
4695 2626
1868 841
2182 8140
1231 7904
3785 8038
2569 8153
3124 2240
2807 8701
865 9010
5068 7049
6215 9122
4167 1654
6377 2089
8514 1416
3045 2727
6891 8185
3903 8540
1656 7362
5613 2668
2793 2785
6776 1149
9003 438
6170 8575
697 4492
5954 3905
3776 1096
4106 8565
2137 3797
853 7945
1175 6538
8288 42
1671 1634
4812 3502
6229 6085
7386 1430
165 2424
7908 8627
21 5678
449 5036
8407 3353
1526 6077
6369 8769
3994 5534
7964 1859
6241 8953
1079 570
5599 5382
8385 7073
1653 3329
2897 6344
7791 1167
3817 1568
3550 7127
3894 9137
7819 496
1488 8288
1400 3153
2265 1659
6384 7775
5670 9149
5098 1091
5875 2775
8578 1603
109 3481
4846 1218
966 5550
650 8147
8898 8600
8712 2191
8795 9499
7704 2608
7769 1841
8090 4440
5177 1576
6702 346
6243 7736
4629 2510
6437 4871
3940 3556
5306 491
6424 6358
6202 1991
5506 1473
2096 3726
5282 5722
5011 4926
3027 8564
7027 7389
4004 4276
2273 5472
6308 364
5434 274
5575 2128
6819 7384
782 5140
3261 625
1456 7561
4262 547
8299 771
803 5229
7515 1764
5245 3785
8810 5731
2189 1568
706 3337
8933 8770
6967 3764
711 6620
8715 6259
7248 3716
8323 6228
2154 4954
8349 2175
6185 5005
4224 2298
6399 366
1555 6686
636 6059
4135 6587
2735 583
4746 93
1197 7801
713 6482
147 9085
7629 3026
1311 1263
5591 7170
8292 6636
1138 646
5247 6871
1511 1267
3412 8795
3747 8356
5405 6636
8998 1984
8051 3974
2990 5952
8839 7508
927 2994
4645 3095
408 2769
8674 4667
6907 1
5517 2488
4134 1048
2975 3329
2506 6953
4825 6754
4714 5782
1439 322
4151 1449
2121 6967
8655 5109
6357 1385
3121 5923
5532 2274
2430 6089
3941 3767
764 621
9031 5976
2562 9397
9289 8059
2144 6835
8740 8918
4374 6887
3836 8345
5628 2442
4738 1162
2662 1671
3119 8860
4426 7257
7984 7859
3522 6600
3148 8590
5507 1792
5525 3509
5435 8025
9147 1
1211 2213
1546 3814
6173 6287
3496 5810
6055 6726
6742 505
7665 53
3377 3196
2655 6056
3829 4453
2282 2655
2497 5591
6097 7629
2930 3876
6403 4310
1381 7146
7686 3158
7935 6418
2186 3997
5290 1317
6550 1920
3342 4295
5623 9394
5273 1599
4024 9146
898 8603
7847 2562
2396 3147
2021 3107
6916 5109
1383 6091
9464 1267
8972 8969
506 5099
8922 4361
2472 6357
4626 1253
6248 3248
8789 9346
6580 9047
7616 2467
1482 6582
6736 5222
8672 2188
688 644
3778 8295
3140 6186
192 8236
6513 8953
5026 3163
7475 5660
962 2694
401 999
6306 5437
8474 7604
6024 9406
3878 2494
7072 3079
8675 2479
788 5678
2857 5270
5703 8308
1808 1343
3671 8211
440 1510
931 3287
7662 28
3336 5489
9433 4244
3018 7300
7484 6524
5050 3046
1137 42
3574 6754
8486 3603
1692 5927
9022 768
4700 7353
1852 3137
4819 1467
4079 3333
2263 6812
1539 446
7958 7664
1795 6766
4742 3945
9144 2698
3014 4771
5378 9363
7924 9058
9368 6951
5234 3026
3860 7865
8560 827
7264 6427
4829 571
8574 2189
5638 853
2610 8909
2978 1519
7866 6037
3837 553
7388 8451
9422 6403
4481 7128
13 5727
8470 6787
173 3169
7274 6190
8016 1718
5968 1370
6708 3898
2109 3996
6576 6391
568 6432
4189 8041
1650 8785
9405 5613
1798 5578
7612 8067
6330 5510
5139 9151
3554 8634
3529 1968
1990 3501
5935 3286
1216 5619
7592 6588
6219 6889
4966 9450
3403 2315
6763 2607
4419 8887
7466 2392
5713 9470
7600 1042
7005 5203
3497 6513
5105 5782
4131 4321
6696 421
892 5548
4664 8575
7297 6282
3614 2988
7963 923
5461 2484
3715 4429
9026 7982
281 5775
5579 351
7074 6306
606 6466
6247 3509
2163 7924
7979 7781
57 6312
8772 3107
4483 5410
7268 4743
1577 7553
33 1144
8444 574
9021 1218
60 4649
6593 83
6001 574
1118 7924
2450 1218
6388 346
4038 1635
6412 3928
2737 5958
1229 7608
5479 1764
6373 4807
6855 8038
5684 149
4150 6855
1209 9366
8421 8476
1428 8181
1541 8292
2059 5164
2561 3209
3520 4832
2131 5000
7312 3523
2376 4934
1529 621
7480 4317
7534 7510
5044 1217
4605 6866
5715 4966
5539 1414
4693 8307
9416 5781
2399 8486
124 6806
8919 1632
5090 4945
3131 9383
2146 7276
8280 6766
8960 1907
1322 3149
397 652
7545 3529
4917 4561
5759 4620
2095 6411
2011 586
5427 3921
8711 8940
98 8288
534 2208
5023 9319
899 7443
8364 4097
1872 2208
5240 3529
6273 5619
722 2189
2948 1187
3833 7172
4925 3705
1145 1855
9029 2907
7167 2118
3345 6658
5512 9365
1357 1568
3350 4490
1998 6729
6083 9149
1247 4680
5455 666
4269 2376
4646 1991
5428 5564
579 3880
308 5099
7046 7239
6499 6086
7961 3400
2685 200
6753 4007
2953 3672
727 4022
3617 8839
2674 4740
4344 8600
4108 9148
6485 9368
8388 351
5093 1156
1280 6344
6255 6119
4040 9302
9458 6085
341 9218
1911 4740
29 3750
8057 440
6477 9048
6653 8682
5569 8840
9282 7632
7720 3608
2583 2726
1121 3050
4721 3376
2241 2887
7687 493
7599 2073
793 7971
6067 8887
3787 6167
8009 7957
7806 7773
3851 6301
4522 6774
4813 8544
649 8841
1123 3938
5833 6384
4758 4523
2275 4871
9382 5147
464 7933
6256 1460
5843 9197
89 4926
4111 363
561 361
783 3445
8964 2655
5744 1967
1351 6939
1874 1957
6583 8908
9219 7073
4474 5798
3555 6283
2416 5255
2581 254
2107 4065
2427 8735
5260 3188
4464 5349
991 8157
7117 1958
1834 6080
1413 7859
1113 7257
8943 3523
7078 1024
4435 2454
5609 7074
7815 1964
1319 6357
2167 8451
1667 8493
2079 5439
7995 5966
1527 7815
4489 2454
4568 6975
6051 1048
2888 2824
4110 3059
3227 5282
9216 3113
7130 4038
1821 8635
9494 3561
9175 6755
4370 172
4869 2948
2754 5344
8365 388
9400 4337
3120 2870
912 4812
504 4498
1469 2977
5984 5051
7989 2424
1537 6951
6770 6834
8944 5875
1520 5078
257 8454
5735 5275
847 5258
7872 7508
9226 522
8817 4470
4674 2073
7772 4341
3408 7196
1662 570
5793 5555
5475 1430
1476 6019
198 1358
4638 8966
1146 3785
7284 2611
6294 9318
7228 8565
1999 5923
993 8345
458 8244
4978 226
3589 9330
2646 5350
1742 8860
9276 3027
1028 7048
1981 8790
8750 1267
7601 1358
9300 6233
4449 9321
5220 8496
6670 19
7058 3516
7344 1952
770 4792
6000 6891
8847 9464
4390 1348
767 5804
3949 522
7010 3908
5430 6786
4384 6890
3237 6581
41 2011
5493 2265
7474 4049
8534 7170
1892 7447
2760 3306
7876 8555
5680 2472
6663 7945
9313 6718
5585 3037
3011 7498
7320 2672
3690 3413
2286 2062
1532 3032
7739 3666
1905 9001
6113 6133
1142 3661
2808 3166
5947 7682
6590 5109
237 9394
8823 4186
9110 8470
6778 4820
1657 3287
9345 2929
9270 8486
284 8022
5986 2760
1786 2518
1773 8499
6034 9126
2679 8841
4728 764
4462 52
836 2962
1738 2494
6897 8465
7135 6095
2871 6874
6689 1969
6841 52
4010 3171
7906 8533
7614 9428
470 5512
3086 2523
1894 3716
1501 9029
7939 2096
3536 979
9128 1519
8521 2471
9119 1744
9254 8347
5747 1994
742 3461
1908 6151
3678 1191
726 6009
22 9150
8485 72
5936 1162
6492 7819
4910 1358
1022 9153
7638 1503
1819 2337
871 3312
6566 7166
8923 9471
3933 5937
1147 7661
4817 4638
6288 262
8959 3041
6177 4193
1120 3546
1863 6345
4997 1758
900 9346
8389 7481
503 8401
3912 8670
1133 1206
2918 6841
2408 394
3061 6861
182 8495
3348 2710
7373 2826
9130 6907
9301 1482
2153 151
2341 6697
6984 3483
2445 8383
7372 1881
2792 6766
4138 2489
4123 842
9252 466
1955 4971
1924 8546
64 1411
211 1379
8184 6178
7983 34
5528 5936
3980 4110
3665 6841
6902 646
4287 5252
4220 3403
2194 8202
3352 8590
5207 7261
1440 293
3184 8933
919 1476
5490 9492
9362 3981
5197 8388
12 5208
8639 5781
7696 8454
3493 5871
6208 7564
1105 1030
7303 1110
8193 7104
5340 9368
5189 6757
8793 4801
4333 1217
7118 6629
7486 1229
3383 9354
4087 3333
6991 704
8164 8664
8662 4878
6789 8463
7133 6580
5100 4122
3532 7328
425 8762
4406 4200
5199 8564
232 5684
4336 1581
6129 3503
3035 1401
3867 6653
4264 9407
8867 6345
6779 8278
3438 167
6811 5606
2477 8097
1838 2238
7311 1341
2272 8610
5918 6840
5256 1014
3982 1129
7959 7486
6463 8696
8759 4680
8588 2128
2224 3119
4223 5008
4242 6577
4603 6068
3157 1537
9446 9042
4681 3557
3189 3282
3034 5600
8756 5623
2830 6636
1076 7475
6277 2109
736 6384
703 4496
2056 2430
3081 7089
7472 9107
2 8740
5259 6952
3214 188
2927 5692
7579 3488
7524 7009
7852 3722
6771 3214
7898 9175
8677 7642
2246 2091
6976 8090
8074 6696
9288 3764
7418 366
197 8561
207 624
2501 3069
2207 7110
324 8037
4532 622
3619 1523
9168 5316
4081 660
3641 1990
5484 1310
1376 323
3595 1666
2971 4767
2568 3726
5196 3016
6609 5805
877 4040
2829 4199
6643 2890
6941 6761
5524 7169
772 6901
2223 1059
2676 89
8168 8964
3478 409
4694 8903
3739 4063
194 2339
8818 9226
8758 686
5840 919
2092 5651
314 6453
7304 7251
2762 8748
1481 1672
2055 8063
3265 7683
8013 3728
9469 5929
2474 4926
6064 675
637 8533
5633 4332
7108 2392
3446 8537
7646 383
897 8496
5785 9005
6354 6600
4798 5321
6337 7352
7201 936
6300 2646
2551 29
5392 2677
663 4690
8658 4112
7403 1865
7573 7285
7453 4151
2456 6300
7081 4365
4805 5569
969 7276
2010 2829
6918 7783
3326 6199
411 3411
778 4358
8170 3008
4141 2744
3105 4747
1205 1411
4190 1738
8987 2063
5588 8608
8268 3155
8632 2656
2279 8100
7242 7676
2139 5051
7767 6280
1126 1024
7570 322
5967 5948
6278 4141
367 332
7795 2061
3133 3377
4288 4248
4881 9394
5329 9402
8125 1354
6279 736
4157 6192
3462 1264
4876 8326
8598 6437
4727 5100
520 5203
4504 1958
3544 5252
5919 1999
863 7481
4849 4674
3207 1275
6549 6706
7348 8407
6722 6577
8297 4974
1787 110
6831 1689
6073 5375
2475 7652
9438 9036
1332 4321
2661 9344
864 2378
3302 6032
6126 7847
1815 800
2499 5538
4387 3033
7234 4910
4232 7286
5501 3529
4691 4735
6635 2314
8948 7999
2524 149
1833 5321
8150 2807
8550 3144
4622 7417
3317 5581
1608 5252
6847 7353
6668 2514
5764 3269
8761 5089
7841 5003
1031 8794
1403 5554
393 5609
8978 604
4906 3479
3278 323
6574 2992
371 990
3609 8697
6421 6354
8980 8292
4661 8785
4021 2248
5802 3958
3866 3982
1858 235
5881 3163
4367 2822
4627 5615
405 7373
2752 1145
43 4186
3370 6513
1878 6761
6525 7632
473 5219
5536 4474
3210 900
1942 8646
2886 9288
6400 3509
2944 216
7464 7905
5719 6510
7349 6467
1909 7731
2029 6273
738 4661
1648 4262
7558 6821
3327 7223
4033 4630
7119 5764
858 5993
2957 2351
6101 6712
1596 8211
3874 1206
3427 4157
5330 6228
4421 1319
265 7592
562 1332
4383 2965
2336 5680
6405 701
8238 1675
2605 8662
2696 8847
1766 5754
6647 1630
4911 2796
2817 4568
1356 4822
3754 5084
3216 8264
946 3365
2686 1587
901 8550
3017 5492
4397 1348
69 8916
3252 5539
3599 2041
7237 3889
4233 6032
9356 82
7210 7806
8124 7089
9241 6939
8755 6892
1394 8288
4484 679
7141 4223
8862 6684
9220 5628
4179 4490
3455 3640
4868 147
2919 5804
7840 5235
5369 3046
87 6788
4642 7425
5292 2087
5988 3163
5644 1824
3090 4784
2684 8164
6741 7188
681 846
5965 6803
7083 2240
2187 1477
279 6684
154 6167
488 3258
385 9175
2348 6895
6652 8793
8819 5877
7378 5562
3738 5244
5053 2323
3646 6712
3673 2950
3648 3958
5331 3843
8638 7159
5341 3981
4816 842
6908 6657
3243 5878
3402 1861
7732 6821
8458 9029
8596 4645
264 2824
1542 4805
9208 3517
6497 9417
1694 2613
9006 8923
8815 7916
2420 2107
9007 7081
2816 542
2691 2537
5066 7794
4093 4714
3953 6209
4428 1406
1901 1895
2980 4295
462 1493
2801 8284
6121 2423
229 408
9350 2812
1749 2371
6565 1745
7325 1908
8209 5051
7977 4101
2507 238
75 4485
6404 7714
5707 7629
4773 2246
4238 7510
2377 9083
7162 231
543 9268
5376 5229
8380 2416
268 5974
4158 5183
8562 9486
9109 173
4389 2962
395 7474
5852 6601
8997 8347
2366 7951
4823 116
4609 217
754 5048
4338 4712
3991 663
1134 3843
8932 8089
2513 8881
5396 8107
8466 2011
2623 1134
8414 5269
3356 8922
2457 4483
648 1296
2126 3138
5979 2879
8796 3221
5157 8794
6527 1636
9017 319
7455 5461
7846 2940
6242 471
932 604
6382 387
1776 6419
839 3957
6528 8470
7932 4846
5961 7613
3628 8365
7509 514
1112 6055
1514 5613
3223 1694
3721 6277
7757 5524
1077 2079
8266 1127
519 6956
4579 7958
7821 6080
5556 9150
7124 6152
6825 4805
2633 5937
6102 3223
852 3953
7954 3994
3080 5554
7059 3512
8945 3628
4610 3252
1684 6071
3005 3268
8014 4200
3806 4712
9326 5862
4557 1396
3351 510
3489 5762
3643 966
5367 2831
5729 4435
595 1204
751 5867
2557 5818
2487 6670
5360 788
5845 2696
6149 1616
7356 5621
8788 9343
2851 6731
7291 2229
4537 1730
5076 8859
8791 7821
2789 7016
8217 4681
334 3928
8501 1232
8768 200
2641 852
7144 8830
7448 5731
3241 1646
2171 7693
6387 6976
353 232
8621 394
7307 2292
7036 6932
4653 1859
1032 5802
4818 5876
3213 7527
5829 9417
2667 7117
6319 5886
1029 3874
9489 3410
859 2341
2093 7732
234 8418
8688 3081
8876 2623
7231 2607
2270 8947
7910 1282
6423 4400
1961 64
3847 8959
1930 5294
2732 7118
3696 2769
3456 3885
5957 7481
8047 2189
6900 4379
4877 3870
4703 4630
4399 7939
1586 147
7360 8610
7143 819
4113 9406
8103 5204
1288 4413
3000 2095
6599 8867
1564 3491
1050 6089
8904 8697
8424 6004
3039 4772
4291 83
8710 381
9236 898
8111 3619
8210 8903
5425 9081
362 2472
9020 602
8515 1202
8106 5204
4434 3785
2555 577
4845 8897
6461 4690
2700 1918
4839 183
4347 242
5531 8016
1068 9025
2601 8737
7343 4527
6914 6294
2880 5480
4259 5482
5194 1020
5750 6722
6479 5048
6124 5782
866 8302
1226 1026
8702 3439
8113 3982
3752 761
3262 2697
218 4208
3873 4157
3744 6300
4591 1931
9473 2545
9482 4065
920 154
3566 128
6919 2378
6108 7311
4036 5342
2064 6702
1904 2181
7541 4470
5753 3237
4914 7694
2750 1558
7730 8540
2539 1894
4211 7560
3078 490
3781 5754
728 4458
392 7223
1418 1280
869 2109
6828 5810
3285 2550
3325 736
3127 2089
2074 992
2461 3619
7060 8247
1972 8755
4422 8842
8525 6562
9293 6834
159 2679
7658 5707
4472 2610
1849 5349
1248 3628
1074 1816
9202 6382
9257 8159
4256 3351
1767 4409
7816 5843
3736 6821
4593 4653
3487 6730
6261 4130
1159 3940
2637 8232
7398 7086
2134 793
4420 75
4230 5791
1125 4200
564 4122
5642 782
5174 8870
7823 8087
1750 6787
6390 819
8569 1920
8837 2471
6098 5935
6445 4514
7839 4784
1733 9020
2591 3778
6307 3745
5732 3523
1041 5288
1255 4590
5895 133
2632 5976
603 504
8778 5480
2741 1798
7928 7612
8144 6467
9071 4784
3260 1264
1598 2627
2774 6900
7338 106
1464 8639
9018 921
9230 8844
3311 1654
2560 7128
7410 6373
1009 7015
3321 188
1778 3712
3681 5553
7351 9406
1522 7466
9215 5623
5281 2137
5276 9137
4985 2804
9140 6813
2418 6527
1515 345
8645 7078
122 4901
550 1512
5558 8630
9092 7046
9491 5338
2989 1869
31 3638
5202 4033
6701 1439
7283 3532
6985 9264
1303 3780
3199 2662
2723 3226
6691 5986
3803 1214
3697 2807
2621 4581
9287 154
4493 2661
535 1311
3409 3158
7595 8302
4841 7357
5102 836
4096 1800
1437 2797
4534 958
1487 8389
6791 778
8132 662
8373 7687
7756 1018
5458 6089
2864 4332
9261 3488
2327 1804
4023 8282
6986 1299
7824 4285
4385 2413
4804 4685
7672 4834
3358 6040
8128 3056
2757 9416
191 3823
3175 218
7864 8706
302 544
3731 3271
76 1728
1036 4158
6469 931
4446 9153
4252 2009
1748 2178
7949 8761
2718 864
6210 5090
1165 1317
8274 970
3683 6024
4126 3336
1402 3734
3577 5186
3951 2535
8745 1351
6394 9020
7035 2109
8583 1879
2481 4531
8410 1318
8094 8686
5686 7024
3883 4274
524 2401
1078 2656
5869 6577
6965 5929
6906 6513
6057 5722
2996 2171
5236 6837
6429 8265
8032 34
5397 1114
7735 8862
4261 703
6006 1463
9483 1961
390 6399
1621 8164
1802 4582
6311 5320
368 2641
5002 3157
7277 5588
3499 8082
4309 8598
1063 1169
4503 3744
1769 8199
3143 2591
1200 2825
9465 75
6888 3991
8502 3285
6285 6064
7100 673
1524 792
7244 5575
1158 2691
5111 6463
2145 1820
5009 3078
6957 1961
4922 7636
2671 4839
4662 3265
3030 4941
5459 4635
6990 2642
5190 8855
4724 2336
909 5182
8442 4338
8642 7739
7295 2555
8889 2028
7028 5048
7849 8813
7770 7169
7519 1343
5776 3228
4041 2298
6264 4033
9103 2156
4957 1539
6066 1895
2048 2871
888 4767
9303 4111
7522 3825
3385 4220
8331 1621
1680 5860
7212 7228
2643 3732
3040 6906
4188 1924
1006 6828
517 3614
2319 7183
9074 89
7514 2549
4032 1911
8018 264
893 3256
3472 6843
4404 7959
7456 8830
5412 6942
6456 3565
9498 3035
2515 5024
4164 4508
4000 2850
3257 7710
456 7054
4290 2868
6343 2348
5545 5504
4207 8074
1458 9330
2585 5680
9444 8847
3434 5005
2517 1024
3130 847
1589 7522
5049 1655
8990 7130
6393 3478
7521 6696
3601 394
6704 2824
2257 8696
1259 4413
5760 5683
8467 6466
4035 1581
9250 7841
1794 1596
2162 1187
6042 1811
5042 3750
2295 6353
844 391
5402 8791
2609 6372
4770 9264
2596 5316
4710 182
682 6051
6958 3536
1462 429
2150 1356
4589 6459
4684 111
4538 5319
1499 6285
7068 5387
9467 2458
1937 1109
6325 3474
2140 5804
1609 7195
6408 2737
5973 4233
5171 2719
1747 3667
8653 6037
3066 6098
8461 3483
2443 8295
1540 93
5326 8840
7930 4387
7728 4891
4105 2113
5739 1868
5404 5044
2604 5190
131 2034
5756 491
7142 4284
4809 6057
301 7498
5419 8221
626 918
7452 7595
7132 7775
4156 6403
6877 1048
3887 5377
6332 2888
608 7046
5451 5632
5605 1149
7207 3356
1579 3350
8298 7083
8970 6581
3893 2008
480 8274
4975 1200
4139 4751
2017 5669
7336 5044
9246 7455
8178 3110
1775 6623
5352 6202
8907 6522
1530 1576
9323 7106
6196 2555
7194 653
6449 5976
6563 3077
4552 7003
2234 6730
4764 4295
6552 188
373 338
3768 305
4067 8238
2347 4140
631 1780
723 4416
529 970
4438 165
6207 3789
746 9252
9325 9062
6955 5380
7490 2691
4899 915
8243 168
643 444
6961 7009
6245 8044
6854 8825
6227 2378
1641 5737
5766 1771
7944 6360
5749 7880
1517 7291
1485 5633
8952 5778
1629 2919
6426 1969
1089 1786
8846 40
5421 6834
2161 9494
6402 8974
748 9211
1627 8538
6558 2994
6707 6582
4542 508
2110 7073
8408 3754
5848 5234
769 6528
7233 2917
6284 1976
2359 8514
3419 4914
4672 8600
495 3690
3098 4300
5211 9366
8973 3026
3420 4609
318 4383
8930 2480
7535 513
3607 4894
8911 3130
6638 9024
9098 7048
2218 346
48 1672
3725 2800
342 1780
121 4560
7329 1416
1153 8943
243 4921
7552 2467
3154 1670
908 839
1508 8247
1143 8898
1268 4567
6715 4914
5708 5840
3796 1579
4102 4757
8081 5125
8553 963
5971 5886
7861 2868
5166 4638
4761 5731
26 4681
2972 4922
400 3873
8983 3135
2466 7442
5142 7041
4800 6975
6291 7745
6667 4148
3272 48
8552 2351
8420 7819
3359 9366
1131 2510
7844 1499
3048 197
382 2648
3964 2492
4870 3532
463 5525
2985 7871
7881 1818
6910 7411
8676 1922
2322 5812
3167 2810
2123 3785
7750 7739
225 9150
876 5847
9225 5491
350 98
3254 217
1365 6107
8556 3393
828 2347
6026 3607
6614 1160
5302 769
2756 2458
6455 2109
895 1376
7407 5283
948 1144
4119 5746
950 7388
6920 336
3622 7868
8579 7811
9055 1303
7288 8770
6103 7073
1622 7888
5995 2107
2202 462
4463 7519
6539 604
521 1584
4388 3120
6159 4050
3572 5050
5210 8070
245 5739
3888 9499
2362 587
2713 3466
8390 7857
201 8878
9195 1346
3570 2565
744 3789
2564 5382
3116 9085
406 3782
2809 5556
9207 1255
9118 6311
1685 8940
6299 308
1163 5209
6118 5564
3475 542
7229 7344
4574 6042
1921 4818
3559 2072
1106 1455
4607 2726
5913 6670
3694 4926
5215 6103
953 1127
8030 8947
749 7389
8660 3964
4198 2008
2111 8463
181 334
9002 6588
4831 52
5494 1859
777 7193
3128 3071
664 2718
9360 279
1619 1319
2006 1106
8175 2828
3202 2661
2773 8515
6125 44
108 3949
6316 6358
418 4607
6318 4256
1782 3387
1847 2978
8287 6162
8329 7714
4302 7843
3918 7681
3229 1454
9468 1616
1544 7258
4362 6046
8301 8944
6 2236
5953 3817
6833 8089
68 4429
1124 7118
6211 4453
5608 9208
4559 8084
3259 9273
5119 6233
6422 5344
5272 804
205 2420
129 553
3775 775
2406 443
3042 2989
7366 686
7198 6914
417 8017
798 5787
8667 6124
4132 6466
4600 397
2791 6504
1115 7980
2076 4438
1173 6957
7483 155
3432 7731
6978 9195
9409 1542
925 4858
62 1549
6703 564
8208 626
7828 6429
7022 4494
7037 7521
8694 3478
3281 7773
3923 6467
539 870
5300 451
4086 656
4178 2029
7308 8385
380 7601
7680 2790
1172 3071
2767 2759
176 5190
8002 239
5020 3136
94 3507
5799 4590
2486 9323
2304 8760
1597 852
3790 1981
8589 6976
1412 7676
5385 4158
3580 2502
8929 8617
204 2073
4016 2572
8083 8035
6322 4162
9090 8389
1992 6653
1223 1666
433 1126
1807 8960
5239 8278
9052 2194
8309 1143
1812 8295
1154 6212
1875 5510
8490 3348
7246 1259
5226 9005
3331 9153
5400 7058
6698 8495
7190 4628
1652 6064
3284 990
3929 1564
3217 69
4129 6587
7987 2950
6297 2494
7504 5937
7493 1162
6216 8188
9176 1280
2310 727
8977 8846
9189 5479
3824 3339
5082 3743
2889 3342
4392 4644
4271 3496
6076 8941
8172 2962
3203 2985
1246 2154
6489 4194
3693 2879
8541 3214
849 380
6224 3455
2099 4913
6246 4864
2634 3991
177 7600
617 1579
6204 993
4272 3980
9381 2705
209 1541
5835 6901
2614 4489
7820 5374
2925 7113
4836 4284
6713 9204
8516 1156
5444 607
4011 3847
2051 3841
1349 2940
6674 6709
8048 1503
9108 5014
6465 3488
6039 4390
272 3889
5304 9319
5055 4071
7530 9289
3084 936
5667 2125
1250 3492
3108 5421
5191 577
2578 5692
8912 8132
8663 3918
3304 853
2388 4591
9235 4032
2845 7715
6571 1977
2844 6990
7734 4727
3695 6612
8527 2996
4554 6046
1098 7982
1625 2866
7874 3351
7890 6956
6790 7930
3044 6866
6516 9400
6166 2104
4073 8848
8078 2406
6656 8787
2068 1396
7450 5946
7177 3213
8029 238
6122 3182
7047 6866
8437 6225
3848 8025
7711 449
7025 2340
8156 3207
887 7167
6023 8281
8838 9415
8797 8793
2778 8407
7554 9302
4249 870
8427 1070
7391 9276
8782 4718
1928 6377
9214 5008
2043 4997
398 4953
8927 207
4391 8762
2350 9301
5597 4498
8440 4023
1739 4461
8713 6422
5832 4043
8259 8735
7937 3847
1814 3180
1049 4833
5310 4461
2528 8741
1344 5003
36 2310
4518 6578
4286 4891
5981 9366
2998 1635
5928 5068
2500 1437
6448 8848
8277 2829
4260 5093
7423 1060
6007 3565
1174 5397
4882 3434
5452 3396
6451 6072
6557 1318
881 4969
9503 9130
5870 4195
4235 5251
4570 1045
1307 7166
2647 6220
6784 8983
5010 3304
1934 3836
1117 3964
3055 6722
8609 1710
6534 6650
1741 4110
3742 865
2733 4712
5012 6635
8723 5429
5390 9002
6002 8451
8062 7614
3425 3968
8212 9481
2615 4622
8807 8794
8886 617
4989 2886
1034 4021
1367 3268
8423 8408
2448 8642
605 7975
1148 29
8052 286
4707 8704
329 8211
9186 6979
904 4094
1982 7997
9501 1173
5353 1882
2250 9126
8406 7736
5230 1
5180 93
6860 3180
1746 8284
3651 1433
8543 6833
8774 1026
1753 5479
214 2772
4447 2823
940 7384
773 3916
3950 5321
6324 6416
5122 3445
3320 433
5061 4422
5837 5727
2020 6166
8336 1511
9299 3428
5657 8832
2470 8339
5486 1485
3510 2729
1345 4590
4938 1920
3976 4531
9454 8193
2821 1920
8592 362
8824 6652
6293 4633
4206 190
7272 5484
2411 7398
4240 5497
3581 6519
4396 6440
753 8002
2192 1741
1706 4864
4177 7888
4739 1316
6982 540
4548 3739
2446 7618
3596 7636
5694 440
1171 3497
7477 6941
1903 4956
1703 1546
7482 2830
3826 3317
5996 4868
2680 2977
66 6414
2788 8016
8192 4684
1252 1167
9183 443
447 6312
3761 5967
8230 1346
6326 2985
7723 3728
5718 2737
3239 1717
6488 6803
8360 810
4986 5918
8315 9227
6295 2872
2876 2609
2305 4341
9013 3188
801 2591
7972 5746
6619 443
9440 4276
1783 1400
5228 7098
8954 7452
6946 7757
2908 6861
1940 1745
875 7556
976 8307
5123 454
6481 6835
6781 1952
971 2591
5945 7307
7282 5531
1335 5378
3675 2708
9456 3264
7415 4777
3421 7921
6662 994
6613 6377
6490 1649
7053 6288
3386 2892
4753 2089
2701 923
9247 4921
5960 8495
2255 8088
3621 124
5443 8940
8316 2085
4099 5097
1273 607
7129 5050
8620 8851
7313 8540
885 5791
1483 1471
7543 3450
2869 4393
9442 4285
3831 724
6187 4383
9180 9309
7637 8071
3407 3336
1139 5894
5696 7037
2582 9238
8764 8025
9271 4560
9231 2559
7851 5081
4322 7605
4597 34
3656 3177
3125 499
1196 6103
296 5340
5584 380
3470 1033
6156 3507
7996 7714
7965 5881
2451 640
9379 4565
4410 1742
8557 9018
5709 7312
4268 6185
3093 5528
5322 8174
5092 1206
7870 1318
7673 1278
8594 2347
4160 9490
3139 8674
3914 5991
7485 4748
2491 6595
9332 3812
3753 3282
4759 3503
8946 3712
2375 8793
3709 8634
2846 5968
4502 563
2103 6812
2670 28
6641 1508
6475 1764
3160 7741
4665 7908
6090 1688
5143 9058
6417 6771
3346 8212
7354 9327
5535 6988
1997 5073
282 7192
2026 5217
3159 5480
4615 6134
4636 9002
1362 6786
4017 34
7361 2111
7306 6475
5563 7541
3562 1783
9393 439
7034 1152
6863 7421
2968 397
8419 5965
8060 3186
2148 8796
5043 751
7703 8325
4640 5359
1327 2515
77 2807
4668 1263
4077 4110
6980 6062
6189 2430
90 5713
4856 1804
4811 4254
5879 6751
3786 8172
5286 4561
2567 3325
781 8266
7532 1857
8405 4892
5001 8266
6848 446
835 6340
5741 1473
7800 3069
5413 1267
1441 1196
5016 3924
6922 2287
4219 9047
4214 3216
1561 1505
4797 901
4543 8704
9342 5480
1492 3278
3006 2972
2783 835
5391 5418
9280 1529
7125 969
4929 1488
610 5186
8263 4113
7387 1481
4723 3509
6348 3614
8397 8346
1326 7980
7383 8785
2355 4435
2326 1492
9043 5680
6341 2830
5287 4189
7479 4694
7032 625
5788 2933
7187 1887
668 3731
3525 121
2856 5726
6160 8889
164 2805
700 6200
1256 1168
5661 4640
4838 3674
4137 2615
5665 6405
9307 2456
7746 3475
3471 497
2784 5923
6457 8097
1993 6622
4266 5148
3948 1864
3597 5825
6739 852
6410 6
3308 6803
6547 3541
7222 1646
5168 7926
3398 211
6197 7526
928 6371
6244 5055
4886 953
2478 1875
3804 9344
5697 2550
2024 1962
7120 8706
3405 9287
938 7087
3862 1402
7702 2339
8239 2729
5515 5312
7688 2978
3689 5845
8542 8867
2058 6319
2496 2951
6267 1356
4055 3538
1185 9126
8165 1874
7500 4888
71 6503
7321 2883
7186 697
74 8454
8487 1933
7885 5979
8242 4560
7114 4928
5466 1389
860 1727
5035 9017
9095 9364
5101 912
1850 9305
5567 9147
7401 6634
6392 852
4745 1289
8311 5504
7350 2680
6762 3763
5969 1987
1384 645
422 1120
1552 1659
2600 3656
708 3124
7790 2092
4779 1759
4947 8756
221 5689
7358 7730
5779 6726
5893 1742
5508 8552
7598 525
2520 7915
1709 6506
7615 1118
6008 8316
6551 3787
9457 7772
5883 7767
2405 4656
5654 8972
2247 5689
3821 778
7780 2642
8582 2809
7814 3607
163 5665
5872 7400
8384 595
7465 1024
4993 9017
857 4414
5815 8694
8981 2888
4572 706
9426 7876
4003 6958
4802 7231
5201 7349
1722 9123
7853 7872
502 4589
7256 9342
2173 3213
633 5186
3494 6661
9484 3135
5029 495
8733 8898
2164 3500
4473 293
189 7193
5112 3715
3047 6762
6075 376
4562 6644
8468 621
7850 9219
5853 9280
5668 6770
4471 4751
5460 5538
7289 9346
880 5354
699 1158
9290 732
8456 3374
2715 7458
3505 1749
988 2427
1220 1279
3443 5504
432 5421
3626 8294
796 9437
2373 2990
3417 2842
814 6185
1102 7159
3528 1602
4535 948
7725 6345
2547 1171
460 1
8187 1403
5859 5439
4335 3570
8374 1396
1736 3095
7429 8619
3740 1574
5814 2648
8732 506
7506 8211
5868 5413
3839 888
7907 9422
206 3894
7805 1669
2574 447
7892 2615
3038 9120
5206 2676
7752 4485
9439 3950
9485 6837
3519 3387
9294 5935
3300 577
9100 7592
7063 2110
1192 3054
2893 5419
2027 15
2921 4743
4788 2672
484 1511
7299 958
1150 5275
9411 912
2176 5254
2067 8748
2316 2526
8699 8878
4587 6331
9046 1229
1521 2110
2803 5510
6013 7037
7156 6843
8098 4966
6646 3974
1308 2127
2504 62
3575 2002
2075 4086
5401 9113
2904 5122
6237 1256
3527 3612
4082 272
7342 4603
3704 4929
8800 5081
8689 6776
1270 2120
333 4535
7886 1786
8010 2499
1164 6499
3925 562
4283 6482
2730 1098
5819 9473
4144 392
7121 1367
716 751
5372 1804
7281 1070
1944 4411
3165 8990
3524 6178
1240 3763
9162 4119
5134 3619
6572 9099
5468 1185
6630 7060
3206 6528
396 1650
5096 649
3354 8981
692 5794
6926 2990
4948 6581
3392 2327
8884 4870
6174 8665
7576 7032
8229 1574
45 9030
2012 4429
756 1016
1825 6221
3882 8795
717 2735
2116 8844
4960 3641
2049 1908
960 1969
6859 9240
8151 653
6865 3051
2928 9197
8507 7816
6997 6377
2519 3561
4136 6330
3582 1818
5120 8933
8338 3622
3537 5516
9335 8512
3515 3522
7940 5492
357 4213
9073 4439
6867 3826
4441 2870
8893 8660
1571 9471
7505 8916
6935 3483
8258 6256
2725 8258
6824 4522
5018 5835
9141 9120
4896 951
6253 582
5473 553
2197 5597
2302 3626
5758 7116
5138 7586
2619 4396
6203 5396
6542 405
3430 867
3322 595
1761 5394
6925 5410
5701 7543
8883 4391
2169 220
6109 2643
4373 8991
3808 4357
8481 8081
1896 2250
1726 5720
6586 711
6407 9483
7165 3427
2814 342
6719 243
2976 2497
4624 7357
1645 3876
8721 8236
5265 7728
805 131
6615 89
1325 7630
2277 5434
2618 6811
130 1841
7473 6402
8510 6006
3142 7949
8136 3778
5274 3851
4828 4069
4702 9332
8833 1892
7778 4213
5982 6714
6398 7526
4744 4285
1774 1036
5590 6577
7359 1522
3530 8109
2707 7418
7495 7905
4058 6353
1221 8463
2738 4131
5363 2131
1489 7725
1314 5929
2147 4345
7789 8338
1989 4069
313 7961
6747 2602
9298 1428
4715 464
8222 4412
4368 2775
2827 8894
8890 5563
4083 4691
2384 5870
5743 4409
5107 2788
481 7087
3659 3035
269 1019
6687 9209
802 4227
3162 7072
4334 1652
4880 7782
2836 6070
2170 8431
3706 8713
2630 1214
1829 5444
3314 7777
975 5531
5704 2897
2003 1963
518 8560
6655 8200
8801 1158
9295 750
5289 1006
7006 4317
3798 3898
5955 3646
4507 8899
5624 1218
8319 2248
203 9235
2999 3163
4066 3956
1876 8277
6235 3177
7657 817
1107 2607
4443 5479
6749 8014
3176 3010
5457 6162
9500 5190
3521 7141
3813 6009
3315 4149
7952 858
7968 1968
6911 7880
9374 6527
7938 5300
6775 5004
8921 2096
277 3226
2640 539
9431 7288
9011 286
4201 4391
6594 8100
8671 7341
601 9017
6621 5178
8076 3090
8666 679
6087 5144
5351 8360
2758 44
35 5869
2328 4654
4360 3450
2912 5652
1195 1674
3218 4088
1340 8644
3922 805
8738 26
6915 2073
3830 2953
6852 1429
670 2131
5978 6929
5693 5076
7385 3309
6302 9381
3688 4740
7211 4590
4631 8402
7075 8347
246 6731
249 7600
8742 2551
3549 106
1638 4889
6532 306
8108 6121
1235 6002
3283 8736
3076 8098
6137 7977
3906 2883
317 9281
526 9108
2770 3524
2839 3686
6329 2274
1681 3537
4303 3572
7445 7281
4893 7256
6349 6247
7813 2729
4171 7821
2625 4370
6879 268
4250 4429
5271 5919
9072 9256
2894 5196
3645 6162
4905 1471
2209 7289
567 7074
7393 8199
7376 6691
5065 3392
4752 3527
1817 8552
6579 3319
6281 8946
5481 4126
7270 7747
7758 9201
9104 3634
3506 1340
2970 2940
424 7642
4706 1918
6750 9071
5916 1162
8043 2573
1073 5632
7877 6593
3907 8758
7829 3731
5806 2506
1960 1748
6973 6295
7529 7954
4329 1843
7533 4803
1679 8705
5647 6671
1292 1911
7449 7966
4884 5418
6693 9433
9068 7996
5155 2166
3939 1645
4457 5635
3126 1546
6728 376
2740 3281
3989 4308
7435 3624
6999 4050
6553 8491
4729 6726
2813 1459
7826 5273
8403 7248
6949 5608
3068 2591
1731 9055
566 344
968 2339
1306 4970
423 497
1582 839
186 2672
2852 9446
1071 7487
5447 9081
103 5356
9116 7531
7265 3612
1765 8085
4648 3005
2818 2523
3063 4393
1956 9263
1294 5880
4245 760
4045 7798
1891 5394
3605 5119
3846 7037
6727 8174
273 3893
4294 7049
3094 1758
4950 965
3001 8065
3023 8482
8820 3638
3378 4017
2644 4322
9266 7641
7431 6650
2435 281
453 7983
3926 2775
2913 3080
5086 8136
3101 7035
7546 2471
4355 2304
8160 134
6336 2138
1912 7485
1361 3245
3104 5254
2249 5190
6376 2337
1735 6220
3637 8287
8586 8618
4732 6384
743 4132
7895 1676
9056 7234
5902 3199
1339 2902
2955 9098
4687 5271
2001 1479
132 7732
3215 462
8146 344
2945 8801
2712 984
8320 2600
2724 7847
4852 544
8462 463
1084 9401
1618 4989
3092 4521
1705 6294
1040 9287
3684 6190
5446 110
4296 1278
8296 3429
2673 8617
5441 396
5552 3914
8261 1460
5079 1348
926 724
256 9435
2433 3342
2219 8085
1208 1391
115 508
6794 4410
7205 1610
5263 2878
5060 4752
6251 7681
8004 5951
2899 8889
3973 8311
9389 4511
1495 6857
696 2846
6683 6653
6845 5696
7220 6311
2847 4929
4988 245
5298 5300
1531 5369
5604 7059
6018 7220
2476 8383
5131 4230
7623 9394
9333 3352
4027 1910
8381 8594
2226 8761
5432 5732
1518 2175
9041 827
7271 7968
2848 4067
7538 3443
5445 2315
6913 8473
2799 1920
4666 2645
9459 737
8443 3229
4145 1680
9129 6215
4867 3408
2374 8187
7582 3258
7153 4329
1566 4362
6851 6609
7101 9149
6989 6398
2357 7916
6169 7376
9430 5837
2054 3645
7804 8530
3426 420
3700 8245
2464 3428
4451 7484
5533 3463
7171 7850
2898 672
1793 8108
8438 8483
7365 9488
4774 4269
1404 2630
924 6137
8095 3549
5576 2667
4717 5048
7180 678
4760 6107
5253 7791
4958 8614
873 3428
2665 2359
251 4463
3316 2008
212 8632
315 3901
8073 1278
7045 8188
6592 5918
171 8240
1762 1944
9377 8807
5603 4921
9102 5936
7397 35
7690 7800
838 3010
655 845
9324 3619
6627 8014
3468 7474
2664 9494
9255 5427
2141 329
635 4573
967 3503
4147 3672
3469 737
8367 7736
4403 6967
8951 7760
379 2961
1919 8825
8497 859
8925 5157
1410 5624
2370 6450
8352 1181
1845 7987
4142 7815
5527 7673
7252 2866
5483 5235
5571 308
9297 3266
5038 2904
9133 4710
3416 2933
3379 8481
1813 4702
292 4696
2651 1143
1328 107
8404 6006
7744 8378
7516 7493
5544 8483
6148 60
2952 8157
2417 7677
2699 1628
780 4760
731 306
1397 2225
9480 390
2252 7683
2516 914
6365 9433
51 2596
523 345
4128 937
3273 2296
7433 7745
7033 8038
5889 930
3129 4604
10 5535
683 8229
9237 3245
894 3047
8938 8994
4155 3438
7184 6689
5277 5102
5224 9456
4720 9128
7298 245
1108 5850
6010 1677
5674 8952
8228 4492
8763 3784
9312 424
288 3107
5573 5524
5448 6946
5594 4358
4318 4342
2324 7286
1103 9427
3459 2422
3072 1983
1725 5463
2675 9074
8180 1864
6161 4611
1996 8657
2449 8938
5547 305
8805 9480
7733 6588
202 8974
8028 4158
8139 4949
3534 2223
2045 2845
9049 8894
8513 893
8204 1340
8725 6302
6801 2725
1965 4436
8744 1852
2745 424
6315 6299
2013 8164
6386 5233
4175 1280
8906 5630
9349 8598
2483 6382
92 8082
2217 1150
4791 2127
2407 965
5903 7256
5645 8561
826 4609
755 9095
158 5287
3212 5674
1665 5235
1945 7430
2363 8134
1072 6326
3611 5772
4596 246
1890 9164
3246 1739
1756 6424
5315 6357
4084 5364
6082 3417
1668 8710
3328 4521
3384 6833
3792 4484
4197 6965
8436 9417
2345 4207
4059 1248
3172 5220
7572 9022
1302 529
145 9305
8477 3443
3028 755
9089 3599
6491 2169
7182 5647
5557 6375
6298 4489
1951 4960
4686 8501
9421 946
6043 1379
3395 2170
5748 7687
2050 6419
2331 7861
1230 6828
7700 5557
5809 2298
4996 9427
5728 8284
9395 4344
2546 3693
5634 242
6351 1463
1266 7385
1093 6145
580 8302
7392 1541
85 4548
6347 4070
369 6956
6486 3611
1686 5953
7540 4283
7420 4283
4116 6691
7920 4672
1001 314
6954 3104
959 3451
2931 6976
8628 5222
6081 3634
4125 7594
7631 1552
5972 4928
2129 5708
7202 4362
2332 7870
2019 9364
589 57
3615 8932
6195 1997
5863 5096
3859 4514
9023 8029
896 9374
1249 5670
5146 5008
1975 418
4617 2889
412 5916
8176 2656
1055 644
6517 567
8173 4747
3145 2219
4556 8922
4704 6999
5823 6445
4221 6256
8936 2328
4977 8814
459 686
4736 5126
5399 2468
343 5802
3971 2457
4599 2399
7867 3493
3347 4963
5284 5670
3170 9407
1768 2948
9283 4535
2325 5093
5626 626
2267 4011
7007 460
1085 6994
9152 2479
8724 6497
8449 4691
1274 3497
5034 8407
721 2819
1242 1668
5687 5574
2421 3584
8551 664
1763 7482
5241 1033
4305 8588
1386 872
9234 3310
4737 2819
223 1096
67 8778
5858 3938
6041 2129
1374 5272
2703 2978
6180 8515
3253 5842
56 1454
7588 6609
304 433
96 8345
7381 2521
4253 3628
4205 2716
8698 4461
3193 1263
9253 1184
3708 4103
1664 2851
4311 574
2227 5497
1369 9126
5130 1067
1475 8313
4371 670
6431 7534
6112 937
4326 5823
8888 7906
3807 2486
2364 8724
8432 5090
8831 7175
7699 1415
2465 6847
1700 7239
1932 7499
1615 8982
4903 2218
6767 2581
4847 9435
7179 1906
6454 7121
8011 3162
1474 4037
1377 4389
4781 8957
6820 7273
1393 9364
78 1307
3486 1091
9338 9027
1760 4858
8739 7387
166 8676
8012 6554
8201 5971
6710 9272
8852 5797
4897 9313
6796 4303
5730 415
3730 8013
765 4422
8007 3834
6660 4720
1190 8497
1058 540
4621 9346
5456 5550
6309 9344
9157 1589
2393 7020
538 8723
5682 2186
407 1152
2463 5148
5519 6634
5062 5845
5816 9475
5530 3030
2242 3471
4872 9214
6856 6931
5822 8637
1600 6860
8865 7781
5488 3110
3447 5965
2916 4759
5921 1183
6396 1413
6805 7815
4955 1256
5440 3853
8101 8561
2867 2890
4001 1465
6263 7533
2025 3728
3280 1906
8138 60
4796 6544
1914 7760
2090 695
7018 9450
9232 5583
8283 1316
8348 6821
7953 8977
5565 7025
6909 3269
9034 3333
1387 601
5742 2707
8934 4332
6378 7864
6808 798
7326 9136
3735 5578
2038 48
4185 4989
3029 5923
6733 2236
434 3976
1035 6538
3986 8164
5768 6023
4637 5359
8267 7646
4222 3657
8571 9230
4641 2262
8042 5919
4711 2821
9134 593
88 1214
1285 5538
3720 4152
3075 2923
5998 2243
6995 1306
20 8363
3762 8504
6930 1814
5994 6889
9285 3557
8359 6036
6096 562
7737 8807
419 8757
1560 8080
6520 1124
8314 6883
661 4929
3838 649
6637 2493
671 6916
7606 7975
7309 6652
4074 2224
6140 4827
6885 3516
9185 7241
9069 7256
2956 4737
9016 1714
8854 1467
8441 8324
1870 1371
3795 3260
1017 6898
4173 8844
3052 7924
2666 9354
8241 1096
5339 8018
3373 5871
9032 756
2185 2759
9317 5597
1094 6408
4919 3137
4908 4316
3959 2056
5368 3230
9045 531
4659 6513
8234 7957
832 1725
8478 8673
4226 2096
6452 817
7189 2315
331 3010
4056 4137
2221 1706
1486 1208
5999 1934
5505 1030
1027 7112
1450 7947
9019 3203
6420 3139
9412 1030
355 4496
5920 6423
3099 1142
7992 4817
9178 3510
641 6841
6480 1511
7517 1020
2542 7856
5734 7441
4229 5096
2035 1211
49 7804
868 2770
1132 7552
6723 5880
6830 3096
3699 5189
2588 231
7226 2339
8834 5524
8205 1053
1083 2615
3955 8035
1271 3016
9339 5935
815 3605
1559 8173
2004 1518
414 2676
2251 1335
3019 7572
4529 6108
1372 1602
208 6818
2289 4949
3238 188
1013 5946
1179 8805
9404 5562
5725 133
3724 2217
6584 1861
515 1483
8877 6043
5249 4637
8494 2752
1583 8495
4002 1975
2954 4161
8122 7780
4808 8664
5151 1043
2753 490
9466 7756
2264 3592
4930 2684
8783 6446
6792 2812
8999 5100
6617 3690
9139 8977
4515 5609
2833 7372
2508 1581
1751 3026
4525 6596
3937 6448
7625 6897
2356 7485
6972 3895
615 8661
3513 8397
7597 2596
2589 6070
8092 1344
3141 5860
3840 388
1554 1521
6100 2868
4442 4276
719 6646
509 2212
3220 8444
8985 3055
8728 4986
5127 8204
5900 4941
2469 2343
1721 9255
3594 4511
1301 4113
1427 8972
1390 1600
3913 3780
1740 297
4455 8012
9115 1742
9461 3411
7644 2256
2859 2972
483 2523
2136 3592
9184 7142
1228 963
7763 5763
6555 2443
684 6417
4298 7386
143 4674
8429 6609
2271 7156
354 8263
2152 2458
6047 5258
6780 7959
6875 5968
5944 8297
80 397
8251 323
7675 2915
9174 6211
1837 8653
6968 9323
3251 1599
7279 3494
1338 7141
554 4287
6065 5447
3670 4374
3875 1353
7164 9024
833 6264
8559 2502
240 4264
4051 2029
552 7614
38 4516
4234 2546
7374 722
8162 5354
46 7037
6346 1048
5017 3503
6232 6094
5185 4909
3065 7131
6692 2649
3540 5853
7518 5982
7719 8092
7206 2676
7712 7350
4281 1131
8369 4640
9044 1045
9462 6098
2631 8496
8892 7570
5137 3777
8858 7304
3115 1365
9495 9460
8684 3907
2039 7511
2431 615
9414 9287
6496 1292
5169 8246
4614 601
5467 5216
8505 6293
2369 6810
1445 1740
8597 2059
5205 5632
498 7859
6665 7861
6476 2502
4863 3044
5028 7767
1368 788
377 2119
4427 6995
4039 2378
6893 2604
2102 3718
6633 2109
227 5902
1092 9270
1007 2578
6699 7265
7305 9279
8547 6273
2663 3515
1687 229
2044 7074
3613 4303
8130 4993
8873 2336
8033 4129
2135 1756
4098 2133
4 3616
8086 229
3190 666
2983 8815
5336 2471
4153 3212
1245 1151
2159 7276
340 3017
5780 6203
2721 5832
933 7923
9359 2572
2293 7161
8488 8431
2042 4196
3685 5715
6560 6059
3902 782
5922 2761
5983 2562
6849 1568
3579 446
8457 6891
1752 3981
7709 6125
9284 1540
3380 9034
3942 2511
6132 761
8754 3295
8935 2287
5940 5982
1988 6787
7697 5284
8372 8663
729 6127
1407 5819
2404 7367
551 4216
7749 5432
5074 816
8300 2128
7405 6676
598 2514
1207 4726
8387 6794
7634 3603
1324 3337
3987 207
3381 2488
7689 1622
7666 3053
9212 3894
2415 7851
9478 6391
2873 912
7497 8437
9269 243
3087 9256
6886 3127
2592 8583
6605 2555
7653 1404
597 776
4890 4273
1360 6609
7334 4043
5717 3431
2855 7381
6694 8476
4613 3310
6003 7303
5570 2614
328 7478
6876 2565
806 6699
6022 3659
4363 304
8396 4261
6188 5410
1803 6172
2584 8792
5649 4561
4990 5880
7040 8044
3625 8474
4895 2148
8426 8253
2832 5646
8531 1179
3349 2819
4821 4610
3007 6497
6441 1414
7440 8825
1215 5855
3995 6766
3330 8336
7960 1968
285 4164
4469 7863
6406 586
3680 6695
3168 8073
7897 2756
6903 2836
6370 9440
5069 2296
3422 9202
5546 1214
8708 8534
8827 1825
5193 577
4754 7138
7659 3412
1277 2032
7382 8333
5671 3968
843 8833
7079 269
1086 8215
1100 7886
9291 9097
9079 1344
4170 6078
4424 2853
7663 4018
5019 6371
4107 2481
1470 3973
6356 2953
6303 5548
1081 9141
7097 2611
4924 6153
1702 2848
3794 6452
2084 192
9245 2618
8031 1000
6184 4055
7799 8944
2628 1910
312 8507
139 295
4479 4966
2214 1933
1176 3874
8270 244
5135 1408
1695 28
8611 8193
1633 8526
1212 9411
2995 444
1711 3641
3852 2104
6823 5093
6214 6678
6782 2263
9371 4311
6063 2355
8129 7599
8312 8339
2885 4991
4843 5740
8656 7516
1683 7218
2802 7098
1973 3727
5666 6485
4676 8525
8260 8108
2391 5171
8580 3349
5077 2769
1790 3095
1548 765
8729 8329
964 5396
6616 2296
7469 949
3988 6652
4241 5242
1373 4214
9182 2830
5990 7087
8843 804
4168 4703
7071 598
5192 1416
6809 8858
532 2382
3233 9021
642 4187
5407 6614
2974 888
1366 5053
2993 8525
7807 1406
6948 9234
2935 3518
9369 1645
2216 5332
8995 3402
1287 9259
3089 3285
4999 2089
5540 778
5620 1701
8034 8553
50 4597
2453 5818
9138 968
3842 2369
2149 2282
8250 8321
6917 2024
2485 2797
7370 8333
2070 2389
3805 3392
4398 6673
1980 5174
613 3223
4663 6076
8679 8917
9060 4080
298 387
4352 1085
6395 1920
4030 4251
7943 7576
4616 7437
8000 5806
8717 1441
2834 8970
5348 3047
8749 2902
5257 7995
7260 6488
2444 9451
4320 2644
3103 8480
944 1429
4364 2087
6864 8081
4258 4537
7621 4559
1189 8620
6016 792
2728 3611
8593 3885
8687 4233
2624 7545
2204 7337
4814 2920
7889 2713
8056 2465
2943 9053
4785 6062
4343 3006
6258 6823
5431 892
7216 8329
8722 5494
4174 8852
6795 9104
9169 6338
1506 6091
9170 6449
8915 6831
2360 3263
5541 8393
2237 5286
7470 1098
830 6714
2922 5217
516 6212
5904 7254
5997 4152
2303 4781
1331 5101
8214 6945
2022 7953
3274 2951
2046 7069
2105 722
6853 2813
2544 835
1939 6389
4029 8747
5046 723
592 9133
8446 4975
4524 8335
1772 1365
8835 2820
4539 7828
9357 6855
4775 6520
6193 3342
7717 8107
3760 9402
6507 3027
352 1751
6589 4230
5773 2457
8879 912
1698 2950
8219 4629
4682 885
4709 343
4095 5593
7050 5138
4844 4665
1233 9345
3062 5802
6236 525
4657 8104
3756 1783
7611 1960
790 2673
9267 7135
252 4523
384 2504
546 1486
9159 2430
7779 6162
886 2899
3583 15
428 7271
4517 9018
3279 207
8455 5578
1525 3790
5934 5565
7990 4381
6409 7281
4307 3506
795 2340
8317 8848
3719 6637
2766 6065
8306 1665
6458 6095
634 368
7668 177
1432 509
6260 4630
5041 7853
9200 4328
8167 2767
7698 4122
619 2050
6434 6458
677 7603
4263 4241
9340 6759
3679 5097
2098 3716
4793 1280
1170 9457
5655 3419
7674 1975
5243 3692
3444 7504
8652 5745
556 3273
709 3769
4452 2449
961 7983
2936 3336
7238 1503
3610 9501
4104 2189
8955 6787
4182 4855
2689 8608
1611 1851
6937 5069
536 2847
9125 6377
7379 3416
9193 1813
882 3794
1177 1074
2779 8620
7428 7642
2190 9011
7115 1411
8707 7328
7076 115
8045 3422
303 5993
1243 586
7722 4829
7496 8465
7967 7389
6923 4291
5616 6712
4564 2118
837 1053
494 5698
337 3516
6804 7807
3082 6860
2434 3285
7404 1628
299 3524
477 6576
3015 5600
6772 8364
654 2506
3600 7839
8939 4106
7602 93
4898 3392
3788 6761
4787 1987
6654 1407
8075 2206
4865 2772
4448 8618
79 7598
7911 6866
6501 2551
2395 4928
4509 4016
2704 5682
5223 9218
2215 7189
8066 5300
581 428
4495 4451
1723 478
9067 5815
4402 1152
2352 3866
5890 2411
6632 6932
572 1928
720 2646
4203 5329
7713 3502
989 864
4995 8596
1011 6427
9082 7291
6685 4979
6608 444
5154 9022
7436 6267
5067 6932
3664 8966
6106 2095
6038 1887
1300 3127
1496 9074
7566 4481
2158 7903
2629 259
5264 6756
7802 4739
1604 1323
7057 1457
813 2800
3058 313
6981 3428
457 1296
4395 5881
7185 8648
8806 3510
3150 56
1791 6637
6379 2310
6484 407
7899 5434
3766 3413
7236 7207
4634 4309
3606 3612
7085 5706
5549 3700
4218 8105
2875 6477
6136 4166
8020 4760
2512 6125
3773 1346
4625 5794
3242 6705
4866 590
2232 2581
2294 1604
3414 6517
9076 5275
2117 9031
6146 5029
2841 3659
4351 2400
8142 2148
4210 1171
196 238
1565 449
1157 5952
1087 8579
1491 6411
9391 3491
8683 7811
6737 7907
7080 7436
7716 111
4231 2400
7310 8813
7459 853
2960 8315
1660 4996
689 302
1420 5834
2403 6883
565 1062
7269 5544
5907 515
4057 8295
2751 9317
9447 9156
8472 2761
6061 1860
3816 4062
2151 316
6545 9067
7525 1522
8864 3383
9320 4793
3759 6290
9221 661
6649 8537
8767 4198
7950 2322
6368 2490
4931 3051
442 988
8816 4348
441 2721
6171 5085
6924 4016
152 7678
6561 4471
7327 4448
1502 3813
4181 2227
4246 7142
4678 3786
6230 793
1929 4226
4114 3446
2660 1825
8386 8754
3369 796
8641 6923
1545 1650
4935 10
8563 2212
6031 6453
7107 5256
7793 9241
3748 1103
8223 5365
430 597
6141 7683
1516 228
8163 369
6603 8790
8692 3277
6675 4201
5160 7849
714 4129
4183 4845
1452 8273
3437 7137
6079 8316
7670 9036
3021 1925
7917 7839
4576 5204
7577 6525
8850 9117
9135 4169
2571 4442
5857 3595
794 2818
7294 3282
5761 6999
5938 4227
3533 7379
2432 992
6735 3330
1936 8747
2843 5923
3382 4392
5436 510
1547 2430
8422 6391
7948 1842
978 746
6374 8245
8961 181
618 6692
5898 5671
9497 1694
7092 2685
1111 4803
8341 1655
1570 207
5371 3316
3703 4273
16 548
7390 8877
270 8700
7835 6360
2436 57
7155 9376
6115 2623
4401 2508
1899 723
6130 4365
8133 2490
1272 6538
2682 4661
3442 7983
4595 4045
8015 8728
4652 2089
8773 5593
6773 5227
2598 4155
7520 45
8691 5046
5261 7810
3267 56
7339 1982
5899 2836
7044 5644
3022 4097
5901 162
808 6717
6168 1096
7743 1966
3658 3702
3435 2829
1509 8938
3112 9133
559 1983
1888 1924
5906 7291
3857 655
5949 7377
4499 7601
891 4033
2755 5805
7008 6087
9051 1500
1321 6624
1550 3433
3547 4077
161 8110
1398 8078
3801 655
5176 164
3003 5917
8064 3994
4068 5253
3057 6953
6176 6860
6530 2480
7451 5378
2130 3875
6732 316
9388 5536
862 3093
6523 2392
1848 8103
6035 8419
9316 649
4078 9078
6543 1087
6069 5210
9127 2027
5037 4270
3088 8899
1480 515
2495 4934
694 8968
6483 4684
7547 5389
5841 1691
8524 300
7833 3646
5887 8325
7918 5729
1948 688
9429 5385
5821 7135
5824 9234
3480 634
676 6322
5150 3852
4009 6633
4491 7828
3305 1879
5039 5745
5212 2319
1097 504
9496 3339
7082 1172
2297 7540
8826 1414
8518 3166
6206 2398
6011 211
9493 6008
6460 2992
6433 2332
4789 7229
4544 314
8811 8414
3598 4276
2220 2775
2196 7058
7988 9162
1732 5864
7460 1766
1754 3543
2991 98
584 2788
6591 38
7528 7672
7318 7270
5839 2565
7347 2185
797 3991
3332 9383
2941 6451
8971 211
1490 5969
9179 3871
8255 367
8399 7341
787 6267
1054 8627
2536 3941
4806 3508
6276 8944
903 5042
6966 4845
3441 7757
812 3525
7900 6446
6964 1636
5470 6827
6711 2622
4456 5871
140 5441
5465 4861
1567 1416
9088 5829
8344 1539
5464 7479
851 8848
5861 3338
7095 6587
6205 3977
5454 2712
1119 2341
4120 1505
7043 855
7178 1164
7896 5185
2787 8311
9196 8141
178 7303
416 8510
4431 1905
3635 7234
8690 4058
9188 7212
5498 3412
5662 5563
5523 8620
5723 6636
8812 7977
3969 7840
4121 7867
6541 259
4679 4424
6829 4667
359 6203
4584 6796
2687 4365
6974 167
5710 7763
5318 2640
2503 6490
573 7358
7609 4704
4577 8889
219 3120
3191 8298
902 8594
779 2499
8039 7666
2840 6241
5941 2048
8415 5319
1970 2500
2612 8642
1639 6612
4673 852
3869 7038
680 5969
1588 4072
3984 1585
8430 2017
8509 1123
8231 1282
3963 3417
5820 1285
718 8101
2969 4764
4143 265
5422 2611
6473 4438
8050 8651
1355 9024
5888 7274
8398 9282
7319 1402
6305 2927
8027 8922
6628 6389
32 1171
2650 451
5846 3219
7762 8247
1350 4747
5963 5034
2184 1634
1606 6566
4354 4104
5116 5589
7655 7216
1562 8472
25 6819
1575 5410
8286 4400
7259 7864
8135 6372
410 8414
2498 3541
8511 8566
3947 8936
8992 2734
6314 5901
6505 2204
8425 6801
4671 8830
7878 6391
1640 775
8595 2983
7224 9236
576 2713
616 5016
6366 9345
184 3538
5790 8056
6444 231
1447 950
3623 895
4594 3721
4651 7954
5500 4128
5598 5057
6438 1372
557 5425
1388 7405
3185 6640
7136 6583
6564 5547
4314 4915
8506 1408
6950 7703
6020 1972
501 6774
7925 4383
2522 207
8279 9082
4688 8919
1974 456
5103 7046
4826 6713
3152 5599
8681 1795
8119 1036
3288 1714
1382 8595
5474 9270
5653 5186
1334 460
5033 7642
3815 8948
7414 4819
5403 1530
2895 8574
9111 4403
1239 2316
9436 3250
8808 2790
7489 4839
3978 7104
705 4473
5071 564
6664 9127
2964 4274
2714 6096
7901 5454
2380 6336
5361 5805
4146 8153
956 3442
2882 4081
982 298
6352 5799
2939 4335
4513 441
8412 5304
7004 4314
8366 337
609 315
4750 4781
2653 9325
8861 3831
3067 5033
2731 232
4619 6856
3482 6108
7406 265
9077 8220
730 268
4815 545
1104 4885
6618 2708
7768 1994
9274 4628
8093 1328
1696 5274
2749 4490
8036 2236
3397 3446
9121 5772
5520 8062
4902 6983
4054 554
7761 6639
3415 6475
2410 1325
3292 2744
5087 8878
4109 1594
5529 760
3102 5765
1136 5732
3132 7601
5296 1146
9160 9319
8318 9055
1283 4435
9504 3689
5700 2743
1046 2486
4312 7233
4277 90
427 5146
6058 8335
3183 6065
5836 7037
8776 6136
5083 6630
7315 5498
5874 8107
7587 6286
2222 3325
2261 4030
5962 5721
1663 1029
3391 4012
2086 1001
685 3580
7416 4966
5295 2908
5328 5089
9057 6341
2354 5330
6725 197
3372 6121
4981 6449
1478 8280
5513 293
7070 8561
6084 1745
4859 5873
1244 3302
1039 231
3783 3209
2533 7585
3498 5358
5774 2729
8375 2831
7705 835
1943 1277
854 6061
7679 1387
4942 3797
3966 4500
4837 4613
1140 6809
9242 5707
2874 6423
5673 1632
4191 3232
4851 2404
4480 1945
4031 4138
101 2322
1623 2297
8471 5895
8148 4255
7413 8478
8161 5000
5830 5357
3448 1636
5198 4791
7219 6145
2077 7195
6769 2494
9434 8247
1854 8125
7230 2667
99 5376
9228 8426
30 5253
8647 4112
2764 8290
8003 2417
4306 1688
848 9433
1846 7820
9087 6967
7991 6409
4959 5080
2981 6408
3639 9404
3845 6740
2266 1418
789 1591
3224 3993
9035 4521
9158 1602
8197 7666
4202 4642
8189 434
8766 3488
7355 72
8599 3501
469 3177
9413 4537
4555 3948
1309 3613
7583 7965
6182 2916
1886 1081
1569 6703
7492 6897
8891 7978
3999 4126
6610 8053
2529 4821
4994 9465
8585 1030
3827 3432
1737 249
7610 7793
8554 259
3927 7793
8539 1708
91 5250
6464 7772
7471 6786
8780 5577
7513 8425
4550 4507
5980 1751
5285 4540
307 7127
2231 4775
8196 2302
7324 6268
7301 8736
1051 7964
1743 7297
1637 5703
358 5545
7845 2874
8183 1836
9306 4746
9370 6741
8351 938
6894 7041
3388 9107
3247 6566
2317 4434
8703 2134
5914 2978
5543 8480
2108 6419
6940 6187
4776 863
7214 6684
7555 1980
4932 8288
487 139
437 6798
6435 2491
986 7546
5266 6639
1010 8111
5526 635
7891 2409
628 9324
1116 1864
474 8915
8445 1033
6921 7722
5699 419
6869 1873
5184 8764
1923 1418
2599 2223
9455 9250
4432 394
2428 7975
280 6602
1008 2220
7249 1717
702 6075
9084 3283
4319 5131
1090 564
8289 7372
7266 4161
6362 3007
2160 2829
8623 3007
2736 3638
651 9479
7424 1555
8218 9174
8822 9036
3091 498
6872 2850
3290 5368
6074 5436
2199 6202
1949 7006
5214 608
6123 9152
2330 1437
136 8541
2438 3023
507 5024
8395 5830
533 2025
4460 1067
6425 2279
4528 5809
747 2887
7209 6696
2230 5310
8942 1379
3539 6596
6270 7552
1442 9466
7887 8508
5487 6793
2986 8270
7031 9379
5291 7221
3711 4704
8376 7783
7929 5122
3746 6808
1161 5053
9314 9426
3074 7292
2509 2912
7617 5887
8809 3776
6540 6890
4184 6253
5909 8074
4154 3286
9265 2600
3779 2363
818 1162
6716 415
7578 6453
3774 8015
5736 8372
917 3995
2692 1453
6998 5054
7536 2188
267 7027
8115 3273
8612 6186
5648 3733
7792 2045
8882 5256
9132 6164
4048 5890
327 6228
461 3966
1290 451
7255 5253
5640 6091
1673 5621
2023 4279
339 7586
1658 6176
2306 617
8535 5440
7000 4000
8169 4806
3810 3847
7317 570
8143 418
3682 6027
7394 5233
7151 1259
6688 6548
8191 3055
9173 7566
2033 6460
8452 8750
3865 5835
7879 7735
6669 8271
2440 2350
2532 8193
1431 5497
2183 6384
9378 1499
1012 910
7296 9261
8447 1818
5248 5653
2706 7514
8576 2503
18 6279
7784 6109
3484 3714
4689 2933
6413 947
1796 195
5611 4577
4669 3833
6535 9151
5496 3602
119 2700
5136 6531
7099 4942
5792 4081
3249 4147
8068 3991
6144 696
1613 9318
9167 6879
7023 3055
2678 7901
2080 3652
4163 7294
6642 4777
1985 1662
4848 7511
7660 3556
5072 1538
3644 8673
8519 2265
5424 5212
5915 3870
6361 327
591 4140
2005 7209
5133 3481
2473 1415
1946 8909
81 9392
5246 6450
8262 7750
825 3053
3578 795
1435 9002
5045 7211
911 3121
916 122
7628 2233
632 6296
7158 200
6274 4795
144 5942
4763 4502
9222 7516
8829 9298
3205 6922
2720 467
8254 9024
4850 5315
4982 495
8023 962
6734 2836
6415 5890
3571 2866
7808 1919
954 5037
5596 2804
7066 7136
2018 909
2896 7543
8781 638
2987 5867
7039 4589
2000 9056
3049 3893
157 2660
735 7560
7235 2519
148 2406
4875 8277
3962 2040
2052 7132
7974 2954
3919 6128
2301 6096
7314 3915
3289 2496
250 8758
5420 2785
2884 6176
2094 4219
4217 3111
3855 7964
261 8574
3573 7756
5268 2929
8949 1872
3362 754
1101 4732
6385 5799
5826 3025
1573 3830
5521 7701
370 5083
8765 7130
3453 6957
6030 6978
3467 4234
4655 3461
8624 5444
2763 1266
7936 6876
9384 1887
6797 2434
3355 4834
3473 2120
4677 6867
5395 2052
2781 3263
7544 8312
6765 5974
6748 3053
5641 6531
4375 3679
1419 9444
3255 6596
2505 3456
4053 2802
4734 8710
9205 687
7457 406
8350 7483
2905 4880
7476 20
8963 5461
9425 4179
486 3529
6364 6994
5237 8485
3341 7509
1421 837
4519 3679
7213 4253
3835 8615
3394 7298
6310 9001
4940 2962
2115 9469
6785 8295
5856 6818
861 3477
112 9404
9217 1709
2553 2485
7157 2000
2365 3483
4028 9377
6598 7156
6700 4558
4204 1609
9420 4413
8379 2480
7941 2475
1757 8202
4927 7543
224 5109
1556 9446
5566 1859
2967 1554
489 3054
883 6612
6327 4107
2616 6737
2200 8690
9131 6237
9000 8502
7253 9173
4090 2895
6838 4726
6363 292
2168 6660
8391 7678
402 1881
889 9045
3899 869
6462 3995
8746 5269
5831 7231
5664 3772
5032 3501
8046 2639
6800 6217
1954 2569
7204 5696
1902 6312
3828 8194
8291 609
8303 6115
210 7816
8077 8094
7626 147
657 4946
4020 4312
7912 7175
5129 2476
1166 1928
5989 7978
6054 33
7858 62
8965 3465
17 844
1607 4370
7993 5044
821 1100
5882 5377
8435 4802
745 3279
9070 7251
8896 1609
3967 7165
1409 6199
4618 685
3992 8216
8716 437
5495 2902
1729 7408
86 9083
5025 4132
6738 563
146 5766
1037 5054
8171 6100
6746 9486
9372 5945
4716 8911
4964 9289
9229 6456
3630 670
7753 4905
7785 552
2307 6713
8633 5992
5293 9492
275 7929
8362 368
2455 3698
4366 4125
8520 9317
2179 7997
1363 349
8636 8552
7203 155
9292 8151
1088 2767
4247 4411
7111 8961
8606 1293
5091 2380
4933 2278
1276 4297
372 8552
1528 3006
2065 6003
185 2644
2346 3988
2385 7180
2748 3010
7827 9279
7684 8721
4944 8873
8276 2255
3552 1532
3717 4274
4005 5868
4887 3464
6512 1918
922 3284
7648 7608
7549 3789
468 4355
4091 8648
2245 1222
1647 1220
7176 2468
3406 1632
24 3092
8926 4217
7869 2584
4265 9324
1720 7368
6680 9381
3890 2704
8975 9103
7557 1013
9472 3093
3118 5664
8145 7517
2862 5457
8353 7812
2193 6337
2577 8702
1840 4900
3809 1631
9086 7397
7729 7101
5844 1324
5884 7483
693 7960
530 7790
7596 4021
8962 8196
1830 5423
8332 5918
2177 7281
4571 792
1704 7350
5933 2662
7970 4771
3563 4584
5771 3354
1422 9118
6428 6568
8650 7941
4327 5361
5449 818
2595 7701
5690 6465
7163 3105
6029 165
9296 8679
5381 2787
1199 6938
2982 3035
7649 503
1188 3215
2771 8110
2402 6525
8394 7497
5411 845
9403 4086
4026 3963
4444 1738
9275 7192
528 9341
3588 8106
9408 1731
3663 3407
3979 9010
560 7151
213 3913
5751 2722
2658 7953
9059 6209
7102 8388
5347 1332
2947 2539
3535 6772
4034 3809
8459 2081
6832 3886
365 2090
7797 7873
2683 463
1917 3939
3298 7294
5297 870
475 8024
4356 3762
236 7115
6977 5533
7371 3065
9373 1979
7093 8478
7148 5098
37 7578
5930 93
7883 3874
3240 3290
8584 7847
321 9295
5607 9393
9463 2361
8248 7556
5056 2711
7323 3322
8400 5485
3361 1950
8224 923
3511 198
215 4291
9262 9361
2372 5036
5964 7835
8905 4067
3800 7775
2652 1268
4873 8321
2747 2378
3109 6385
3668 3050
7748 6566
2669 7201
247 8052
7096 3681
5885 8576
2114 4460
263 8819
6836 7862
2849 3160
4512 9360
9171 5193
8517 6836
4237 6872
1755 4117
2320 5241
5393 4297
596 9428
3793 2996
6783 1296
7706 6953
2318 9024
3225 589
763 5145
8529 144
123 6685
4445 3262
8116 7831
6546 5814
4860 6165
55 6004
476 1039
5595 7616
3234 3302
741 7162
7369 4448
3669 9123
957 4354
3931 8840
7692 4853
5688 4378
117 3642
8532 3098
9008 8559
7017 5047
278 2534
9477 5264
8026 2679
6183 1018
8021 8584
569 202
8798 7117
2742 5880
1141 7638
3737 4537
465 4111
2082 4760
5262 7008
1297 6165
6158 6456
283 3332
2387 5666
7412 2623
2798 9434
3276 4182
7837 2154
659 3031
5187 21
7134 579
2426 3604
6597 330
5141 1834
7399 5171
5514 4090
95 4295
3313 2794
2837 395
5813 6650
2525 5494
4380 12
6116 919
4755 1119
7030 4355
4052 1402
6862 3317
611 2830
5789 3572
7250 6953
7245 4323
5656 1414
4547 2115
5170 3570
8054 2401
7147 7116
1809 1911
7094 1048
5388 8662
241 2315
6556 4678
6721 5954
4377 560
3161 5859
4486 5328
4575 922
8695 7696
7727 5039
6380 860
6397 5922
4967 3953
6515 3629
9322 4341
1426 4892
2155 5615
8928 5155
3892 6891
3181 7100
6198 6523
5213 4897
4417 2713
2258 8982
6971 4415
222 5194
1241 129
9251 505
9348 7074
834 600
4643 753
7262 6851
5586 1875
7375 3702
9096 7362
1534 7105
6234 8630
1900 8282
1434 1755
1620 4584
4115 8959
7029 1491
8836 7239
4918 1723
1614 7362
100 7514
2244 4923
3198 577
7331 9287
5386 8587
2311 2584
7836 6544
2543 1811
9114 7227
4124 6751
1178 3205
3002 9103
1617 7405
1856 4708
9101 764
5639 4732
1504 1127
739 5364
102 7031
8989 2209
5313 7282
5113 7628
3083 1637
1853 9458
2253 967
1262 4928
2088 6138
4530 2669
5343 4376
8631 1106
5987 8626
5221 7688
5200 9168
2552 1939
9224 939
1269 6336
448 1222
6928 2207
8121 5864
5317 76
3360 8378
6430 1622
799 7616
3296 5785
7822 4326
2419 6627
7200 8263
667 7141
7055 783
114 9233
3568 8925
9453 3585
8659 531
8872 794
4482 2961
2165 3077
3961 5708
4639 1018
6015 6461
623 8320
389 227
3192 7726
7622 4324
4064 8031
485 694
3975 5310
758 5541
5702 2342
1203 2241
2429 3497
8416 178
5153 2350
5924 8582
2695 8150
6320 6910
482 2986
6257 5981
8428 1166
1563 8583
3707 5534
4563 2504
8322 6345
6436 3034
3366 7353
9474 5764
7882 6644
8799 4971
691 3200
2015 6469
874 4884
1781 7170
4623 7339
4951 6424
8256 6007
612 1920
5970 245
5355 3203
8152 76
5629 2082
9398 9141
1885 499
8206 5489
3586 9111
8475 191
906 1075
5301 5626
4047 2927
3064 4622
4450 1948
3771 3525
4076 3876
4239 2115
2688 5711
4835 4520
4176 2618
1551 2767
1424 745
9385 5076
549 5567
8370 4327
6682 3232
2911 4270
5325 5994
3122 2082
6521 3825
8643 5153
5807 9098
3476 6594
9177 5371
1494 4058
5601 8867
4824 3023
9203 8968
2901 8471
4778 6505
6249 3372
2259 3886
1095 1328
9367 649
5110 7301
5031 4484
1941 4125
7922 965
2397 1965
1330 2295
4304 8459
2881 3831
541 3915
8640 6689
9347 8569
413 8686
511 5353
665 7848
9336 3391
1557 5428
3751 6227
6511 5207
6881 7375
3299 7617
4433 886
6559 9433
4952 7321
8131 8173
6839 880
8489 7125
7488 8558
8885 6623
698 4717
7537 87
1304 5934
3291 4905
2739 440
1713 1296
6905 71
5854 5456
8743 3005
4786 3835
6943 3065
5059 2994
8008 8917
3650 214
3156 19
5471 2028
2597 7757
9050 3626
3904 460
3676 7277
7145 7438
3146 606
884 6043
3073 1008
4339 9046
3401 1607
4133 9323
5128 1599
1313 5049
1333 7490
1839 5079
1281 3232
2381 4139
3819 8243
6899 6137
4874 730
4159 2167
4475 737
4536 1645
1443 82
8857 5617
6120 1911
1580 560
3235 6371
1644 5513
4075 7138
6934 2499
9380 1101
9328 2522
7330 7489
3965 4781
7067 6375
1799 3415
9258 1090
84 4109
7620 16
8616 9490
2069 7055
7955 8740
7468 4975
1015 8812
8545 9467
5733 7963
9244 922
8061 5111
8186 5962
8536 8640
5551 215
5346 7412
8771 1488
5691 2817
3495 7767
6745 5545
5943 9060
3303 1964
8720 5460
850 1301
8752 6190
8601 4497
7091 99
2078 459
5165 6245
2239 6044
3036 847
3884 7648
1484 6875
5891 4667
2541 4284
725 3568
179 9020
3911 6741
137 5444
5309 8724
5587 5209
5622 8207
2447 312
1866 2903
6896 9292
7014 4882
6213 3300
6238 1711
2768 5289
7962 402
2057 1421
7208 7620
8182 4710
5426 1748
4840 1869
5610 543
5114 9316
335 3220
4830 1422
907 6406
7503 1016
8523 259
4701 8794
2858 8945
6381 2218
5738 3065
6626 1957
8328 1117
8382 812
3085 2238
1719 8815
6350 592
2575 2492
5075 3152
5118 5849
403 8715
11 2315
6724 832
2556 8740
1186 3665
436 1846
8310 4077
9443 7388
658 5503
890 8123
8371 1094
1405 528
9419 6690
3452 1404
4466 460
7061 4287
4783 3570
8549 4059
4192 1581
5784 9167
7774 4374
141 4341
8845 4345
4408 9052
8678 2164
2291 7226
7395 2918
5409 2259
9311 5747
5908 2917
5801 4713
6752 2801
7088 6538
4962 2518
6960 3707
7647 1174
6092 1788
7502 4684
3134 412
5716 7271
7501 151
8821 4105
6359 5423
6191 1472
9199 8666
1295 5881
2538 8903
2288 8600
8956 2231
8875 2208
8079 7804
2984 444
4585 7170
1734 8430
7607 1098
4730 7398
3844 826
6272 1318
7494 1522
1448 7250
142 2513
7346 5480
3 766
1971 7891
65 2614
6880 3693
7627 7469
4423 7506
6060 2556
9033 9430
7654 2618
3009 3690
943 1956
6959 8486
4089 2568
3897 4506
7764 631
5905 1504
8709 4318
715 95
733 28
2280 6382
7893 697
445 893
6508 5258
3208 2182
3872 8659
4465 6975
9337 6754
6816 5731
8337 786
7463 5607
2924 736
3832 604
1201 545
3123 1499
7986 5654
8901 251
5618 6065
5088 9384
2527 1667
1699 3347
8006 8690
3723 4464
8803 2042
4267 82
7491 5832
9277 4361
3179 6728
1315 3625
7042 4808
5366 8529
5572 9335
935 5655
8572 581
6147 3090
4722 8557
5172 6369
974 3708
1995 4071
5175 6177
7738 129
3301 9477
1064 4805
5939 7603
1342 6148
7247 617
1715 6069
5477 3971
8784 1320
824 7210
1135 5333
8613 4077
8786 8496
2268 5548
5767 7287
6947 1409
1438 3026
4060 3869
5643 3429
6625 2126
6271 451
527 8423
3504 941
3399 931
3864 2418
4541 2736
5188 647
9329 3450
4425 1051
5676 6991
7946 6873
3687 5000
294 4605
3891 8669
5415 6393
58 8894
5502 79
6321 7366
1210 8905
9448 999
9009 365
757 1506
3344 1334
9064 4156
1770 2847
9145 3489
3943 8674
4467 6110
1712 8089
3490 9219
6802 8318
1797 4182
4301 773
4228 149
8342 1881
4675 6321
7754 1951
7426 4521
4972 358
2367 5057
1867 5785
500 182
199 7042
4325 4525
7439 7890
5305 5296
1265 5045
9260 1047
6878 9261
7838 1919
9161 5506
3587 8924
4278 5711
5950 7151
996 8960
3822 2256
1066 539
6117 830
7446 7525
905 8827
6518 6152
5892 1011
6333 7778
3909 9132
6335 7611
8976 6675
4212 1989
7461 9197
4904 5823
7740 9226
6569 7085
2909 4820
2281 7578
4487 341
9358 2321
3990 1190
512 4948
6799 8824
1553 8294
955 4524
3691 3376
3236 209
7267 7149
2122 1670
4127 1070
6970 7000
3935 1099
8434 3064
6764 1028
4331 5678
105 3428
5582 3709
138 694
5323 5344
7643 657
7551 3377
823 8918
1779 2442
8693 2649
9249 1199
5499 5220
6904 2310
4976 6908
856 434
6131 7145
5636 2336
3542 2973
6181 2557
5173 6857
3655 5329
2452 6714
6817 7278
4965 3662
9039 7395
6231 6438
8950 2064
4973 6661
6135 1546
5238 4385
2863 6058
9476 7212
9487 4158
4632 6463
5695 6766
2702 9256
8275 3277
2211 2407
7994 7018
169 3893
2276 451
980 7975
3858 7718
6677 8531
7523 2999
374 2512
4992 3543
2031 563
2566 3538
8272 4667
9105 9200
9375 5887
6500 7955
5132 3098
2997 6570
1286 5022
8920 468
4369 44
2101 2071
9091 5204
878 2448
5827 6529
7956 2476
160 2973
6114 3975
9194 388
7215 8552
2462 3953
7333 2554
8753 1273
5803 873
7695 2296
8377 748
2709 5289
6858 254
7539 5664
1927 753
3620 6212
6142 3530
8330 937
54 5441
1605 6044
2174 7835
2558 3345
1789 8169
5795 6315
1612 2012
7140 1910
5511 5135
4936 3788
2439 7451
2180 2745
1155 8678
8730 1028
2891 49
1513 319
4586 1288
7667 6208
3423 8367
9166 4041
5518 7647
4118 2573
3294 5855
2617 2698
450 5777
7584 9423
2368 8550
973 9343
7507 185
6355 7381
1724 5598
1436 6475
7913 6571
5280 1007
6266 4579
7090 3993
9 4708
1003 9290
4907 1758
4731 5725
8154 4516
7571 1493
5977 157
4762 2859
27 5742
2811 8277
5625 3792
7444 4949
2861 619
6154 8662
1198 5083
2269 4888
6317 3095
7969 4820
8849 2589
2603 2849
2414 1716
8751 957
9390 319
1898 7294
1005 4119
3849 2608
3553 7003
1080 5264
5931 6553
9181 686
7173 797
3404 4484
5911 8707
5612 4083
5030 8421
97 6825
9015 505
3174 8324
1260 6650
6265 3892
7860 1465
7396 2775
2283 6974
5124 1202
435 3072
8450 4674
2143 8017
1023 3476
1897 879
479 8745
2806 8547
3151 1472
2900 7787
3024 565
5195 8559
1844 6926
1777 6294
9452 1097
7263 1953
2926 1180
1784 6552
4756 6399
2746 998
7011 4538
8355 1555
7976 7828
3323 5827
7380 945
6313 2808
8967 2159
290 5357
1590 1457
4215 7989
1707 4343
9396 1989
5712 8420
5398 4044
1425 5844
9213 8427
734 3216
3710 5197
5303 5117
4418 9252
4983 5552
3856 8980
6996 7290
6606 6099
6645 4551
4566 1656
8235 5931
3012 3461
952 896
8605 629
1986 5571
4243 6201
2786 6185
1236 3176
942 7711
7589 3655
5106 4390
4857 3011
1258 2633
3632 4307
1507 5048
2205 2299
6912 480
1193 4410
1065 47
1826 270
310 2039
6049 936
8779 6584
4015 7069
5167 797
5650 7239
6105 5463
913 1485
180 3695
5932 5717
3755 332
3368 6578
9187 5182
7422 1903
2203 590
6111 3413
2482 8823
6254 5197
4330 1024
431 5627
135 892
6631 7219
1883 491
3424 3813
9310 8901
1822 1985
3850 2027
8096 776
3514 4348
985 7424
7199 6364
1219 5007
7671 7888
5161 3956
325 593
7817 7877
3765 1517
5327 1688
1224 63
3970 7003
5679 8161
4549 7020
1359 3147
4608 5514
7123 3275
2300 6155
5926 1511
630 923
3363 5525
3593 2366
9352 1007
9142 308
2047 9192
3741 8094
7409 3298
266 471
7335 2825
929 1746
6815 7007
5159 8892
7332 5280
4501 9492
8726 6782
9163 735
8001 1177
3020 9108
6743 7819
6304 2261
4725 9100
2353 5194
3729 3282
9386 3464
4092 8513
3418 5392
1828 7752
6239 8485
8055 4507
5267 7045
1497 5328
9308 228
347 1530
193 3896
3270 3911
3106 7609
3389 1098
2106 7918
3758 666
5362 9062
4257 2775
7563 8181
7834 2751
6502 2133
9155 7122
8 875
7467 6675
9028 1560
5975 3315
4580 6869
987 5397
5070 4329
3334 8331
7580 5649
7150 2526
4698 4680
7590 4293
2334 244
759 6913
348 8637
2066 3828
4879 1063
2198 1030
4025 8574
4209 230
2580 4043
7316 3008
1061 3952
6383 4393
2260 2942
6292 8686
4313 422
9124 8802
6157 320
5592 8202
1913 3702
5442 873
7322 8206
7565 4673
2966 5113
8040 9257
6005 3686
2290 408
6575 2622
9206 6208
