5109
1847 2259
1044 1847
2449 1847
942 2449
3021 1847
386 1847
744 2259
580 3021
1296 744
4918 942
4075 1296
5053 3021
1375 5053
1453 1847
4758 386
3277 3021
3708 386
4440 4918
1217 4758
3439 1296
3296 3277
1276 386
3364 3439
3433 4075
2137 2449
4806 3433
1337 1217
2564 942
4921 4075
2053 3296
136 4758
1231 1453
1535 1847
1658 4758
2342 1217
5039 4075
63 3433
3835 1535
2635 1847
4495 4921
2051 1658
236 2449
902 4758
4055 1535
597 4921
1983 1296
2432 2259
560 4758
1554 4075
2801 1375
1086 2342
3523 1554
3673 4075
3961 4075
3200 3364
872 5053
3524 3433
1594 3433
2477 3961
5079 3296
667 4075
1653 1658
2819 3200
255 3708
228 2801
3008 560
887 2051
1682 1375
1654 3524
1837 2053
1624 2432
3980 1983
2661 1594
217 3439
3839 2801
4669 1375
1797 2477
4752 1217
4765 1535
1341 1276
4772 1682
1083 1653
964 1337
506 228
249 4669
2619 1296
2123 1624
3642 1654
1639 3835
3836 872
1377 2635
3544 2053
3786 5039
3643 249
1984 3642
48 2801
731 2342
3423 4752
60 2259
2470 255
2907 1837
4017 236
826 2053
2885 942
899 3524
2437 3836
929 63
1016 4758
4680 2619
3853 560
4719 2477
1505 1337
3725 4017
3639 597
1470 3277
2815 4440
449 217
1589 217
3103 826
1832 3639
2678 1682
4641 1231
698 63
2557 48
5073 3296
25 1847
4646 3839
4917 2557
2545 4917
2019 1589
2260 386
131 2545
3792 2053
4437 1983
2816 902
199 2885
2637 1453
2222 580
2829 1016
1116 3839
516 4921
400 1847
707 228
1784 1837
2622 1470
2471 400
2729 1639
5059 4075
2197 4075
4476 1231
339 4765
1590 4017
573 3364
1369 2819
498 5039
886 3961
4307 1044
1782 2819
3436 4772
246 1296
1331 339
5056 4752
3618 886
4886 2051
3883 2019
2638 4921
4096 1654
615 1083
3957 3839
1534 1083
4671 872
2281 3423
1941 1653
4801 4017
4498 4752
2512 5059
347 199
4879 1534
2633 1086
304 3364
4747 3883
4414 1654
4167 3277
4814 3839
2484 4747
553 1331
4504 3296
94 3853
3233 2545
1522 597
868 4096
2404 2829
5042 3836
84 2829
1284 1624
4592 1016
2036 304
2140 1594
4434 573
2544 2815
2977 744
5077 744
2769 236
3038 4476
2311 1941
50 2311
53 4641
1367 4765
4444 2907
1882 4921
3533 4017
4417 4806
4628 872
1657 217
1110 1522
4660 3643
1290 1337
3831 2633
295 1983
2766 48
3678 2470
2393 707
1442 1505
3842 1276
3916 1369
4172 1594
5 1505
1270 2661
447 3839
2675 2829
1311 3725
444 3103
669 1367
1817 4758
3218 5
2493 2432
4277 3980
689 1941
3492 5059
2572 2545
4114 1554
4339 1044
3380 4172
2758 246
1172 1837
1829 4592
422 1535
3581 2260
889 2885
1179 5056
992 1682
660 2819
3424 1172
2104 1535
3967 295
1014 2051
57 3038
1668 4592
4384 2729
248 444
4929 872
5045 4339
5017 1172
1001 1682
714 4592
3727 4440
2442 707
3192 2197
3667 4918
2413 3544
3684 1983
598 94
972 2564
996 4167
1317 2977
1752 4339
1978 400
4887 3423
1695 887
3624 4498
2320 2729
232 1752
180 1044
3243 5077
874 2635
1512 180
3261 1984
250 386
469 4660
394 3792
4425 1179
4553 615
1993 826
3104 199
3554 3104
4029 50
3949 516
2608 2572
3060 1270
1791 3708
515 5
4663 3038
1518 3839
5016 3261
4957 1695
709 1470
4161 1470
546 2449
2111 2197
670 3554
4798 3618
4012 5059
1416 4417
3046 2260
5054 3642
3815 2477
2799 498
4681 2051
3829 3639
4169 2104
4472 3792
641 506
4178 4765
4291 5039
4259 1653
3821 4440
3131 4747
2876 3786
465 4886
903 2815
4192 660
4239 2197
1456 1837
4313 4437
4255 2281
3113 2769
2961 4339
3734 3192
4985 2557
2744 1369
3084 1290
4477 2404
3711 1594
2587 1993
3969 4929
1921 516
4583 5039
4587 1594
2567 1624
3833 3554
2464 744
4994 3038
888 4476
1051 3243
428 4161
2412 1284
808 3815
620 3103
2931 4553
4585 2619
476 4957
2118 1589
680 3523
2983 3103
1786 903
4984 2493
1389 4918
2560 5054
4106 3725
4123 498
1561 1331
3146 1832
2679 2449
1892 5059
647 1512
3465 1290
443 4985
1852 63
3297 929
3209 3667
1896 249
2125 2564
1850 4169
2563 2413
2339 2557
4068 3060
2093 597
813 4313
1914 3084
1430 4255
3075 1270
1962 3424
4644 1375
4836 3380
306 4172
2341 698
4753 680
4975 339
4070 4498
4199 3296
1571 3433
2130 1695
3388 2557
395 2311
4263 1369
551 232
2243 3839
2103 903
2098 1784
3501 2130
2456 1695
2519 2679
1138 4753
1749 3831
530 4681
3081 4263
2030 1389
2767 2019
1289 3060
3672 3786
3246 3296
1848 199
778 3501
3275 1016
684 3815
3993 2259
2928 5042
4373 2393
3427 1534
2169 248
252 4068
4543 2125
4126 1217
4275 4425
2521 2432
2142 3131
3092 731
2021 4437
564 2169
3845 942
2048 1978
692 4801
4467 2320
3160 3727
3472 3423
3048 4255
4570 1276
3475 2449
2837 1682
1410 3424
3797 4126
9 2019
1074 1217
3507 3797
1227 3103
3169 4417
345 3797
35 2907
2366 4921
1409 3786
2394 1369
1355 4628
1610 3492
2952 598
4023 1014
92 1331
432 3672
5083 641
1468 2952
475 2442
1955 3533
2038 3554
3670 4921
3366 3501
2618 4414
1504 4096
2045 1470
976 929
3154 5039
406 1331
2669 4681
3900 131
2790 4628
2410 400
218 1504
4451 2512
1273 1752
5029 4263
4657 4291
4182 564
3174 3113
3568 465
1487 2260
3598 1410
741 3131
4992 3835
1461 2442
2628 2815
583 2675
277 428
4980 394
1700 35
3443 3275
294 709
1288 2819
1948 2876
4561 1589
2892 2816
1072 2635
1097 1270
1871 3673
1721 3957
2232 1110
2784 1658
4692 249
4512 1993
3665 1624
3925 889
5057 887
2755 53
4655 2477
2962 1848
636 2907
333 277
3841 1296
1693 4106
1777 4806
3149 1535
1162 250
3232 2342
4098 3366
2887 1296
753 4495
3422 5056
1981 3678
4841 2140
2780 4167
4854 4680
3446 1777
3926 1097
4519 2931
4269 2790
1792 1270
1082 333
4076 902
4009 3297
2017 3131
3121 1777
2984 1786
3067 3160
866 1978
3298 2169
4863 304
1449 2572
3550 929
1229 4985
1066 3465
4132 2679
3992 1561
480 1290
2173 4169
4409 1290
451 3021
3906 4681
4837 4161
960 232
2420 2885
158 1290
3462 1682
1831 3433
508 1535
3203 3443
2224 3232
3732 5077
1405 1051
4483 1654
1519 3433
3097 1162
1573 660
1869 551
3240 1288
2550 4957
361 3113
5096 4585
44 707
688 3842
2731 5077
205 3160
1318 826
1538 3642
3217 4592
1846 2560
3234 692
2398 3075
3578 3233
1313 294
2922 4161
1618 3475
140 902
2333 3727
678 2961
5050 3906
1753 1284
2392 964
4028 3845
1309 2755
4997 647
1427 2342
3340 1657
3331 4467
1441 3240
323 4425
2530 2780
483 1749
2014 1534
3712 1138
2533 3501
4057 4854
2727 3433
3889 692
1030 813
1353 1817
607 2533
2315 1074
318 597
1037 1317
1781 4587
4362 3678
499 4339
1417 1051
3968 5057
3777 2014
2539 1682
316 1355
4069 3331
4300 515
2673 1409
430 2281
4270 4414
3301 1229
2603 4307
3360 451
2174 3926
1062 3234
3316 2111
4777 3097
2555 5039
4358 1721
267 1072
2039 1892
4102 2243
704 1082
4722 4472
4065 4655
2919 4076
3066 1229
1669 560
3698 4587
3143 4192
4271 2633
4196 1284
4650 422
2868 4985
3367 3992
4349 2679
1827 2224
3812 3154
2525 4069
662 1512
2509 3081
1552 2392
103 4543
2878 4098
1787 2550
783 3021
4281 1590
1201 217
2480 4628
2935 2410
739 3712
2362 5077
3541 1110
4024 3423
2974 2635
2994 2339
5100 4196
829 2103
4539 2622
3302 3331
1762 1941
4614 1377
677 2533
3487 1978
3468 1892
3461 2567
2438 4646
3197 4985
373 63
537 4543
424 1442
2189 972
671 684
4188 3618
1032 607
2568 2093
3580 564
4538 3261
3942 972
1911 35
2808 2232
3921 530
623 1072
4968 1535
4562 4009
179 4132
2980 1519
4624 3507
3860 515
1448 2755
1122 2393
997 4199
1582 1618
524 2051
2138 4929
1393 50
4378 4373
4732 2555
1667 4495
4782 3507
4893 573
1216 1582
4670 1787
1163 3835
4336 2449
4303 5079
2395 1410
1269 1470
1615 4255
299 2045
4979 475
2326 1231
3140 1847
3658 2045
1724 2678
1612 2977
3707 4585
4527 1571
2359 1837
2291 2539
112 4583
227 3422
1833 4592
555 1538
30 4753
602 2545
1379 3992
3108 4583
3011 294
4025 2410
3940 2260
3470 2767
603 3860
3213 4012
1295 1594
1325 48
2548 2173
4227 4106
1091 1409
3857 3967
3196 3067
2357 3246
1004 1470
1989 670
1799 2393
1602 5100
599 3174
745 1989
1972 4992
4164 2907
2131 3968
1875 3581
2945 3940
2444 3725
1038 2935
4653 808
3884 4169
1324 4997
4091 4917
557 2790
445 2395
4214 5059
4088 4614
1238 3967
2491 2311
1370 731
919 447
1154 1270
2541 3501
4740 4504
646 2962
220 3900
3147 3833
2684 2784
1121 1001
735 1972
4972 1896
3313 620
3733 4669
2388 4886
2657 2326
736 4291
4693 3581
5034 1784
3211 1554
2844 3443
291 1317
4041 394
2202 2876
4927 3667
82 2118
4816 1122
4864 2130
3589 2045
16 2587
4630 3439
3799 2525
1961 1518
4184 1852
3480 3423
3376 4624
2287 3465
4820 4362
2046 3642
1450 445
3235 1450
146 3160
3417 3147
226 2470
1202 3624
2601 3367
2428 1083
949 2568
193 5077
1584 2341
3542 997
3576 508
1738 573
4245 2684
281 1072
1514 4259
2918 3174
1250 1487
4411 2548
351 1610
463 2388
3722 1669
1418 3217
273 1154
850 4570
640 2984
3998 4009
3851 4192
1844 1370
1747 4088
3716 1016
3590 741
5078 551
4015 3833
2682 1456
5067 3833
3679 3097
4501 2137
1013 2394
4217 4975
4056 1784
2451 1097
1659 3192
904 469
4901 2684
635 1573
4718 295
2713 4411
4888 2784
2508 2729
2040 4076
3500 4893
3391 3733
1940 4277
2794 2555
2285 3815
918 1091
3534 2362
2008 3316
2634 1276
4031 3643
1539 3048
687 3364
4727 4362
212 1062
4605 3376
3986 689
2841 2125
3621 4527
767 2841
1525 4692
2092 1461
3082 2841
1907 1781
2407 2471
2090 1162
203 1827
4889 3860
4394 4029
2933 2333
4219 573
816 4041
4856 3993
3413 4841
214 1833
3856 2285
4354 4219
31 203
1967 246
2397 2878
4735 5073
148 3658
3854 25
1526 193
951 4336
856 2512
4895 1418
4627 4614
3809 3011
1887 2816
3866 30
713 1659
3787 4863
3387 63
710 4854
2286 3113
4454 2784
4531 3146
1559 4437
2183 1618
3912 2557
302 808
3088 620
3956 4957
863 60
2982 3143
3837 4765
2184 4765
436 872
81 899
2529 2679
2825 4015
4273 524
3489 4219
5003 2438
4287 3436
2870 3684
1927 57
3440 2477
4616 5003
2672 1216
2663 2618
4395 2470
2778 607
3646 670
4249 199
3392 3075
1079 2799
4176 92
467 3831
1688 2051
4209 2407
4689 4065
3051 2410
4262 2512
1319 555
2957 1695
4759 1688
2772 2339
70 3851
2161 3835
4848 3275
3518 3169
1327 1525
1730 1229
3414 677
2330 1288
938 103
2181 3143
802 4009
3606 2544
4094 4758
74 2548
877 4693
1684 2202
2108 1590
2082 249
3176 640
1017 4358
391 4188
2937 3643
613 30
3997 2189
4408 4057
3226 339
4455 4501
1917 1014
4909 5073
825 4777
3714 1038
2373 3792
824 887
507 3092
3155 3906
577 3021
4964 3462
4064 2014
969 2541
3181 635
207 4957
4995 4553
2345 1410
4500 919
4737 4068
1818 583
981 3815
1613 4921
254 4281
298 2222
2406 3468
1272 2555
3751 273
1106 291
303 964
3914 736
3031 3021
1537 2008
3390 2637
4038 613
2450 1777
336 2394
141 336
2645 391
2427 16
409 2564
234 3143
821 972
376 2104
1191 3160
659 2772
142 4336
3847 4820
19 4798
326 555
1213 207
2221 323
762 2682
3528 3523
3289 1871
119 4188
2796 193
628 1442
1796 1972
5058 2366
4846 2221
482 4735
1880 4270
2296 3725
4392 2564
3775 2545
1565 3038
1586 1654
912 4378
587 5057
219 1227
3041 3413
2494 4917
2055 2870
1857 4543
264 4408
955 4980
4385 1848
3416 3038
2505 955
2914 3060
1906 386
3354 872
839 1505
3371 4362
1003 3672
349 430
5082 4893
484 874
1500 1179
3241 1535
4668 4980
3090 3313
649 4454
4615 2678
2044 19
950 4291
4363 2567
3820 3427
1197 3436
3167 647
1576 4455
1407 1453
4191 3489
4458 4291
4704 4411
1617 4864
2939 333
3626 1782
1056 4500
4688 1003
803 2444
5023 3390
4356 1921
4845 1784
2997 2545
3955 3213
4596 2767
1864 4753
1623 919
2970 3424
5008 3856
1299 2727
1321 3580
307 3722
2066 35
4135 2173
3054 475
2290 199
1904 2635
4708 406
2797 2560
4862 2326
2262 778
4709 5073
1415 4929
644 1848
4077 2755
4165 1871
2447 347
591 1869
3347 3149
2005 119
3094 3845
4591 2285
4388 1993
2180 4291
1655 3316
2873 3860
434 2359
2856 2131
3959 964
3572 736
379 4995
4381 546
3198 1519
1063 3147
3464 1327
4433 4732
2446 2672
4988 1777
2306 1864
389 2557
2711 3011
3885 2661
1711 1911
2710 2315
4530 304
435 4879
4778 2622
1346 2794
1298 3181
396 739
879 316
4197 3792
3014 4277
2495 141
80 3075
3742 767
1779 5034
457 2053
1772 1091
4554 1602
622 3390
1516 4287
1656 273
4763 3860
3907 1504
2418 291
837 146
3343 5059
609 2829
5066 1083
1683 1576
1396 1914
3177 2161
3543 4782
4940 1327
3868 1684
1380 4886
4326 2885
2240 553
5107 4615
1524 4583
364 2470
2877 50
4376 969
4868 4056
3588 4596
982 1730
3644 1416
3215 2183
4462 3821
4803 2533
4574 4929
3133 1122
4757 3489
3006 3143
2566 4918
4095 1355
3089 1116
4189 4192
2151 1487
2569 2844
3019 4271
3294 4846
4844 1456
2793 3054
779 745
1855 3103
3373 3084
1334 1355
2649 996
4000 25
596 1684
2175 709
1758 2710
1874 3992
1826 2040
3478 3275
1117 2444
3328 1417
2295 2118
3511 5082
4137 3751
2381 3203
570 1658
2117 2564
3479 960
3242 3598
2632 3392
4971 5042
3494 2521
3109 3301
2263 684
2162 3836
3306 3967
869 2922
3771 3959
4325 141
473 3075
3806 4722
34 577
648 4972
4608 2296
4779 709
408 4968
2774 4161
3826 4782
4634 3742
4589 1683
4880 644
3152 4188
4956 4709
1820 3528
2309 4562
3188 4167
271 4362
3291 942
4577 3215
341 2856
4371 1079
985 1914
1434 3554
4586 4041
572 4553
2897 1669
1593 217
652 4025
4991 2444
977 3433
4536 2137
3680 3140
4576 2111
3093 507
1924 5003
1625 2548
155 2563
5062 2420
3323 602
3448 602
2763 74
4537 1525
138 3511
4183 2118
4035 2180
4676 887
1359 4816
1825 2017
769 2404
3811 572
2074 1682
1574 1500
2176 1924
5101 1442
3938 2645
3073 2509
3312 1844
2991 4339
2453 813
1050 3606
4241 874
1737 1001
1439 1062
4054 2601
1746 4576
1677 2286
2989 9
788 4689
1328 2885
189 298
3928 1030
2409 3644
890 2569
5085 1594
3794 4313
1031 1594
4090 677
957 92
5038 1829
2475 2040
278 4763
296 3883
795 591
3750 3417
161 603
1662 3440
2350 1576
1144 3956
66 4864
3293 4395
765 2933
1490 4169
2075 1318
3171 2784
2757 1565
4311 252
2583 3390
2820 4995
2026 3809
2938 428
251 4888
2883 3051
2402 1571
1096 4727
3053 2413
230 2447
3410 131
4595 4454
4621 622
3697 1561
344 1121
72 2449
1236 457
2056 1747
3596 4992
2924 5057
1113 2769
3870 1370
1046 1792
4724 2632
3229 1847
1577 2778
2089 4676
268 3596
991 3711
1332 3391
518 4634
3765 2682
4405 1290
1147 4056
4826 3446
4902 4759
4645 4902
3434 3041
4039 3169
2032 3323
1133 4605
3166 3242
4237 1106
2687 2176
73 704
3978 4239
1583 4889
67 4848
4317 3440
1588 4709
5076 53
4320 4759
4105 2820
4904 2262
4340 3698
172 2529
195 1393
1023 824
440 640
4808 2873
4008 4763
3050 2952
4322 4455
2606 4326
4200 1296
3539 992
329 2632
793 323
1356 2285
1049 1721
4746 1346
2951 155
317 2961
3615 577
796 5034
4950 1144
36 825
3526 3955
2190 4349
945 2672
3135 4596
1788 3084
2896 2432
2714 2491
590 788
1938 3343
2107 2362
1267 4227
1482 4803
539 3067
545 3373
3892 2819
695 2505
1344 4893
83 361
46 1864
905 839
198 2878
130 4704
1255 391
3625 3938
3924 3550
1643 1818
870 440
3532 2493
4931 83
2022 1711
1245 4888
1835 4031
2013 2444
3329 430
3325 3811
4450 4902
2269 4263
805 1369
4347 4758
101 4722
4874 3542
1342 251
4331 2548
3962 1594
1609 1625
4375 3233
2252 1752
2343 3589
1607 66
4063 1032
3286 1369
1725 1981
1140 739
105 2663
1184 3387
4037 2388
4439 4630
565 3014
4791 731
3875 1072
1979 903
4236 5057
4955 3433
52 1724
1809 218
2629 5078
4983 2175
2996 2056
4231 3711
3394 2412
3095 1121
2941 1539
2831 4055
188 515
3778 2619
4469 3340
4421 2092
4396 689
3288 3392
1193 1753
2062 434
163 344
4284 1940
2316 3464
5105 816
3791 1590
2804 4955
1956 3550
4567 4188
2274 1321
65 3673
4654 870
2902 2793
2760 4217
3208 3643
1467 4681
185 2412
2015 4371
3650 131
2577 3367
2126 3133
2947 4237
2750 731
4896 329
786 82
4315 3067
76 172
1118 92
4811 323
1873 680
3593 2320
1400 2039
4007 4727
1533 598
4193 2456
1368 52
5063 991
3123 1875
2903 4275
3952 4689
3039 4576
994 2661
3258 4587
1515 3461
3168 2407
4707 2530
4647 1096
4870 1407
3400 2645
4251 1074
1087 1749
1209 457
841 2529
1905 4693
1803 1724
1712 1269
2280 1618
1107 498
2646 2989
4804 2841
3 251
4932 555
1858 2075
4618 1827
4107 4469
4301 4184
592 1117
3349 3328
738 2760
1637 1118
4316 3590
4073 4791
1676 4752
471 2572
2944 480
510 2646
979 2393
3270 1415
2148 4193
3818 1593
1793 3470
3182 4577
737 945
3267 3673
1867 4270
4250 424
164 3213
2640 4704
2035 1818
971 1267
3020 856
285 4722
1775 3938
43 252
3649 1313
492 94
1931 2548
1080 4458
2995 5056
2385 4073
809 4615
1141 2727
458 537
2095 3650
3453 5038
4452 1657
4906 2464
21 4472
4509 2873
833 3708
1371 1231
631 4311
2812 1441
3855 3884
442 81
2730 2713
1479 4262
1493 3589
427 1072
1262 2731
4678 3014
2768 4273
4625 3826
4696 4759
3118 251
2178 3296
1743 4396
1178 1262
5081 2684
2122 323
96 4688
4204 3856
1271 969
2943 4069
259 4985
828 3596
4529 795
4470 4245
832 2797
3225 872
4993 3765
3057 5042
873 2240
3418 507
4109 1107
1575 3073
1345 873
674 3440
2304 267
4293 4985
3548 4444
1455 2048
3963 4384
61 212
3633 991
911 2263
1123 2989
1971 2048
2895 400
1819 4772
3675 4315
2003 510
5046 341
4938 4477
4321 4075
2515 2316
777 964
490 1931
2031 3771
1491 2919
1771 2572
4556 1209
3404 2730
2208 1624
2565 2017
2041 1262
3244 4378
1307 646
1104 3354
3372 4956
4897 1504
433 2306
125 5107
3281 2989
1806 3644
2314 899
562 3707
4937 646
4555 826
1980 4091
3617 2816
3583 971
1433 4165
1856 1353
3383 131
4694 1123
3351 4553
4226 3217
723 2240
1701 3275
1828 1353
2344 1637
2588 1874
604 3388
4122 2629
102 515
1283 2731
690 4339
1770 2190
4797 3208
4839 4538
2596 4879
3594 3154
2526 4797
3437 302
1992 3679
4142 2638
1690 4501
901 3297
943 4902
2880 3131
538 1467
4380 5038
2691 695
1431 172
2942 4957
4738 2470
3603 3778
3790 1049
4294 1283
1173 4384
4825 3075
2476 4634
2487 1288
5018 232
2303 4384
4878 3494
2256 2138
4058 5085
417 3281
930 2470
3374 1956
5074 4628
4817 2730
2905 3323
908 484
2725 2887
3744 4035
1889 3166
1942 2633
366 2051
405 3226
2219 2945
1987 4251
794 4955
3321 3323
1511 1514
3619 2541
4866 4142
3944 553
5087 2816
514 2344
1205 4076
685 5016
5080 484
3065 695
4675 687
2692 3811
2842 4644
1280 316
2235 4284
3660 63
3220 4237
338 1701
1861 1972
4700 2447
1081 4196
861 409
2976 338
3515 2744
1240 3031
612 2601
5065 1522
2836 1016
3767 4878
3948 3475
776 1231
3681 2569
1451 4219
2728 3642
5036 2606
1153 4596
3886 2256
693 57
1773 2622
1930 3423
3525 2750
2802 4554
89 902
978 1255
1790 2281
1878 424
747 2870
1244 723
1966 2089
3693 389
91 3433
3227 3133
1443 25
1322 1271
2194 1393
3622 4836
28 1467
1274 3642
1756 2525
1248 3373
847 832
2135 1038
4116 868
1705 969
45 908
1335 4616
3002 1889
1550 4217
721 2174
5052 4737
3663 4182
3891 4376
1189 5067
1710 2339
286 877
3419 2235
3695 2568
4520 4311
661 60
1975 1319
2777 3771
1043 4188
4967 4570
785 2837
2940 977
1736 4106
4838 4904
4312 1987
3923 821
1545 1439
4410 4311
2503 2074
2805 2476
4656 2125
4247 2596
3151 3886
931 1091
4036 3392
2479 3258
4775 4862
3827 4995
2528 2984
2294 1749
4751 5003
2354 3031
703 902
1336 4209
3015 3446
3228 3912
4948 698
881 1887
4698 3680
4875 3081
3720 2291
1390 731
4941 227
1854 3663
410 1416
3567 765
1246 2098
464 2530
4160 3073
567 4806
2516 861
2930 1409
3947 3596
301 1173
1805 3014
4027 3296
4456 1889
2547 888
1601 2130
773 828
2377 1318
319 4037
3691 449
4767 1753
2204 4592
1748 555
718 1342
3964 4707
2929 180
2833 4874
3863 185
1903 1487
1670 4275
1706 1658
2781 2784
2115 3833
1343 3875
1789 2359
3984 2104
4490 1993
3737 442
363 1377
907 4980
2534 3038
4296 2905
2101 938
49 1389
1071 2646
681 1539
2613 919
3327 1967
90 3665
3251 1576
4407 3820
3838 4000
3987 96
3877 3992
3932 185
1054 890
1863 4031
2850 769
1214 3885
2064 572
2498 444
1131 4806
4152 43
4883 2092
3000 3340
4911 2438
2227 887
995 3418
675 4455
672 518
504 2512
3190 2487
2865 25
240 1201
3749 1147
554 74
3637 1784
2419 4197
593 1907
3795 1370
4267 2768
4802 3727
1973 1418
2988 2780
2192 2089
3859 4918
1098 5057
2264 710
1838 1051
2717 4440
1323 4737
3502 3054
47 2509
894 3515
4201 2432
3631 3511
40 1775
3252 2897
97 1288
1444 1217
645 1773
4207 1081
4528 4763
4302 1803
1986 2026
3064 4671
3930 2928
5021 2769
1402 2896
477 4767
2746 2560
3575 4241
2076 2438
3756 4553
528 3376
705 4392
2748 3440
3162 1684
2382 458
3282 1162
334 894
4198 4249
2507 510
4861 2392
1338 2516
5098 4997
712 2902
1970 4861
578 3643
4468 1415
3290 4605
3350 1867
1462 1613
4953 2138
3477 2661
4619 971
4658 1405
2743 185
1633 2508
2352 4284
1285 2557
4485 508
1622 4837
2209 442
2786 205
2789 4836
3043 1431
2827 3932
3259 4176
3148 678
4771 476
4684 228
1698 2555
2459 4802
3739 4553
2486 1217
3157 3544
2913 2903
656 1441
1378 2996
4034 2176
4712 4875
2551 4054
388 1788
4922 3925
1977 2996
3830 866
2154 1669
4187 805
4613 1049
2615 3174
1025 1276
571 2550
2164 2108
4809 4476
32 2533
2109 4371
589 4798
3936 1657
1716 1335
3449 901
2795 3478
3239 3140
5086 3167
1604 3162
1432 74
1102 2181
790 1450
3604 4678
585 4955
4224 3419
2754 813
2826 2442
282 1574
838 119
1126 564
2009 391
2365 4531
3260 475
4691 5036
3238 3297
1764 2286
764 409
170 1050
2110 2098
1376 1154
614 3820
42 570
4127 295
4730 2673
3314 4075
2923 3997
4133 824
2276 3232
862 3439
2283 692
2911 3437
2707 141
1646 2274
4131 3967
984 692
3895 1013
1945 44
1508 3088
3033 4660
1301 4498
4426 2304
770 4164
512 1777
2023 3836
2368 3082
1949 4512
2863 4634
4989 3233
781 1433
5069 2529
2378 3390
2211 4378
116 4007
1881 4114
4632 1863
2228 4988
2012 4094
182 3094
269 2012
4926 3580
2658 3169
3036 3500
1414 3580
3010 712
4764 978
4457 2876
2920 3856
1936 1970
1125 333
1802 537
3505 1721
1437 2919
2033 1906
547 3242
4916 1583
4725 1961
3893 826
3384 161
1916 2228
1103 1123
1055 2393
1810 4864
1065 3777
4145 1173
566 3637
610 4737
3191 1389
1018 4880
429 560
4482 3842
206 4967
1996 3191
4648 4165
1200 1575
4560 984
239 2190
1471 1353
2236 4055
831 4197
1885 2137
4721 217
1185 2449
145 731
2200 4968
4748 3646
5047 3443
3783 2393
2699 254
1035 4200
2016 869
3850 4625
485 4691
2973 779
4431 1594
3385 901
314 1577
3975 4560
1391 3643
4827 4539
2367 193
2210 1289
535 4927
2317 1724
5040 4239
4760 856
3890 3453
2975 1229
1920 4131
258 4932
1 198
3164 3863
1865 2802
1834 1144
2408 4145
2631 2730
2435 4426
4750 3176
1020 4740
5068 277
27 4816
771 1197
4898 2507
2817 206
1045 3942
5012 1062
3977 1512
3814 1087
3263 514
495 996
3724 2530
3445 386
4097 868
4652 170
2289 1123
324 443
4579 5069
3186 3416
64 3461
2231 753
1472 1710
774 2040
4379 2766
3431 81
686 4161
4564 4759
4643 1504
1477 1369
657 323
1143 4897
39 5046
3869 4312
3587 2126
643 4861
1757 4421
5010 5023
4726 1468
1634 1296
3195 783
3254 1522
4243 4529
4890 2373
2099 3986
3362 4730
1702 4070
548 589
1119 366
3755 4634
2462 1332
1192 4476
1094 1594
1645 1079
1076 2352
1352 1847
178 1482
11 4861
59 4767
3808 1355
719 4409
3909 2076
4506 4396
1005 3492
5022 1162
41 1200
815 3494
4393 4107
2986 5101
1381 4653
453 66
401 5065
1718 424
1699 2930
192 422
1502 2640
4666 3589
437 2056
13 4237
4369 1699
1496 3518
2469 1046
4086 3596
187 2808
4620 4652
4891 2447
3309 3847
2253 4414
4286 1525
2855 4757
3307 268
4872 1367
1261 4362
4550 3437
4185 4967
2049 4692
4823 3366
2277 671
2047 5065
3710 3675
2415 187
2520 3890
4842 4076
4900 1344
1075 564
114 4621
461 2427
1868 3795
360 345
1678 1970
3272 338
288 837
639 795
3759 2989
3370 3708
4510 4035
2152 2790
474 3837
2981 3663
830 3244
4487 395
2697 2045
1596 4371
4493 2262
694 4509
5055 1086
629 3722
191 4410
2348 3693
5072 671
2223 545
2426 341
2207 698
3657 1143
600 252
1661 826
29 1046
727 1110
497 597
1517 477
5106 3673
4141 2606
3823 2820
211 1106
2864 514
4784 2519
17 119
4274 1018
3700 4985
3136 5069
1616 1493
4686 1410
2 1867
1897 376
1754 3366
541 1414
4786 4057
885 57
4745 1295
1388 1080
529 4178
55 4152
4484 269
3983 1110
2609 2404
967 3646
706 4380
4348 2634
4264 4646
3009 1147
1132 3146
4111 1273
2492 119
2159 3347
715 1453
5094 329
2538 778
3170 4274
109 3811
1190 2984
1619 1433
4951 4562
1060 3227
2676 3232
2964 4845
1866 1104
4449 5076
4623 2148
1808 3489
2360 3695
1220 1283
2917 997
381 1003
4515 1107
4118 4856
3460 4688
289 4797
1995 1889
1129 2110
4157 42
398 2333
4491 1285
2626 770
2199 1940
980 1819
3498 3856
1383 1757
1042 1799
3210 738
1629 4657
1314 3196
1558 2638
711 2033
3770 3617
5093 3177
1816 3157
763 140
3683 681
4502 2047
2818 2548
1785 3596
2963 498
1703 3875
3224 2277
129 4825
2146 571
3689 1582
1165 3015
128 469
3601 3065
2361 554
4494 3327
3482 119
1632 2075
3042 3845
814 1904
576 3576
274 1482
1403 2208
791 5105
2297 1178
4216 2111
569 3926
1647 4431
2832 3857
4961 4765
1548 2551
2399 1431
244 303
331 2178
486 4354
233 3084
2504 3932
1206 3548
33 434
2847 1504
2217 3859
935 2264
4101 711
3516 643
265 258
1650 1383
481 3021
4059 715
2993 2354
4935 1515
2001 2368
1902 5010
3536 4624
2114 33
811 1576
1109 3177
552 3053
4415 591
1674 4898
1570 2269
4464 3
3971 4906
4306 3791
1729 1989
3867 475
4843 1905
3405 1467
2166 2923
5043 74
4949 1367
1252 2826
3840 2118
1225 3443
4534 4444
4575 2645
2705 1050
3686 3492
5028 2407
749 599
3990 4874
4796 847
2191 2151
3512 1779
4021 248
973 2825
104 545
4665 3354
3614 2294
181 3639
1350 1604
4020 2786
1134 4250
4638 1442
4162 4726
812 3686
3966 391
3308 1583
4463 723
4256 1391
2000 1856
1033 228
4716 905
1413 2944
2787 4530
4761 180
4234 1380
1723 4510
1644 161
2028 4454
857 2309
1872 1393
2834 791
4977 3833
2255 4483
4523 469
4005 2394
632 3010
3269 5067
2112 684
2065 4415
4121 2108
197 2938
1366 2297
4441 2194
1176 3534
1465 96
4508 4483
3788 3734
608 4063
1631 4953
1194 3242
1006 1299
3415 736
2660 4791
4156 1477
633 473
4569 457
699 3797
3087 4875
4280 2541
3471 2345
4335 4012
3399 3440
1169 66
2543 4778
4952 2109
397 3866
382 4490
139 1618
2251 3242
1915 4992
993 394
135 703
2265 4199
3339 447
2310 1178
4399 4897
5011 3765
3973 84
4071 33
752 727
4659 4845
2623 2420
1547 5101
3056 4746
5090 3993
403 4536
4115 4178
4229 3312
4046 3434
3709 1456
2116 443
2213 3275
3645 2730
2156 1669
2203 458
4833 3291
4324 179
1212 821
913 2140
2133 296
3950 4157
392 2028
4246 5094
4960 4758
1751 3436
2340 2235
1300 1921
75 3749
2070 1471
2374 4826
1114 4691
3106 3275
4154 1607
1089 146
1208 4434
4830 1995
523 1143
987 3413
4298 1353
4924 410
144 4379
3743 214
1908 1003
491 4363
5027 1472
1422 4046
4252 3853
1666 2565
2585 3590
4045 593
3074 4577
4867 33
4282 1060
4571 2817
283 692
4958 3213
1957 680
3063 34
2288 2984
2589 2631
742 4277
1860 4753
1884 483
1210 2769
4566 1289
3562 447
702 3148
4345 1610
2182 1924
3052 3267
1242 1975
820 274
4479 4979
875 4663
3069 1748
3607 1782
2485 4771
733 4778
3047 603
3059 1381
2355 3683
3359 60
3696 1123
4723 4624
4050 1914
1642 2924
3130 259
1392 1863
4429 1270
4966 461
5009 4867
4420 4745
4355 995
2242 2865
4600 4259
1567 613
2020 4252
4060 5021
2080 2731
4143 2631
2734 4940
3965 3226
956 4231
3638 4718
2391 141
2860 3294
4978 2118
855 4477
2869 1942
2630 1855
3346 2243
1922 1868
2888 1625
3760 258
3522 1212
3726 660
1901 2924
1029 1658
3083 4384
2271 4988
759 2462
3315 4627
531 3217
2403 1676
502 1802
3632 4380
799 125
2891 3002
4824 2705
728 3749
2424 3400
2134 2834
2574 3312
2562 2658
780 3374
4969 4199
1489 2253
2611 1331
4085 3589
2196 4440
2463 2937
369 2276
4130 2731
1546 3021
4507 285
4701 3234
4963 1300
3432 3722
221 2005
4016 2692
1429 4054
4108 4650
822 1190
4173 4227
4785 890
416 744
4545 21
3165 3543
1486 2378
3591 4660
3549 3270
4134 4909
1715 1236
1363 11
954 3524
2595 4663
582 1416
3970 3883
3538 3567
3369 4909
2215 3720
2218 3246
300 2089
5025 449
1000 2095
321 1743
1717 4585
3741 2368
374 4264
1883 1917
1101 3405
2298 484
1260 3088
4677 3162
4398 2649
4179 930
371 3246
3250 2996
2586 2116
4667 1666
387 1746
169 5062
1836 91
237 60
1253 4077
79 2035
3257 545
4253 2692
3023 824
1497 1044
3905 2190
377 1248
3974 4363
4773 4282
1411 4771
1330 2878
1585 1622
3807 808
3444 4286
3353 4069
1513 61
595 954
1991 3836
2522 84
4858 3986
3172 660
2764 3590
1469 1283
2659 416
4447 2986
2216 2103
2087 780
2254 4721
4419 1647
3784 3601
4163 2837
4203 3094
1859 1858
3206 3047
3540 3404
4254 329
2955 4169
2822 2794
3715 1905
4430 3301
1572 3208
4265 545
1891 4380
4982 1388
241 2228
782 42
4794 2860
1282 3444
2141 987
1918 102
4606 2608
2846 302
2248 885
4702 4608
2668 2471
3101 1970
4599 4024
3731 4431
999 4470
3599 172
842 244
1171 1690
668 4345
2718 405
3647 4388
2536 4094
2328 1820
2139 3130
2369 1802
851 4747
2059 811
4361 2044
3279 3135
2979 3967
2431 4659
2027 2928
2083 4647
3752 3715
1348 1402
533 119
4790 5085
2926 3234
1028 3868
3943 4468
909 3722
5030 1967
1798 3588
2267 2366
2554 3052
3030 4331
479 3418
4445 3797
2513 3963
4743 3064
3300 4160
1485 2986
2683 1441
2302 938
133 674
1412 4798
122 4844
2102 2008
1800 4324
1230 1796
2859 2316
1026 3405
1895 2498
2987 1702
4511 2939
3557 2044
3641 2780
4481 4217
761 1809
4328 2543
1760 2873
2584 4675
775 2360
2966 4758
2500 812
3382 4511
605 3660
1843 2827
1223 1330
4474 4349
229 518
3789 4421
3666 3432
3671 4197
1293 2554
2237 3176
2086 2545
743 3056
5019 1516
1950 1336
2712 4650
876 3366
2745 1586
1199 3975
3408 3101
3381 1244
4446 2705
1399 207
2163 4997
2852 973
3062 1023
4404 3307
2105 3814
2034 4577
1157 2477
906 53
2998 1300
3303 4555
4987 3823
4459 3048
2510 4909
2172 2125
4223 2036
532 4273
1605 1223
1521 4686
4177 4098
1440 4236
3116 2516
261 1352
5064 155
22 4007
4242 1490
4855 587
4990 80
1015 1878
3981 2141
1503 179
3989 949
1523 3750
290 1585
4850 232
2506 4922
5000 4284
4129 4169
4072 1623
4710 3359
4140 1518
2312 300
2129 4307
1541 805
2546 1942
2580 1079
4257 3286
3999 4404
4768 3387
1549 2758
3158 285
3927 718
3774 1450
5031 688
3537 2190
2761 4178
3721 1313
917 1573
3871 288
3861 1262
5006 303
2965 4183
5035 1185
2088 5065
1912 2984
1483 1737
2904 4870
1263 2712
4584 3340
1148 396
415 1875
4213 573
3628 4737
4067 1526
1851 2159
2656 341
1894 3260
2782 3599
4899 2471
3322 1771
4612 3759
3911 4479
4651 3188
1425 1138
4365 3405
3605 90
3045 573
446 718
3248 5062
69 5034
1339 580
3459 4763
313 4918
150 3346
1484 5063
878 4177
3310 4694
4869 3650
3595 102
3183 4141
88 1377
1853 2577
772 1165
2653 4459
380 1809
235 2611
3055 90
3882 1220
2246 2630
519 4229
734 5096
1040 2758
1964 3986
14 825
3804 1336
3692 3346
2886 4236
2234 4160
2999 4073
4181 752
3442 3019
3995 4722
3358 1889
1108 1089
1256 4024
4884 3628
4092 239
3934 4459
325 2163
5020 1903
3037 814
2370 2202
3481 2618
673 4140
3216 437
2909 3823
1963 2141
858 2163
2143 4587
941 3698
3735 158
1713 3799
4783 2216
3003 1380
2329 2743
1849 4659
1763 4878
948 3774
2771 3104
2007 1341
2307 2601
2273 4707
3674 4708
3713 4650
3034 704
1404 4608
3409 4302
160 5043
1569 870
4120 1800
4258 4700
1279 1216
1913 1882
2400 1920
2741 2211
1974 3242
1128 2381
4139 1118
3159 1677
3451 4932
1312 3432
897 1202
4860 4379
2597 3060
3357 2449
1510 1669
4220 935
2783 4816
959 2707
4633 1961
3656 114
3335 593
98 4809
501 4745
3634 3978
3127 2586
4831 1524
3553 1703
936 1966
1239 4178
3447 4325
2732 3884
1254 4109
2671 4245
3102 2539
2908 4109
2482 2923
20 973
784 3316
5007 3130
4465 1314
3762 1128
4158 3399
1426 1293
1759 3759
4697 2774
2483 841
1704 3681
4810 148
1720 3084
1292 4189
3844 4178
3864 2320
4443 1617
2300 1314
3717 1956
708 1280
2969 1079
4244 1489
1360 1634
1012 1192
4043 2538
4222 1715
494 313
2706 5042
4318 3198
3485 3601
4211 4371
3761 4433
4334 4085
806 2774
701 1006
3828 4375
489 4092
1719 3447
4338 1844
2726 4101
2879 3575
561 1756
1665 4932
3411 1267
2925 4534
3702 3583
1671 4097
1219 4707
827 2935
3723 1791
3935 2772
4292 686
2527 4325
3266 125
3330 2138
1120 79
845 1500
1709 668
2185 2092
3441 770
4903 3554
335 2771
1115 4667
1823 791
848 4263
2188 1798
559 1623
4568 4750
4061 1797
2599 1355
2473 3272
448 3554
2921 2533
3896 2022
5005 5031
4323 5085
1998 3288
3341 4249
4148 2140
3994 406
1910 820
3028 1569
3688 1539
500 3658
1473 4077
127 3270
1731 4738
1021 4924
2531 3708
5014 4978
914 1117
3264 3057
3255 1276
4683 21
4714 3679
2305 1409
1247 537
3022 1631
864 1300
3682 2104
3112 2040
1685 4589
1568 4899
2901 2419
4117 69
4756 2732
893 1671
4542 2023
4260 3605
1204 2280
4733 2656
292 4176
4729 5025
352 2550
1452 3710
157 2053
183 1980
4962 1253
3913 2710
1608 825
3379 1907
6 4855
4346 2477
4812 3594
4033 2675
4792 3060
4834 3619
472 3063
3356 3190
1464 1370
3295 866
4460 845
1036 4457
177 4539
3223 193
87 1033
204 457
1445 2288
4578 4203
2517 2887
3202 5022
2452 3220
3117 3360
2018 4414
4705 1400
921 1569
3918 747
71 4098
1009 3695
2579 3973
579 4816
2950 3162
953 2223
4703 1747
2165 684
1932 3208
891 4650
2958 4407
1406 688
4194 4421
4635 1021
3219 945
3193 2750
5049 3131
12 1248
3597 3448
2821 1764
2351 1856
2511 1132
4914 333
3490 4474
2313 1979
5026 3581
3612 2980
4099 535
2639 1632
3428 1327
3336 3675
1652 3614
2171 4768
2912 4197
1935 2415
2372 4396
2244 931
77 4834
3958 1835
4080 747
4959 3218
3299 2217
1651 565
3566 680
574 4725
3455 4135
201 451
725 2351
2893 4408
1673 2152
2839 227
946 3925
2383 4654
4546 1719
642 2782
4079 160
4776 4116
3139 4724
2376 1490
1681 1194
1064 3870
3669 1552
3049 576
279 157
2364 2111
4327 4556
2100 3580
1232 4803
1686 2407
137 2274
1732 1288
423 1307
3256 2381
3389 1097
359 2232
1182 214
1428 742
3386 727
4471 715
3230 1974
3456 3188
4518 1784
309 4291
4372 1352
2157 3957
4436 3143
1692 3707
4308 4938
3510 491
3348 919
509 4200
3407 3359
3194 4542
846 3913
2478 1051
340 4765
1697 545
4013 2482
2742 1356
2674 2687
2733 1632
4427 4198
413 3756
696 170
1078 4446
1372 4191
1243 2080
1181 4916
1196 3750
4815 416
1824 4502
527 1522
1687 3224
3822 557
3469 3522
1088 1586
3613 4306
3204 846
4513 436
3832 1448
1259 899
3179 4300
4533 4647
8 2850
2293 1157
4593 3299
1164 3679
4285 2842
2079 96
1291 579
716 3133
2489 3416
5104 4665
768 1091
1707 1545
3085 1449
166 2924
4789 2826
3648 656
4687 1654
4637 1163
3574 1429
1951 2180
4314 2469
4944 4863
1638 4804
2685 1330
1952 4776
726 908
4631 995
852 2315
4557 4108
3338 3270
1401 4710
2323 2288
1814 2950
2422 535
4144 3219
4573 4031
4741 252
1384 4098
1560 3143
3676 2013
4 1456
3285 795
4180 808
1019 648
4626 410
4343 4963
544 2855
2616 1855
2722 4037
3824 4727
4489 2520
4822 2478
1722 4187
834 2280
4679 2300
4788 2987
1909 3613
2735 269
1755 5031
1111 2942
860 4178
3547 2725
4473 336
3105 3792
5060 1110
4089 1063
3144 4684
3862 672
1183 1559
3577 1518
2201 2859
540 3041
4424 3978
247 2999
3221 3591
4268 3540
1944 2560
3690 5006
1728 3042
3467 2184
3919 1756
4366 4790
2455 4306
3798 1552
1958 5066
1555 3171
1947 5078
242 435
3119 1006
2835 642
1057 3160
3145 3637
666 2399
2954 2827
4309 2907
2535 4392
4795 1548
3509 3639
4113 2678
3668 1060
3488 74
1635 1392
1795 3863
3664 447
1689 2909
2828 3297
2949 941
3454 2294
4110 1909
312 4308
1315 2310
2666 1206
4210 4911
2124 2507
1595 2395
3156 3892
3245 1911
2445 4443
3570 5034
2292 3063
2571 2023
3040 3407
418 1753
4853 3391
3304 2291
1310 2637
4717 2897
108 3786
1900 1771
2490 2802
3899 391
4174 3526
4352 220
4030 471
884 3088
3873 3414
2749 1652
1394 2086
3991 1324
383 2317
3072 519
2241 2237
2627 3404
3517 3248
5097 4971
4225 3998
4715 704
3153 2615
3514 4236
120 3957
5002 3666
4042 3113
123 4605
4332 4605
3398 3811
5033 1229
2765 4253
1807 4944
266 2955
3128 631
496 3088
2421 2863
5001 4897
3941 1612
462 1690
658 644
62 4768
760 3424
54 4243
1093 3663
3810 846
4466 192
1680 3693
1475 3148
10 1307
186 1469
4390 4812
3769 2599
2150 4262
2591 4425
213 1240
4238 2044
2811 186
4572 4343
3333 3066
4149 4169
4908 3128
3486 1477
1218 2391
1278 4650
438 2516
4923 4487
346 3394
2703 2929
2061 3246
330 1051
1563 2116
260 4192
568 4388
3091 116
3018 4098
1498 3714
1520 325
1532 1816
110 1852
2147 2653
3520 4046
4661 532
3173 1513
2695 821
1385 4282
2612 4698
460 391
4766 2674
4400 2098
4062 2101
2561 4508
5102 3870
2358 3656
4731 3082
3137 339
3199 1903
1039 2844
1041 4803
4233 4708
2278 4895
634 2969
2853 4223
3677 1689
358 2045
1990 1695
2598 822
85 1035
3184 4447
2906 1
2327 1596
588 4298
4728 3242
2375 3787
2121 4879
3044 772
3080 3089
4150 3557
1672 2171
865 3392
2502 1612
3029 1875
1112 589
86 101
4295 1875
1090 3884
939 1434
3904 1520
1257 3
4892 4615
1361 731
1562 4077
1281 4531
2214 1558
2785 3102
3111 919
2332 588
722 1083
3484 1881
1027 3097
3499 668
934 3812
3687 2455
2094 1214
4212 3488
3894 4182
2042 1710
2576 4137
95 2278
1812 4204
4954 3907
3086 4494
4769 1367
3636 2947
4685 2188
3273 2785
1092 3956
2737 3913
4541 669
3132 831
208 1259
2081 4571
3776 960
2927 4618
4522 634
4337 1194
5103 2811
118 2987
2593 3823
880 3804
3377 3031
2702 1290
2824 2224
1769 1817
342 219
2387 3631
3730 3282
3569 976
2010 918
1303 1500
4019 4258
1506 35
1304 2244
1780 4730
4333 1629
617 4213
4053 104
411 901
2029 3251
452 698
4230 2287
732 2977
3793 2511
924 2868
3497 3760
1008 1731
867 1331
3401 166
4047 2710
2434 813
4532 3809
3463 1370
1145 96
1228 1157
2441 3844
238 3980
1862 2865
2054 1123
1034 1327
4147 4651
4218 4223
3450 2685
378 4614
1899 1645
1052 639
2946 1748
3326 4988
420 3726
2225 2870
3872 4384
3016 4995
804 3359
3773 1445
871 870
3292 4420
2337 4830
4032 1764
4910 4791
2072 4274
2532 3
3393 3418
2650 3567
115 3526
4044 3235
2840 3162
4480 2596
216 3512
757 283
534 4992
3125 1060
998 1635
2739 875
2972 109
616 1134
3902 4995
3187 2946
3747 670
4835 1511
4805 1810
920 3607
526 8
1421 2003
393 66
3110 4572
4907 2172
1152 5069
1159 3246
4475 1042
1877 4887
2024 120
1168 3464
4221 3235
679 4379
2830 3135
2472 548
3237 1202
740 4042
4478 3154
5109 2112
618 499
4699 2328
3758 2044
3939 2947
1694 4993
287 3172
2889 4702
807 2737
1221 3859
1234 1267
2499 2291
1566 3082
1308 2846
3564 3224
143 4560
2249 713
368 4111
348 1231
1888 5082
1175 2421
350 4680
1815 2183
1251 4685
1373 2286
4913 1284
2272 1856
2641 1172
892 4841
4100 1992
1007 2550
1354 2801
4453 377
2800 2449
4048 3487
3005 4053
3988 899
2113 4841
2959 3085
511 3060
3205 4538
1999 129
3852 919
5091 4193
3026 2511
4488 396
4604 2165
952 3128
2448 2949
3519 3379
3100 1293
4865 554
4305 3928
3305 2728
751 2125
2128 29
4496 1414
2417 5107
3922 2509
4601 1844
225 3154
2708 4073
1374 4618
173 3837
2578 1815
4781 4142
328 4660
3701 1970
1365 2385
3745 4399
4521 616
175 127
3653 744
1130 3835
2680 4910
3887 2366
898 3810
3563 2565
1580 2271
4310 1569
343 2156
1556 1144
1691 3574
3560 4185
470 980
2934 4007
263 876
215 4414
4297 942
3817 2746
2136 1555
3222 3436
1198 4062
1649 3638
2349 765
167 2912
3985 1746
3585 4385
2170 11
927 83
431 567
196 2911
2069 2940
4558 3033
3801 942
4998 1376
1067 2820
542 1453
3058 2961
2953 1779
2884 3905
3262 2699
787 1383
975 1439
3134 785
750 885
1579 1525
4074 3307
4563 5035
2198 3691
117 721
724 232
2644 4443
823 1859
2158 3739
1347 3470
896 3749
2433 4400
1395 81
2411 4180
3559 8
3508 2274
1408 2021
308 1106
315 2453
2245 2529
2992 5055
3651 1808
2747 784
3582 1449
1124 3350
2002 1552
792 4587
1985 1157
3908 4659
2851 264
2874 2038
1142 1231
3772 3258
1627 4214
3630 3514
4713 2151
2078 603
916 1023
4690 4730
4432 679
3556 2710
4235 4917
4873 2173
2716 4954
3903 4108
2709 1995
549 2612
1742 712
399 3241
754 3325
665 689
717 1391
3368 2959
4171 4940
3265 3562
2862 229
1058 1659
2006 2021
2145 220
466 74
2549 4948
3231 3777
606 3947
1435 3381
2270 3952
1069 751
3881 2970
2756 3419
2866 3494
2894 2358
1886 4887
3513 4917
2915 2428
1641 4441
3951 890
3278 3351
1160 2046
627 2886
2573 3518
4389 3717
4125 1067
3032 4528
1287 4562
284 4729
932 4870
4965 4177
2347 3668
3931 1366
766 4045
1630 1716
3659 4221
3558 1253
3363 2098
4818 4207
2153 672
149 3984
937 470
4947 2170
1494 1798
4168 4192
730 1259
275 3765
1211 1049
78 3477
367 2114
3718 975
2642 4804
4819 2565
305 2702
222 1508
2423 4067
1544 1374
1495 1643
3421 4012
412 155
245 4197
1024 1713
3396 652
1137 1200
2751 1931
2371 2051
478 2411
270 472
1969 304
3180 4587
4422 4700
4014 2447
2168 4212
2978 2008
402 957
1333 420
3189 1328
4206 3574
2899 4408
1061 3273
521 1137
1845 3499
4598 901
5075 1093
1929 2009
2948 997
1139 3669
4279 2741
3435 2245
1277 4183
758 1969
2301 2388
322 3015
3024 4968
4744 4324
2776 3601
3521 508
2321 2718
2380 635
4695 314
3874 1854
1811 4643
2067 4624
3802 4802
2266 2182
190 3168
2299 338
4793 668
1761 3587
3976 876
3344 2933
3079 1780
3897 4267
1765 2267
3803 4814
2559 352
1459 4381
1340 179
4112 158
4946 4748
3728 643
3271 4058
3531 4456
4078 2573
2004 4430
1745 2739
310 3058
4762 618
1135 4783
1597 2203
3785 2371
355 2778
2353 1910
4711 3047
654 3948
4582 1219
4930 298
2414 1538
2664 3084
517 888
4205 939
4920 1330
1530 2462
1180 291
4649 4148
168 4137
3332 4187
968 4068
1813 684
4611 2114
2553 3095
1436 4223
1965 4646
2425 834
4832 1291
2654 1254
4412 4584
4083 712
3324 4793
1540 1348
1174 2638
3929 3350
297 4812
3027 2200
3620 552
4010 1523
4413 1334
1740 2344
700 4718
4364 1949
4813 4320
2854 1024
425 946
3425 1511
1733 892
4942 2228
1953 4870
3996 1335
575 1075
1611 736
2738 3112
2890 109
4367 1647
4423 380
4928 1709
2723 422
3609 3628
4999 644
4672 4392
4304 1079
1774 4689
2648 3597
2582 3461
3458 1036
2759 4379
2179 3726
1265 1835
1551 63
2605 4267
2871 2946
5108 4304
4266 3167
4503 3636
2693 39
2322 2962
3781 1864
2336 1323
2858 1908
1306 785
1768 2093
1925 3195
4049 35
849 1462
2461 3392
1598 461
365 2421
2335 3301
3161 1035
4912 875
455 1881
1268 3823
4146 661
243 3267
2077 2517
3736 40
2694 4089
3452 2796
2740 1688
4526 269
1727 1806
356 3667
1424 1579
2773 3133
3933 506
2363 2168
1297 3038
2698 2778
4128 846
3268 220
1195 1129
682 4546
3361 3498
2144 4419
1739 1441
2620 861
1419 2629
1022 301
2696 358
2715 2147
4119 537
454 1281
2788 1106
3627 1404
3397 3810
2346 2423
2967 4110
844 4080
1215 919
3096 2511
3920 228
2401 4376
3280 1522
2436 4205
1994 3419
1286 766
1933 3286
3138 4812
3719 4591
1968 4502
2700 5057
1939 3323
655 3966
4852 347
1155 4201
3579 4345
4195 3482
2085 1031
1741 1645
3982 4316
2132 1390
4882 3690
1457 2077
3175 380
4505 3301
4186 2332
800 2528
3114 1702
111 592
3945 3139
3115 108
4755 3510
2900 2380
3888 529
854 3538
1454 2774
4492 1862
4544 1462
1151 4775
280 219
320 2462
4138 3411
3527 3959
2652 251
4329 2131
798 1135
1660 3549
5095 832
1841 1192
4103 4762
4847 4352
1898 4238
503 2966
1136 1107
2813 2395
3122 2731
1186 4326
2206 622
1258 3514
3077 3892
2177 3209
3623 929
1349 3369
3901 406
151 991
3311 803
1224 1644
581 1175
3848 1521
2050 4117
3685 2693
3738 2385
3917 4683
2537 1044
2465 686
3816 2521
407 2680
4629 4336
2466 2453
4418 2292
3249 4504
1893 2006
2073 4036
5070 1704
2324 2227
2624 4292
5092 3377
1084 3618
1783 2240
1578 4229
1943 3484
2681 4008
3729 3327
276 4114
2898 2249
1606 2001
4330 2243
4175 2834
2662 4956
37 4626
210 1391
1591 1690
4040 2717
729 5064
4540 827
1527 2323
2621 3048
3375 2489
1679 2245
3068 3228
174 1769
1105 178
4807 4719
2356 1415
4581 2471
1542 4222
947 4146
663 2793
650 102
1150 1107
513 3932
653 555
2439 3926
1640 395
2488 1955
456 620
840 418
2037 3066
2843 3240
3898 938
2686 3620
5048 1325
2430 3733
354 1081
3746 1658
3142 4773
58 72
4387 2360
1937 3631
2279 1148
1161 1018
2956 757
1085 440
748 1610
1997 1591
1011 3798
1794 2941
2581 1194
1077 2222
2167 490
3953 1594
1002 3033
4851 462
4051 3818
4602 5022
3551 3497
4350 2430
2229 3721
2481 4767
1822 1775
3703 607
1010 2951
4360 3973
2268 3666
2195 28
1266 863
18 2407
5004 2977
817 1489
2610 4613
1581 3257
594 1468
626 3394
3365 2563
3214 1273
2282 5040
1839 3079
1438 4801
2308 1751
4136 607
153 3707
1664 1384
4240 2763
4594 1169
3355 4505
3403 1793
4787 811
3979 1418
2916 4415
134 2350
3825 4243
4497 2783
1203 3132
7 4615
1316 3311
4905 2324
3763 2852
4104 3499
3012 2954
4002 1611
1767 2642
5037 249
3284 957
3352 4837
3287 4789
1988 1542
1626 3682
2848 315
2647 1379
2552 3044
132 3068
1207 44
459 4887
488 1130
4374 633
3561 1518
2205 486
2155 3604
2651 529
1222 245
2187 286
26 1022
3740 1929
2604 2211
2971 369
311 4908
3129 4339
3530 4805
2119 1316
966 3798
1499 3895
4821 1742
3662 3711
836 1042
2704 3872
5044 114
4406 1792
2058 4212
1294 884
2226 4620
159 3142
2936 3743
5024 4951
4986 2604
1734 239
4093 978
1603 4677
4290 2414
327 2534
5032 2235
3035 3057
4003 472
3865 2383
3705 507
4976 4339
3652 4983
1628 3814
910 228
638 815
4662 1040
124 4235
3466 2842
2405 2759
601 4056
2331 2039
1326 578
3796 2915
4517 3223
4341 2176
4435 4140
1127 4775
2238 485
1879 1757
1636 4411
3318 2959
4018 3377
2275 2850
5041 4781
2803 2371
3319 622
487 1374
2318 1324
4885 3452
756 3123
1557 1482
4610 4536
3654 1538
4087 115
426 502
3076 4405
1364 4087
1946 3396
1536 3943
4159 4463
933 2461
2779 2931
3610 2343
4919 4986
4359 2047
1954 4237
3107 2294
2600 2536
3586 4469
2558 4108
4603 2217
2845 2381
2454 5044
4640 4345
1351 2240
746 3793
2097 4844
2468 4038
106 4550
3342 2686
2440 1774
3493 2094
375 3718
4190 5000
3555 1638
4022 4509
683 4494
4351 2805
4770 3950
4391 2950
2607 3627
421 4680
4639 2934
625 3434
1095 316
1976 308
4552 3305
2806 4564
4081 1286
4402 4455
2752 1660
1543 4992
974 3021
3834 3726
2212 1319
3001 2363
4261 4624
3430 1753
4066 814
1053 3903
2467 5043
986 4412
384 4930
372 2252
5084 2266
2334 3681
1070 956
2542 42
970 2176
630 345
362 2812
3124 3265
3879 1171
1735 1899
2193 1468
1776 4143
224 4962
818 2204
1170 4144
624 2004
2688 3361
4228 3970
4664 1921
990 4361
1488 674
3007 1681
1876 865
3337 3188
1923 4398
1235 3966
3402 2953
1821 4782
2791 4797
2540 1583
4548 8
3150 2184
2985 3484
171 1410
621 1530
2261 3393
1675 2732
2882 3029
2665 2799
2960 4771
4357 606
1529 2773
202 4259
1507 3417
4674 2019
4551 3692
3120 278
789 3855
4565 1029
2881 541
2091 729
859 4893
4597 1220
3878 1260
3937 5108
2670 3680
357 2010
563 2241
3474 3164
505 535
1480 396
1458 1936
3426 980
2724 4678
370 4786
15 577
1357 4043
2625 4646
4682 3127
3163 4148
1423 4764
3946 2835
3954 1654
3212 3131
262 1583
4939 2702
4278 2628
3915 297
556 1616
3017 3861
2247 3919
2186 4182
3661 769
1466 3662
2106 1685
2514 4451
4319 3065
257 4874
2667 20
3201 650
4283 3085
4514 1723
4943 1610
3004 773
1226 2856
691 3279
3960 2218
1249 3582
3535 1662
3496 3806
4934 1921
536 3679
2496 1751
4876 1881
121 3017
468 1287
1528 3606
4004 3240
3584 2053
24 655
2497 4846
4082 3894
962 1038
3236 3689
2838 181
940 696
2284 2629
3178 776
1149 1855
925 1132
3602 18
2386 1131
989 4737
3805 698
983 4477
1842 3924
2590 2883
2127 3502
926 2631
4248 2266
4780 4864
2592 1873
3412 1878
664 1130
2518 1931
4486 4721
5088 3466
4590 4943
843 335
1620 2847
38 3681
272 40
223 4784
2384 2368
4368 2159
3704 2991
165 1403
3706 808
1726 3971
4026 3181
493 3913
922 3062
4974 4926
2429 4369
3320 1947
4673 4486
3843 4875
4153 4014
651 2828
4344 3388
1264 1712
3070 2944
1919 1260
2474 3023
2809 4910
4742 890
2060 1412
3274 4861
2677 2245
4894 499
1481 5049
4383 4206
2753 2520
231 4012
3506 3725
1233 1779
1744 4115
4442 4336
801 3044
3061 974
2575 3416
1708 1850
4276 1425
1059 962
3546 2634
3476 2116
2457 485
1531 4045
3629 352
2043 150
2379 4156
256 957
4588 620
3345 1022
1158 488
2501 4912
1447 3168
1358 4827
3141 1798
810 2941
2084 4805
3420 1984
558 2983
1446 1462
3768 2407
100 3355
4549 1001
3545 362
4828 3302
4524 5106
1237 692
3438 4392
4981 1437
3126 2054
1167 2260
4353 3016
3491 3326
2823 4344
3247 1158
1386 4895
1509 3943
4799 2236
293 685
4636 3343
1398 3014
1587 3724
2460 4530
4299 4468
3600 4847
4547 596
988 521
126 114
3098 3602
2720 5101
3780 4209
4849 3726
2614 2503
928 3551
337 3140
4382 1481
3592 3088
4438 2414
1420 3881
550 4443
2250 4282
4925 2441
2594 4169
1870 4524
2875 980
2011 2062
4580 4165
4877 2007
184 4188
4397 3527
2990 2247
915 2115
2258 628
1492 413
1959 3961
2792 1193
2523 1207
2443 510
4881 2492
1621 752
4936 1399
1177 1289
3378 2657
23 1415
3655 4440
2239 1776
4525 614
56 3973
4448 1740
963 1536
3552 1979
1100 802
611 1849
5013 1281
4155 2708
3406 3871
2319 1357
4617 4966
2063 2215
3334 3581
1696 2746
543 2948
1564 3019
4973 3208
4516 4673
3276 4102
4166 865
2416 2285
4933 3289
2390 1582
3608 3590
1156 3049
2690 1796
1320 539
200 1294
2872 4185
4428 2761
4386 1163
2025 3933
2643 737
4084 1342
2068 2619
1460 281
3317 2705
2770 3360
1766 1004
720 2744
4915 4058
1714 4396
3616 4923
676 1069
1241 976
385 2142
2338 4305
1804 4057
404 803
3078 852
3972 1850
797 1533
4377 4240
4208 3059
3504 3569
4840 4533
3910 4173
525 238
1592 643
3025 39
2861 4495
4622 4594
3565 1657
3640 1487
2814 1491
2849 1468
1982 2977
4001 364
2762 2459
156 5059
2458 2698
4202 4059
3253 4126
2689 2707
961 4645
4739 3972
2071 844
923 3224
5099 1723
152 746
4734 4041
2807 2946
107 3339
3495 986
2932 1261
1501 2250
2857 3393
584 515
4124 5043
3694 3884
332 2240
4859 4400
1048 4296
3764 2543
2867 1856
637 3397
900 1780
4857 4472
439 3001
5089 4545
965 3210
522 5089
450 2133
1830 4270
882 1141
2775 2902
1928 1438
4151 3303
883 2992
1188 2105
4706 3752
154 3017
2220 2833
4461 2288
4736 4984
3071 257
2325 1681
253 1695
4800 1213
2396 4821
4416 3510
2617 157
1648 2360
68 927
4499 2523
3473 3417
1305 4815
209 1060
4401 3862
1750 1505
958 1000
3283 2830
1840 2685
1047 4279
390 2748
4272 4320
2810 495
2602 4300
2149 492
1663 3389
3753 2352
3766 901
3207 3312
51 110
4289 1677
1329 1522
755 2006
4232 1647
1187 5043
835 1607
3754 1884
819 257
1146 882
1382 4570
4749 2041
3099 4730
147 2949
520 2481
162 1765
4996 4860
3813 2465
414 1040
4170 1695
4871 2081
2655 2453
2524 2459
1397 5109
853 3420
1476 3439
93 3783
1275 2868
1890 4466
4403 4580
441 2379
5015 77
3858 3017
1553 1999
3779 1568
99 694
1778 778
2910 982
194 4800
3699 1005
3013 4025
1387 2212
1302 1189
2701 1579
2120 5017
4215 707
5071 2771
3573 1587
2160 1745
4288 4730
2968 1179
3748 224
1099 4049
3611 3789
4970 1836
2233 2673
1068 1303
1073 3612
1166 795
4370 661
1614 3763
1463 3391
2721 809
2736 3291
113 4447
4829 2432
4774 1615
1362 3007
353 872
4342 352
4720 4250
1600 4741
5051 78
944 3848
3571 3719
1478 3053
1926 54
895 4051
419 57
4052 4215
3457 1175
2230 3609
4535 3189
3395 3602
2389 1636
1801 3746
176 431
3185 2967
3635 3704
2556 4270
3782 2999
1960 513
3757 3325
586 1484
1474 4409
4607 59
2052 2401
2057 2825
619 178
4945 2736
2798 4218
4559 3916
3800 4739
4006 1417
2636 4201
3483 4357
4754 1134
697 4137
2719 1999
3846 1180
3503 2464
4011 1859
3880 364
4642 3605
3529 4059
2257 4638
3849 3781
3819 2891
2096 4381
3429 3292
2570 1291
3876 486
4609 3585
1599 991
1934 1305
5061 694
