9351
8299 6945
488 8299
677 488
1959 8299
7128 6945
6092 677
7664 7128
8853 6092
2395 6945
1252 6092
3056 8299
3828 2395
6594 3056
1227 8299
6454 7664
7823 2395
1052 677
9126 8299
9214 1052
7222 9214
6016 6945
5464 6594
2001 1052
7271 1227
95 7271
8250 8853
4888 3056
4286 9214
4520 2395
3636 6594
8890 6594
5588 8853
7884 7823
5517 3828
9339 3828
5248 4888
7249 2395
6819 1959
5399 3056
2122 5588
7929 6016
7331 8890
4023 6016
2824 6594
6986 677
1860 2824
997 1860
7783 9339
1548 4023
2035 6092
359 3828
4655 7823
6436 9339
263 677
2621 5248
6309 2395
2447 5517
3388 7664
5542 1959
4578 7783
7367 7823
8276 7271
8685 2395
9181 1959
5127 2395
2804 4023
5448 7929
6567 488
1221 3056
8739 1252
632 8276
9257 1860
140 6819
8547 3388
3663 8276
6653 5517
3427 263
3672 8739
5391 7222
6493 5399
3309 4888
2889 8299
2349 7664
3941 2349
2233 5248
1707 8853
2485 6945
4227 997
3533 3388
2129 7884
8358 5542
7355 9339
5003 5448
3964 6653
2204 9181
913 5127
1425 6309
9305 677
1734 7664
3194 5391
4146 3636
800 4146
8785 2824
1330 3828
3826 7929
5356 6567
2440 2349
46 8547
585 913
5483 997
9262 3826
8661 3941
3496 2129
3190 6567
2677 8890
703 3964
3380 3496
8772 3826
491 997
5410 6092
2932 2804
397 677
1372 4655
180 6567
1706 7929
223 1252
8930 6092
5663 2204
6526 6819
8698 1734
7248 9339
8447 3056
4216 5448
6187 8698
6617 180
2687 2621
78 5588
4472 223
8628 2889
2892 800
152 7783
3112 3964
5175 4146
2308 2349
4937 46
5291 1548
4358 5464
7242 2804
2991 1734
6461 7249
4152 3190
7182 6986
9231 2308
205 1548
9146 7271
4086 4472
8959 4358
6179 5175
7551 8661
6722 9231
8123 2349
4087 1425
2179 6092
1033 5464
2622 997
5182 6594
2286 9126
2672 1734
843 8930
1241 6617
4659 2308
2192 3112
6710 1241
4690 6016
3919 2440
2158 488
6225 2892
9010 7884
3783 7271
5921 7551
5884 9339
8032 913
5826 6309
2788 8276
4264 7242
3837 2286
7818 7783
6979 9146
7435 7823
2010 8123
6853 2035
3616 3194
6279 5410
9298 4655
6384 6179
2959 7818
4393 7818
1693 7367
8379 2233
9090 359
3696 5663
521 8276
3289 397
2684 2122
8270 6653
7871 7128
3602 4888
6507 8358
868 263
5311 2349
2888 2192
8189 2286
2564 8270
649 1706
8318 4472
4407 2991
2742 6279
7588 9305
515 9010
4850 7128
3168 5884
6771 8785
4476 7182
4287 8930
7954 4578
4833 2349
8034 8890
1080 3602
2476 2179
7772 2192
8214 6594
7351 5410
6266 2892
8488 6279
5379 5311
6268 1959
7244 2677
1918 6617
4374 7435
5395 4690
7938 8959
7578 7331
1747 7884
3150 9305
5154 2233
6349 7128
5419 8685
5897 843
8277 8250
6234 7128
3183 3672
7531 9339
8263 8299
499 5399
778 2621
4512 5419
4857 5921
148 1706
8898 9181
3972 5588
9292 7884
6090 6945
6970 8318
9258 5419
2247 3190
2371 6507
8044 2440
7439 4833
3100 7938
8546 499
1367 3100
8675 6507
5478 7435
7746 5391
8659 3919
1007 2192
3836 7331
4617 800
5104 1734
8417 5104
303 1734
6359 6090
5990 2684
2532 3616
1889 6016
8634 148
1825 7783
7407 7929
5162 4374
2365 6359
6641 6970
4818 2621
3540 1706
1006 7439
6826 5478
277 8447
3716 7954
1549 2349
2903 6349
4330 4216
5136 1425
9335 6266
2797 1252
1211 2179
8006 2233
6775 491
3392 8277
8262 3636
8150 3168
8199 8189
8065 5826
7519 4888
5704 1330
3258 5136
7648 3427
4514 8276
5488 7244
6891 4888
4106 7938
1024 180
5056 7271
6347 2179
6058 9231
6847 7578
6525 7182
2048 152
7111 3716
3773 8150
4680 4393
3396 6775
4976 6187
7815 7244
4384 8189
9069 1052
5439 8379
4544 6347
6930 3540
121 2048
3219 3672
2089 6225
429 6617
3703 5990
6993 585
4570 5248
6184 7351
1704 4655
7851 8263
5736 8890
7232 8853
5998 6979
3890 6775
3076 4106
1468 6710
8493 9305
3455 2440
6468 6179
3060 7182
3747 3183
3549 6891
2389 3455
5324 6710
8884 8032
58 6436
5604 2677
8356 6266
3414 8493
383 3828
3952 7851
897 9298
5905 3168
6375 5542
3347 429
2466 7242
9114 3941
1944 58
7757 1007
9208 1693
6487 205
5702 9257
6704 277
5045 1241
6050 649
4183 3972
3785 4520
9173 5324
4418 4659
6705 515
495 8772
4858 3060
7894 2001
1958 3672
456 1704
6367 1704
2170 8065
852 7648
2274 1052
4225 9208
8641 2824
1194 3183
8088 5419
2375 7884
9170 8447
3664 1918
9098 7439
6746 9126
220 6567
5074 1006
7807 2371
5866 8853
982 152
9162 7222
1658 5136
7009 8356
5516 9231
8107 9208
2139 3194
4802 4680
3313 3672
9053 632
4740 5399
2191 5884
4 6347
519 6016
561 7128
3532 3455
2805 585
4144 3380
823 9114
6446 148
2054 3194
3061 3785
5306 6847
5618 4144
4281 4858
8430 8277
7253 9162
3041 2191
2630 7851
5197 9231
6146 4858
4337 8199
6258 5154
6197 778
2730 2788
8797 3392
3401 5483
5561 1425
1494 1707
7678 4418
9158 3219
1976 4384
3376 7407
7651 4407
3937 8270
910 8189
6896 3616
5086 3076
413 5395
7834 8107
2912 2447
4030 5291
3275 2179
8605 6234
4762 7664
1154 8199
3954 2903
4187 4762
3444 7271
1016 8659
4312 1024
8003 8379
5487 5127
1090 2805
6082 2139
917 3919
1401 456
851 3194
8087 6594
6195 1080
4721 5419
732 5399
9142 7938
8561 3190
879 95
9156 2122
3485 4976
247 5826
2041 7894
4774 3496
4006 5663
9003 4337
1093 2672
2849 2233
8981 1707
5544 2365
7595 8634
5762 1227
4452 8189
2868 5483
3055 6641
5349 6704
6038 2274
41 6526
6252 3380
3359 8739
6580 3836
407 8685
782 2684
6780 4374
2155 220
9008 521
4306 2672
3018 5439
2133 2158
2245 7407
6915 3716
1687 2122
8892 1372
2725 1227
5936 521
8755 6970
7804 2158
3922 1090
6651 6945
1595 6179
5044 9142
7306 4106
26 6710
3704 4030
7027 8044
2904 2868
7801 879
1817 95
4598 7894
3543 3380
7334 2122
5800 2129
9310 5003
1023 7334
4456 6915
9112 3455
3223 1944
2818 843
6451 5003
1646 8898
8445 9258
6069 8032
9209 4374
5964 1548
6275 6617
1301 2191
4346 521
30 152
4101 6309
722 8546
6291 7851
8405 7815
2717 982
7501 7678
3179 2041
3768 9114
842 7746
571 7407
6361 1372
4214 3309
6130 1889
1317 4833
8726 2371
8066 5448
7071 8356
5165 8276
4973 6375
8160 1549
8083 3392
8985 5136
7910 9298
8615 8006
3159 1007
5115 7746
7233 2868
1538 3533
3965 4225
40 519
4533 4146
1479 2805
4189 3747
7175 1211
9343 8032
1978 3616
4347 1090
7454 3219
7916 3168
3115 4287
587 1704
5266 2139
4438 7551
16 4976
8795 7938
6445 5478
5114 1425
2534 4472
7625 9262
9270 8981
4380 4152
130 4347
3148 8199
5735 1425
1763 7678
8465 6461
5368 8270
7164 8405
4256 5448
3472 3309
178 495
2718 220
9252 4264
7485 9310
1540 6361
3986 9003
2705 5003
1271 1747
1746 3223
2017 6359
7112 2054
7601 1944
8965 3414
7998 4533
156 7910
6843 277
7964 8546
257 7244
6235 8884
8309 6146
4039 6309
582 6234
7761 456
798 2089
3180 303
1482 7334
4205 8739
1926 9112
7809 782
1312 7757
3507 6375
5596 140
9046 2889
5783 5086
2428 1693
6893 4374
5415 5165
4926 5964
5170 488
1614 5399
7482 3965
2126 4144
1249 6710
1364 2247
2071 1317
4262 3952
8425 4833
7754 1301
4591 488
7623 4476
5889 7894
6570 2824
7743 1090
27 7783
4065 5663
2257 4833
9027 3115
2092 2672
7450 6446
8118 2677
3458 499
4268 6979
6240 1249
8982 9027
5095 4514
5301 6130
4435 519
7527 3664
5734 5478
1477 732
734 7929
5164 3663
2472 6915
4463 5197
7078 2092
2300 8083
5920 9162
3405 4330
5507 2564
6280 8628
5955 3540
715 2428
6870 582
5040 5604
4513 6349
2226 3223
2521 8006
8652 5266
5200 2684
8058 4268
2070 4514
6226 7954
6969 3380
1321 7407
6463 2521
5088 2622
1567 2725
2763 8959
2899 7078
6907 5291
4631 2191
799 2122
2402 8685
7350 6225
1137 3773
6306 4833
5840 383
3844 6082
5761 4086
4884 6979
7 3540
1643 2191
6232 413
3652 4888
926 7439
2326 3964
719 8034
4197 1093
5312 6347
1489 2048
7067 205
7882 6146
8156 3507
4931 4312
436 8044
1781 2868
1991 722
8929 8276
2441 3018
8111 1227
5314 4030
1202 3704
3394 9098
7202 5324
9344 7851
7462 8083
2811 9170
1512 1763
8004 4655
5658 3986
5750 4884
25 1330
9182 7964
2767 3922
2944 8726
1029 4144
8666 16
713 5074
5688 4884
3096 4205
2968 5998
8539 9214
2995 257
5322 5448
5726 7807
174 515
2397 7
76 174
8202 5175
2044 5248
5754 9146
7223 8318
7121 1202
1523 4833
8864 6775
4081 6258
3554 3275
2069 1944
2891 7910
6527 7818
6559 1512
2072 9257
2218 1567
5397 5095
6128 25
2429 1029
7241 6445
2884 9343
780 7823
360 1706
3365 7111
9263 5800
1493 6641
8525 4407
3985 5762
9215 9170
1759 2717
2098 8003
8943 7223
1554 7233
8253 2891
8116 842
5900 732
2151 6090
5052 8661
6808 4762
2330 9335
7545 4081
6153 6915
4768 1321
314 4818
1438 561
6396 4347
3654 8675
4753 5379
8629 4256
9199 8150
8579 6038
7210 3392
3383 2126
7206 5618
3390 5095
3812 7248
3067 7501
8177 6771
2820 5478
7066 397
2150 4256
2870 4740
6485 4452
1308 1595
694 6367
6585 407
7169 917
4664 3972
3673 5936
1862 2330
8013 4358
9328 26
7099 6069
4317 1007
7675 6347
8151 9003
3880 7651
5579 3844
8806 4374
3451 5114
4239 913
4072 6436
7858 9146
4728 4317
5231 3414
5057 2687
2812 2371
1316 5517
1732 1554
3909 8299
3847 7754
7668 6567
1104 2330
832 6396
2281 8806
4506 5314
5043 7242
6439 3359
5991 9344
8747 6993
4424 2428
9225 3180
9200 5312
5188 782
5526 5955
5903 5561
2130 7675
8582 7871
4480 5311
972 6915
7873 2891
4739 2441
2043 5052
6443 7249
6541 9208
8712 7884
1884 571
5479 3937
168 58
4235 6746
1505 7651
470 26
2671 8405
8867 5154
8024 1006
479 8795
855 5734
1409 8726
4797 2441
6579 4452
8461 4072
7139 4520
7543 8356
2023 4762
2114 5762
1584 1301
4841 3507
3290 2705
3407 5920
8761 3654
4422 7206
5216 4631
8651 8202
7824 6235
1492 5045
5996 7206
1652 8004
8966 9114
2722 1492
9251 5439
6336 519
1268 1493
5423 5314
3770 4358
5882 1693
4467 1367
2437 2170
3251 7355
578 6279
2081 1007
6557 6979
3368 8250
6904 4976
8196 2818
6031 6396
4516 4631
2907 6031
1175 6031
5606 8006
8617 2805
7090 8629
2693 832
5598 1007
5430 2742
4135 6705
1342 4774
7573 7164
1600 6819
9175 6234
7085 8379
120 1249
3887 2092
8691 6468
2914 1523
6174 2070
7032 5702
6763 3826
866 2730
7031 3507
36 5478
901 7351
1063 2440
2551 8196
9240 715
7694 3507
9287 4858
6772 519
299 851
4994 3770
8100 1707
7866 782
5163 470
1087 3168
9026 8698
1530 7527
2973 1505
9111 6527
4180 7929
7635 4506
4410 7545
4531 8214
6592 5588
5393 5900
107 1707
5119 2797
2288 2551
1668 5526
4832 703
7523 9328
4421 2192
4128 6280
8393 2330
3962 6819
1996 7128
7108 6570
7608 3543
2063 7482
8308 4664
6944 3018
6065 8652
534 649
4155 1194
6085 4384
2002 6493
580 3368
5660 852
957 4467
9125 6592
5699 2072
8627 1658
6953 1646
5712 8579
4490 6507
7235 4
1730 4286
7094 4435
737 7210
3883 2722
9011 6993
9128 6336
9148 7929
1708 7090
7817 1468
199 8884
7430 4994
4606 4106
1994 6651
1451 4578
6155 3532
8991 3965
6469 6090
776 3392
3473 2158
9102 1023
3080 2330
8893 997
2783 5761
8336 9292
733 5561
5298 578
1537 737
176 5750
6424 3909
2354 2725
3361 5088
2930 4189
5392 2907
1095 1006
2090 3716
4770 8445
1647 917
586 6266
3594 3290
4705 5991
8975 1944
8442 8309
2920 1918
5541 1600
7952 1364
1004 5544
918 26
4864 407
6213 8196
5652 7242
8692 4286
8704 8659
7392 78
3624 7817
3170 58
2552 8659
8713 866
6148 2150
5155 4770
7181 7817
6011 7009
608 8100
5555 3472
503 1614
4699 8930
2296 491
2465 4287
7082 8083
1844 383
8944 1548
3633 1530
8073 7884
7022 1884
6274 8151
3384 3964
8699 4183
3400 7743
177 1889
5708 2192
1376 3056
5520 2767
1497 5921
682 3696
1819 7206
5445 2204
8540 3458
2597 4888
12 4438
865 2326
2827 4833
2399 2035
6421 5392
6640 7678
824 9298
3651 7954
8298 4287
5733 5800
6932 3716
6457 3964
7231 2973
8591 1540
6810 9158
7619 7248
2390 5188
6338 7527
6399 3289
8481 8034
8754 2485
4280 2170
4119 5057
2612 2122
6391 5488
1077 3361
4464 918
1902 6617
7038 7851
5655 223
1972 277
5872 2063
6204 8692
6778 3376
6566 2330
9037 7619
766 4418
728 5736
8578 2466
3113 9344
6734 4472
1823 2824
1431 1023
1943 5155
5276 732
4257 6252
9280 5660
1867 3826
4327 479
1617 5231
1604 8276
6104 6439
2297 2820
7872 4039
6861 7182
7003 6843
8381 3972
7254 4606
9145 359
6967 5045
2577 6722
4899 2485
6560 1707
6483 247
3370 5735
4844 6617
1009 3223
8163 5655
3868 2730
3007 5783
2359 8982
8359 3113
5850 3067
617 7430
2216 3844
3935 8806
5167 8628
7515 1016
3257 5410
6145 4456
4672 8309
1571 3100
7449 3150
5906 799
1929 5291
6159 2081
9239 5517
6245 3909
7098 5991
2379 897
3989 2070
1934 1759
472 7248
7458 7462
2511 2552
8657 5754
7577 7235
2144 6891
1327 2564
1570 5314
2254 3937
1733 7938
2739 6130
9147 9142
7530 8442
7859 2257
5084 7249
6015 9215
157 7253
7921 6280
6532 5800
1961 1211
7976 1687
2500 5163
755 7938
2496 1052
3366 7648
7349 6945
3794 5704
8988 7351
5536 9046
6242 2959
6296 1584
6044 6483
3446 855
5694 5702
8219 5478
5774 5921
342 587
345 7801
9110 2130
3008 2063
7209 1530
5241 2622
8316 7071
1490 7350
339 7454
9274 7851
3351 3007
255 4464
4608 7098
7978 2742
1622 6592
4682 3954
4720 27
8778 2466
3229 8445
7045 8202
4535 4183
3601 2326
3311 8959
6346 4533
2683 2204
3660 8481
9138 1622
8916 6128
5570 1494
4600 6399
7104 2904
7736 2888
1661 5119
2347 3396
8905 8263
7170 4899
3499 8698
1594 2126
1107 2010
2599 7530
5192 6146
172 732
4886 5800
2769 5114
8102 26
2394 7071
6618 1540
6553 5276
2005 7921
4005 4418
3739 8985
4301 2192
4776 2677
6745 2098
2828 8806
1564 7181
1942 6843
8989 7231
7997 4514
6903 156
4545 7761
3738 4407
5622 7997
2945 5192
7507 2892
5575 4776
6595 3472
19 3347
4651 9112
8583 1548
1962 776
9018 205
1917 3783
5864 7112
8924 1817
2566 2892
8711 6904
498 8713
7083 2389
8413 6242
1224 5182
2864 1730
8437 5095
5206 3941
7301 4976
3708 851
1126 9339
293 7952
3023 4886
4477 5314
200 8253
161 7746
7658 4306
1475 8615
697 1706
3760 8754
1142 6130
7103 1943
4222 3313
8497 3251
3402 832
5527 5882
5184 7809
3489 918
7364 5439
4700 2472
1324 2552
4784 2827
5158 1308
8423 2394
6782 6469
949 4144
196 9046
3263 4452
3305 3472
5911 2092
3960 8379
1357 3965
7902 2683
1121 1707
500 2677
8974 3543
6492 95
8301 8582
5342 4
7026 2226
8031 8747
9076 9339
6741 7873
7483 3654
153 161
1539 5708
5922 1781
6317 2394
3788 5074
4129 3368
8357 2805
4653 3370
1003 1994
3157 8100
9005 3887
1804 3601
1616 4721
5150 7783
2875 1819
658 6585
831 3263
8344 1268
845 5057
7903 843
8382 6461
6823 1860
1032 4472
1331 7435
5919 8031
3482 8726
4247 3444
2416 7067
35 3076
1895 4544
1517 3482
611 8641
2376 6148
9032 3396
6673 2179
532 7364
7250 1622
4212 4268
6866 6870
2664 247
8161 7519
4375 220
7961 1996
5411 3954
7585 4926
513 8437
6852 1175
1019 7834
3079 8465
5601 3664
1608 3794
4012 8336
232 2390
3801 7757
933 1616
797 5920
5978 5761
5352 5826
7503 8160
4945 6065
7008 1357
4285 95
381 2945
8236 8024
4305 4222
5317 5618
5858 1321
2798 6618
33 2932
1629 2864
3905 1431
770 5317
275 6526
136 3760
746 3672
3916 503
3312 8445
1369 470
9081 9231
690 2805
163 76
9176 1468
4168 9098
7502 5903
634 5826
8923 5311
5217 8004
7409 5411
501 9003
3974 949
1696 5430
1008 177
2477 3351
5958 4380
6894 9008
6236 9252
5766 3079
5157 6826
8279 1554
721 7139
1663 2069
7719 5488
3297 8032
7229 7175
4246 9298
4178 3652
8903 8073
1799 9114
808 8853
1054 5733
463 5464
928 4030
8832 4680
4090 2824
238 157
7559 5570
1794 7859
5747 2437
5986 9114
8487 8617
545 1540
8963 697
6075 2245
1852 5324
1651 1942
4554 7651
9185 8445
8007 7009
7567 6557
2101 4699
576 7482
2183 3633
5437 9011
284 9263
7014 8930
998 1482
4088 7954
8355 2394
4877 8916
5608 3594
6241 1884
2685 500
3821 6461
305 4740
6762 8031
5328 429
5346 926
6123 9069
5901 3887
6667 580
2164 9298
8053 6527
6582 1594
8371 901
5749 6734
7822 8772
814 8898
6358 3451
4043 715
6173 7910
692 2257
819 4700
7898 2914
1151 7678
8370 7349
1891 501
3914 6780
2418 1376
6694 8034
8773 6778
8343 3370
8789 5541
2198 6399
1188 5439
5534 513
4954 7651
8286 8726
4499 513
6125 3760
6916 1917
2344 2820
1432 5157
6966 2126
8724 7306
6977 3664
2764 9343
7258 8356
2644 5346
5131 5920
7437 200
3030 5175
6732 5622
7862 8100
980 3313
6425 8712
4058 8100
2917 5900
7996 7210
3172 4768
262 1530
1656 6970
3292 6894
1987 7483
4001 6705
9087 33
8534 4187
1337 6361
1365 1651
4319 5086
4809 1862
3125 4655
5862 8540
4295 926
1524 1537
3452 2485
8602 6986
1724 4477
5576 5127
459 2281
2491 6853
5885 2944
8697 5964
2565 2476
1275 3312
3626 8905
4996 2023
6427 7954
3640 6468
906 6075
5079 1962
3247 2621
5687 7588
5553 2465
7620 1249
8254 6195
231 1668
3538 8985
4121 6893
3288 855
6551 8344
4441 6772
365 7032
8528 5167
6170 6734
9224 9262
3506 9225
9041 2288
7751 913
350 4680
4734 2437
5519 1889
8361 4774
1281 8634
3303 4264
6310 2472
2743 3297
7393 733
1164 692
3016 7964
4172 7458
607 8698
8552 2995
7587 8704
3629 7543
8146 5754
8164 4178
6955 7545
4576 7112
8527 4653
4345 3157
8458 2002
4156 8699
4646 8488
6813 5311
2280 3847
4164 3170
2816 5906
1047 3361
9165 4030
6733 2054
9289 8652
2900 3370
3225 8761
5780 6771
5334 755
85 152
5992 4646
8983 2899
2036 3652
8190 1475
504 8944
4889 6155
2510 1763
8861 3887
4308 5165
1853 3365
7145 1475
3034 4337
826 8712
7228 776
4291 4844
5804 8534
3443 1794
3398 1249
1457 4734
3349 9142
8136 7620
4596 7910
1883 8083
9167 3219
2515 1054
6965 8199
449 2017
1402 6594
9092 2286
968 7859
4468 8884
4642 140
2727 8013
8245 9258
7329 8458
8635 4205
9106 8754
6392 2054
6264 9011
6005 5312
4204 4257
1064 5155
8257 5517
4923 7022
5962 5516
9164 1493
9020 780
3675 6232
6832 9173
3410 5507
1050 5095
91 5991
131 4065
9006 9214
7030 3080
6920 8100
4123 7882
5550 9020
5539 3225
3861 9214
7836 7027
963 200
8589 1895
3024 2818
7522 6451
8612 4087
6115 479
8942 5056
6996 8032
3649 3024
3328 4490
1639 6741
7379 3223
4995 1604
6320 3396
145 8465
3749 9126
4220 3311
8372 9257
6095 2677
2358 5911
2631 6852
3035 1401
6370 4463
5124 5397
225 9126
7883 225
4469 5652
4270 6236
4064 4101
9172 9092
5218 8975
4848 5342
3156 6058
7460 2930
1705 6594
4193 3194
9178 1324
2936 7392
4300 4499
7049 1564
3363 5622
8222 933
7196 3909
3175 8073
6783 8697
8992 5003
757 78
3134 6894
1485 3962
2848 8797
2121 2288
322 2788
3936 2476
5081 2359
1834 6424
9123 5088
2213 6866
1452 8713
384 2892
3830 5766
4835 9112
186 6732
1030 8222
7526 7894
4778 4864
6752 4146
9192 7678
748 5322
5836 5536
1909 3458
2505 7910
7621 8929
761 9172
2520 2023
8410 5606
4847 3960
5631 7625
1618 1104
2242 9098
1499 2995
8330 8903
2343 2365
4574 1367
3228 1064
6351 8615
3087 1909
6793 776
8631 5114
2497 9046
3197 3363
7846 2071
1650 2944
3461 4291
5106 7460
4085 5922
372 4081
7857 1438
8408 1991
8828 7976
5954 3760
4982 1054
159 2631
1838 9032
4641 757
6504 7083
137 4520
1787 1661
7297 3150
2251 2511
2617 2069
3869 7903
4259 1227
7868 7027
1237 6170
9127 7241
2954 2788
5367 2630
8749 4659
1345 1902
2628 521
1683 611
241 5519
8026 7462
7986 2552
8921 1658
5653 8214
201 5162
5374 8058
8022 2891
742 2870
9238 1032
5975 6570
6244 3384
1234 4410
992 27
5429 865
9244 611
2938 6745
3430 413
8639 2968
212 2242
3625 5992
3294 8916
2632 262
5667 545
5738 3473
3098 1271
8885 4452
7405 1867
9067 4214
3230 2023
8012 3096
1305 4300
4786 855
5042 6734
3047 3328
6371 1432
8067 3008
1204 1730
7272 4256
4326 7393
2012 152
6057 5423
3544 303
2755 413
3318 8136
3635 4476
8041 2155
840 7921
5492 4152
9315 5570
7055 8087
844 6694
8200 2599
6590 2892
1710 3175
2407 4463
5594 8073
7185 225
6888 6225
3692 6320
340 2995
2420 322
9136 2769
3162 5550
8227 130
2110 587
4536 617
5720 697
6397 4300
6720 1154
2901 2848
6286 5576
6975 5162
5496 7407
1913 7587
4932 1107
7363 7232
7034 9011
7316 6651
8427 8975
5472 2864
2728 7409
7939 9069
2947 350
3746 1164
7597 8898
7888 3773
5560 1734
8378 5306
5988 4468
7897 7675
8624 4072
8995 3651
5817 9339
3239 586
5337 1151
7322 9258
5597 5231
3569 6945
884 852
1253 3749
8288 3318
4663 5553
3320 5733
2557 797
6163 5527
1397 6847
4980 4884
4775 8481
3668 1107
5574 2552
83 5415
9084 7306
6154 8136
1771 33
8242 2288
5557 1477
1370 1271
8403 6050
5246 4393
6203 6894
4974 8983
1937 6969
6952 1650
5918 2044
1416 4850
9242 205
4551 6694
1924 5903
8931 2888
7896 1154
1161 9006
601 6268
8239 2296
6147 1996
4894 6454
7556 6286
8349 6525
3433 5747
6859 3914
2087 963
7508 5056
431 9231
6909 1401
6165 3625
1163 2914
6012 1402
948 7253
11 5106
3344 842
7395 26
3926 2070
7402 1033
1075 7664
8560 8525
1666 488
300 3461
7892 5622
1927 8136
4660 6832
9311 7872
5000 3219
1826 1819
5329 6595
316 9240
5909 3919
3273 3746
5465 3544
2109 6752
8607 491
9085 488
7831 6526
8246 963
3106 2763
4140 6527
8783 1794
1144 5158
7497 4119
8010 4375
4881 4477
3576 9199
671 732
1120 1794
2095 7090
5899 884
1148 780
7947 5487
1088 350
2438 4544
7951 136
1835 576
105 6244
6400 4802
679 1942
104 4087
8763 3544
1251 8617
2633 6667
4276 8992
7842 223
24 5346
7912 6916
834 3258
2232 2101
1176 3347
1304 6125
2605 8196
5451 2371
4053 8602
2655 6782
1843 6641
7656 8924
8020 1538
8056 4312
8513 186
2446 7169
5011 223
281 136
5890 1943
8069 4923
4550 1646
5252 6541
8993 8065
222 3601
4083 3847
6604 843
986 7139
490 5761
7654 7027
4041 2932
3623 2868
7744 6204
7546 7823
5772 8276
6223 8974
8093 7364
4200 6483
4989 5079
1447 1271
9149 2133
8808 4512
9286 7573
522 5652
7308 7761
265 8691
874 4617
5033 737
8038 7503
2832 3229
648 6813
5878 4119
3103 3359
6790 2101
6882 1234
2517 4739
5981 8430
5633 3041
2372 2520
2830 3363
8962 649
8028 2198
5700 845
3587 9286
6467 4235
7713 4308
8616 1548
568 4472
6935 431
185 1524
74 4740
5577 6153
1382 4270
4594 5334
5533 4172
7276 7170
4179 7055
203 1834
8211 3576
4304 8298
2657 4802
3987 6579
7895 6492
675 1666
6181 715
2793 814
5845 9041
2421 6826
6237 8262
546 9181
2796 3458
2983 8393
8910 9173
3518 7522
8414 8931
8220 2048
6735 8270
1606 3376
7766 6361
9089 3868
3955 4850
7312 7449
7266 4281
6447 3370
4678 7608
2690 1497
2315 8985
109 6187
3039 3458
390 2655
3630 7182
6890 2326
8730 2023
5113 4678
7923 6975
1762 2628
5497 6859
2028 9224
1307 3396
1476 3402
579 4705
5976 7882
2711 3640
6698 6005
3431 7022
990 6559
8130 9208
3730 5922
6416 6447
1593 5346
2575 8773
6354 6436
7667 9286
3665 8983
706 8370
3911 6853
6494 3489
5529 1004
7644 381
1857 7435
8757 1365
2513 3401
4566 607
5929 3629
6747 7233
8683 5164
3265 4832
790 7032
4730 241
9161 3390
5440 2657
6645 513
7332 1337
6614 33
5640 2343
3411 933
1363 6604
6876 36
5132 1651
1973 2090
6218 6244
6811 1227
5 6226
1619 8414
3577 303
3122 7719
5823 4291
3476 6752
6108 3965
7273 677
2031 5192
1998 6783
5486 8983
2173 2440
9140 721
271 2397
3490 1004
4793 2995
1073 3703
5181 4631
6297 532
2775 5712
7604 6904
3945 3392
8987 2010
4091 4152
8201 7912
6134 1321
6330 1023
1160 694
9045 2824
7487 8006
6372 1304
1827 694
5696 4740
4555 1656
6578 7531
5703 9158
656 1902
7190 3941
5251 95
6406 3922
7914 3320
7336 7241
7161 8423
5180 8254
5603 5557
6650 6967
6497 5079
4542 1194
3467 5430
5926 277
3231 5694
5249 1617
8917 7301
893 6031
361 7
9121 1107
1938 5754
4195 1656
5984 3328
5473 4996
6736 1571
7411 5754
4922 3257
1250 4864
923 3390
8238 8712
589 1095
7579 6920
597 8778
4289 3747
6984 8056
8377 7656
4434 2044
5791 4441
4789 4974
7968 7190
4022 843
7214 6461
1391 4682
5925 503
2874 9111
4590 3007
5240 8410
4703 6457
5196 7579
3379 7522
1366 6722
1768 1517
4364 1549
2364 6354
8541 3496
2579 7411
6135 6015
3693 2597
4488 3665
298 4345
4395 4877
1751 2496
6229 5872
4412 1482
2252 5660
5409 7045
991 5749
5646 3179
4263 4345
478 5766
474 4594
3763 9114
8294 2420
6692 2028
5128 808
7777 4472
7382 4520
1359 1163
6395 8698
3648 7895
5236 5342
8332 4001
6326 2622
296 157
2387 9142
9015 8578
5673 4418
8331 6317
4181 3499
6479 2437
8536 472
3996 2063
1266 2684
4510 8579
1586 1054
5484 2281
8192 8607
5208 9106
2611 2359
7729 4886
7942 7952
8019 582
804 5192
818 7898
7309 7094
2205 8983
1808 6375
2576 3366
243 2739
101 9280
7679 579
4302 6306
5831 4551
2279 3407
1014 4850
9082 4864
3600 6372
7448 7573
2887 9170
250 1808
8459 5088
6519 3801
8208 6618
6754 4663
3114 5472
7789 1554
343 3194
4694 7487
7499 5831
5142 8607
5076 8044
6111 4308
3176 2611
7695 2983
1133 2725
6837 1548
6727 5200
1948 8413
2093 25
4417 2063
427 3651
4067 8377
73 4285
6696 7654
2272 4129
3216 1331
2656 4520
5085 7228
4738 7202
3135 3890
2951 1327
5151 4306
1474 6526
7833 634
3381 5486
4876 6727
3924 1548
3848 780
8274 5903
8670 4412
613 9006
6511 305
3597 5430
4433 4135
8052 1747
7168 1732
7724 3303
1086 2093
4547 8211
662 1530
3769 6487
8108 4488
8653 140
93 2257
1336 3228
939 6203
4478 1479
6664 4545
7286 3087
550 8262
3984 7604
7208 339
6724 7883
1155 4570
8411 4305
2608 1973
902 6746
6635 1064
56 679
3548 997
3786 8458
1623 5151
4618 4256
44 2170
2738 1160
6385 1266
5339 3597
3866 4721
7211 7664
9151 2630
616 8699
6379 3461
3268 6240
7647 5791
6364 186
6535 2043
379 5056
1525 5128
371 153
787 1696
7924 4001
8280 5976
5110 1204
3860 4545
8947 2717
467 7402
143 1604
4861 6553
2018 8698
7328 4477
8566 1819
8261 4043
3298 3587
2096 5652
8311 5640
4583 3114
6697 8884
6765 2901
7847 4412
7397 8274
604 6746
3574 58
8731 6236
260 40
8391 8414
7473 1271
556 4270
3588 9121
2778 8982
9001 1554
5457 8417
8900 95
1025 7085
5983 585
6008 7559
9079 5736
4579 6692
2614 2532
3798 6226
3253 275
4002 9003
1399 6069
6480 8832
4783 3663
3918 4646
1566 7857
8500 6467
3885 7085
388 5479
7429 8031
4115 8739
8197 7121
1206 8947
273 6145
1887 7363
2294 7777
892 5311
3019 5040
2073 9240
8565 1616
1127 8536
8880 4119
4185 7328
6611 6617
572 9127
567 2063
3998 3410
6923 2630
3833 8058
6420 6038
1720 722
5610 1234
3779 4101
206 4135
8110 178
3567 5200
4125 5115
8915 7196
1574 83
4851 842
3006 7253
7950 4660
2679 8921
8688 1658
6960 5104
288 6349
3094 7644
6591 7924
1952 4802
4369 8605
1467 7522
4539 9200
3921 6705
5869 5339
1783 3821
8337 4579
2473 6930
5190 1144
6510 1030
2975 9215
5671 5903
9122 5188
9309 1804
1745 371
9303 3039
7089 2901
2339 4247
2117 8246
4767 7139
8933 7902
5017 1009
9047 6244
7843 5703
7018 7364
179 715
6631 1617
7669 4861
8342 1666
4396 522
5336 3039
7855 8461
5235 459
1992 607
6019 6280
5264 5497
324 3473
438 6044
8094 1030
1761 3770
1392 1090
5580 7910
2859 2465
5894 3847
5096 3696
6552 7503
5416 6336
7492 4327
2455 7667
4446 9015
6408 1391
6269 7942
626 2098
8090 1973
5778 7232
4502 1372
8781 9164
4219 5964
3322 8270
6013 6082
235 2081
7491 7351
8907 7783
8353 232
8973 5017
5614 5164
3341 2281
1758 5374
8385 4886
3585 4514
3073 6944
6509 5328
5707 2912
6751 4554
4198 5653
1062 2565
1353 3275
3136 1761
668 8995
8360 866
950 5155
3982 7515
4028 3982
5458 2192
1448 1759
979 4291
4139 5984
8576 4327
7059 746
4758 4858
4099 8560
1669 5544
2998 9011
3631 5646
312 8038
5258 388
4630 1825
484 467
4015 6747
5001 3921
5238 950
7992 2476
8705 6955
2494 7301
3682 2742
2148 5208
9063 5747
3607 7411
9216 1307
6603 913
1442 6371
605 7161
5756 7950
3525 902
4893 5603
4426 2521
4175 9151
441 7916
7590 8726
9135 2900
8324 7090
4558 1646
3827 3016
7850 2281
7525 7306
3372 6975
2187 1604
4836 3313
398 7382
768 459
2079 1843
2852 4590
6053 3499
792 4364
2871 7038
2452 2192
4743 8915
99 1224
3078 9238
2285 4926
8787 7108
8000 4520
7295 172
4553 1014
7865 9309
7387 8591
8325 4739
8139 7546
6212 8985
2325 1485
3332 3567
7716 4973
3684 8591
1716 7964
8267 5929
1192 6614
2131 7809
4507 6148
3367 95
2522 6526
8287 5726
1123 5003
4522 4286
496 6153
2972 2575
3615 1331
6928 3798
8740 8331
7827 7724
1128 8250
2195 7604
3161 6075
7020 478
9196 6594
4585 8534
5292 7846
6486 275
6462 7882
251 8073
3514 5088
1709 3115
8663 6645
2244 6123
3120 7736
160 6930
716 6439
7672 4380
3898 8010
4949 1616
2806 8713
5071 7648
4014 6519
6442 5900
3346 491
2692 2158
4880 5761
450 4789
999 1566
8438 7210
6089 6507
688 3490
1487 8156
6250 1862
9281 6579
3595 3223
3791 3122
7856 7577
3957 9289
4806 1761
5255 4783
3565 1540
4914 4227
3081 8513
306 2932
2777 16
6601 1570
4717 6242
1966 605
7814 186
3872 997
5402 1505
3610 1477
8732 6223
2703 8425
1292 9112
2750 8377
676 4596
2623 7049
903 7675
7726 519
1579 99
6086 7831
1568 1926
4969 3965
6328 1600
9308 4156
2584 4536
4537 4728
6564 7744
5414 7695
8586 436
7755 6735
4501 8942
3840 36
3606 8534
8709 5604
9 2257
9223 4183
4597 1564
6200 6705
871 5255
3240 5699
573 1019
4902 8546
3573 4743
403 8709
1157 1474
5681 6903
7468 91
3938 4205
1985 7892
5289 235
7314 8560
7360 6297
4266 275
7126 6986
5018 923
2367 3768
7388 939
6779 1669
6990 6174
570 2296
1803 1693
3046 3180
3944 4969
7677 8250
8799 3704
2088 797
3213 6732
3667 8411
122 8299
3537 6095
6412 7872
3184 5306
295 8754
4465 365
7615 4597
2021 1206
8532 4286
8523 9238
3020 1652
6829 6952
7389 6336
6120 2936
4742 4923
3483 7952
2688 761
7033 9286
7660 3801
1010 4005
6972 7336
3841 6984
3503 1268
373 5756
1903 2002
3598 5673
8095 6069
3628 1883
783 3180
1964 2170
3474 2364
4108 4806
1100 8417
2873 340
731 2421
1171 1530
2946 7231
3925 1160
1641 6635
5741 6397
3899 3047
1385 7111
7631 2117
3188 8414
1609 8612
9300 7896
3642 8652
5194 373
2459 7713
8716 5596
9221 8379
3001 6163
511 1090
5875 222
8436 6915
1786 5899
8625 6837
7560 7834
689 3682
3110 2500
9273 4058
7230 1584
1000 11
1725 5437
1963 8761
1242 2402
2751 1938
4584 5352
6983 7651
8870 3944
1208 7543
6573 3231
1854 1490
7150 8541
1772 6159
1039 1619
7466 3188
4070 5707
8662 761
5763 2093
3639 1497
5309 4555
268 2251
9201 2109
1960 3602
6901 3730
1798 9167
4479 8547
4840 1327
8736 3344
7212 5487
9042 6163
4428 1895
629 222
5993 262
1470 3476
2409 8111
8972 3684
7657 2087
20 7597
5573 6279
7348 9138
6193 6527
4830 4287
1615 6960
4667 768
1532 2500
8804 8652
969 1128
3453 8797
2549 572
7036 9110
8159 8995
6824 3537
2162 7615
4024 5132
453 3525
8237 2796
5895 6710
8623 4193
533 879
3480 163
3943 1817
828 6153
4756 6297
2885 1771
8223 2612
326 8683
6198 3061
8001 7271
710 2951
2958 3114
8928 5085
643 8631
7700 3962
3224 7882
6188 3213
6623 1467
5776 4663
4118 5081
318 3446
9345 5127
169 4655
4007 5720
7204 6511
3421 1913
2853 324
410 1857
6261 9281
4748 5496
8441 979
6131 7248
2606 1803
8478 716
807 2162
523 9010
2435 690
7568 5911
5319 8110
8849 8867
1210 8808
6784 8408
3948 8342
8014 5588
4333 4480
1640 3996
5024 1107
5143 6038
4749 1154
4697 5864
5010 6487
4487 3673
6210 7657
6880 4642
1236 1566
1977 8237
6999 8177
9068 478
7141 6953
1048 5458
4548 8898
3562 7992
451 6104
8 453
2016 7355
9236 1937
323 3635
2652 6732
7046 8930
2890 8641
2149 2252
2176 109
2484 7872
1766 200
4397 8391
2185 7462
8312 906
848 8789
4335 521
4104 2947
4997 7677
3276 6591
4059 3020
7680 8578
2309 413
4057 3785
4952 6309
6060 6399
5711 6920
1057 3821
2234 1497
6217 676
2961 3844
8086 7439
1722 7405
8228 5306
1806 3351
6714 1192
8693 4259
7737 6551
4599 8724
9022 7306
88 5074
8836 255
9187 5478
7335 299
6877 1160
5169 1661
6997 4358
6063 8355
8297 3405
8839 1762
4473 3952
7110 8832
4357 8118
9174 1401
6112 5899
5753 8239
6073 4119
2009 5750
7881 2339
8869 6697
4292 8160
4916 855
5857 4085
7799 121
8307 5840
8395 710
4068 232
7788 3018
537 1929
7879 3640
386 7329
964 694
2037 4417
978 361
2645 3073
1059 2520
7280 3595
5130 7387
3529 5115
4485 1432
8765 491
2872 3309
1877 3368
3829 4312
4831 8370
2867 6640
1914 298
7259 2494
1797 8010
4416 682
8259 8058
7867 3361
4686 4220
4386 3935
4898 4742
1368 2251
7971 1567
2922 6336
8580 8437
8016 5379
5965 4426
8793 6226
2563 1722
1461 5539
7731 429
2931 9114
7330 5850
4318 576
5156 296
620 1087
8453 4847
1847 2455
946 5983
3062 8907
6488 7814
5764 8675
444 3446
1422 3924
8178 9147
5571 6909
4668 8615
9180 4680
8788 1669
9179 5885
190 897
723 4434
1294 6724
7288 1843
2761 7379
2067 6153
7291 5774
9075 2521
1152 6038
6459 1163
5237 5984
377 1468
685 7897
1945 2875
7649 8391
4993 6894
1218 939
7572 4513
1851 7567
9256 5136
2851 1825
6333 1242
5861 2806
7327 1457
5611 3213
2230 8382
4020 8201
6292 263
1377 7859
6076 3370
2966 3190
2443 7460
4323 3747
3946 275
2214 4501
5512 2315
6303 2947
994 9005
633 8739
2157 7126
8613 7468
6517 1175
7955 6485
672 3407
7645 5415
8182 7824
3839 7657
4632 1523
7920 4513
6715 3514
4777 1175
6533 5753
3634 2872
4448 5922
6701 2788
2700 8342
5159 5095
1222 2818
905 2920
4117 7736
7534 851
894 7568
3557 3821
6822 3216
6304 3696
6761 76
2135 8359
3807 5472
4879 6371
5189 4579
4623 6359
1699 8795
5793 4786
7001 7851
654 6089
6251 6970
6414 2874
5565 7729
5746 2429
6149 9008
4638 7986
2313 6128
8443 6485
2562 7099
9207 7327
2960 7214
7383 9257
7633 6266
5586 4472
5802 7884
984 6011
1037 2070
7225 5010
3981 8263
2316 8988
6253 6847
9035 866
2040 6400
9016 4653
6524 7939
9206 6309
2430 7018
5524 5314
2363 2874
1824 3652
7702 4386
3497 5081
3022 832
2582 5182
2774 7316
2714 467
6287 2009
2986 1619
7919 9179
5651 8989
4402 9311
8341 8915
7767 44
1350 1052
5186 5496
3923 1308
5286 1566
9322 2446
8077 6566
4587 7658
60 6085
4362 2852
5846 6095
5436 5266
7077 3918
4933 5436
5404 8797
4675 1127
8897 6494
2250 7855
6052 4295
6846 5746
7347 7623
3934 9079
8313 9287
6175 5237
9198 7347
2222 4289
1836 3367
6586 8923
6912 3161
2568 9158
756 2198
3493 2447
1340 284
3556 3692
7504 1024
6802 2914
6502 5081
7542 2371
2056 8297
5607 2891
880 7085
2105 4308
3358 5170
7007 6011
9325 326
750 1891
437 7858
4822 7328
5722 2021
7837 8294
6978 9018
8537 790
2436 7108
598 156
1334 262
8882 5439
599 7316
4525 7355
4515 828
4338 5119
8803 6469
2733 6170
311 3955
4240 2012
5460 4172
9235 6053
2492 6631
3564 4554
469 5527
5868 5766
2974 7286
754 2109
3759 8867
406 8641
7303 5486
9348 8044
1486 6447
4798 1998
2145 1937
3091 8197
7113 4596
9088 994
4681 6237
3226 9263
2776 9167
5855 60
123 7754
5480 3872
1167 755
3835 776
4959 5439
7802 676
3487 675
7820 2566
660 3926
4589 4384
1303 163
6939 9098
6723 131
6010 2961
338 7868
4437 4793
6873 5367
2220 3943
7337 4784
4979 2763
809 7587
6577 2565
2032 7389
5522 5527
3321 7526
419 6306
3149 7892
2482 1194
6719 6509
6844 4012
6505 2870
3522 1292
3010 5633
335 5557
5692 1834
4744 734
8127 8942
1459 7556
3238 6903
5285 4347
3095 750
9048 5875
681 7515
8610 2806
5209 3639
2691 2452
1765 2930
7456 1364
6767 1009
5760 5311
8516 3883
5504 6234
434 984
2323 8757
6995 9122
8068 2811
6458 834
628 4548
5695 7364
7661 5492
6506 994
6922 1998
3879 9244
4867 532
4034 8458
2486 6822
8143 676
7324 8177
7933 4680
5026 7497
3108 4144
2362 4899
4089 3168
4339 4623
6842 5533
3951 9224
7115 3564
5373 5190
1011 172
7563 7635
773 3292
3243 8143
5934 4686
3511 6354
7628 275
5147 6891
5187 1142
3355 8067
5989 8693
1049 4346
8648 6258
6105 5756
5009 7001
94 8219
7358 6399
7346 3533
5413 5246
7243 206
1515 4783
6007 1693
5353 4728
9342 6274
8960 6414
9117 5165
5446 2632
4046 3041
5827 2359
9143 742
1664 2037
6799 6601
3025 3231
1102 1308
8834 1154
815 12
7612 5989
4127 8747
7251 4395
665 5292
7622 2907
1760 1007
9250 1029
8335 4585
2648 568
8677 7098
333 403
5185 2960
6805 1994
961 6488
6415 8991
5813 3673
9304 398
6713 2092
5913 1499
395 8625
4715 5741
6098 7059
7180 8591
7607 3905
6473 4280
1278 1647
4819 8228
8420 1730
8845 7903
3735 8685
3099 9175
2453 1891
7218 5663
4348 7266
9062 7567
4203 4072
4105 8116
5815 3188
7725 1834
5408 7003
2199 722
2382 7111
8384 2492
8842 5106
1184 4749
3658 5150
332 1716
2819 6535
8594 7737
4111 6085
6684 8077
8756 8806
5545 2330
4425 4738
7087 2565
6284 682
3722 4997
1354 250
7264 2063
8084 2966
6548 5610
7776 7879
7290 6038
2190 5429
7255 9138
6455 8297
6133 5978
1508 3016
7016 1787
4567 3253
5227 1669
1196 4001
673 1710
3045 6358
7109 4646
789 2242
280 5774
468 4220
8290 5352
2462 3493
7406 3640
5758 5604
3234 9170
1869 3883
2939 4477
1355 6727
1784 3113
6282 7883
5396 6282
1864 6303
592 6696
922 501
5552 7515
4824 2407
6788 4515
7829 3779
8165 474
540 8220
3886 1039
2624 949
886 2037
2125 4308
112 6935
1488 656
6498 2446
1665 5965
3116 361
1177 4535
6998 6498
914 16
6642 6713
5280 174
2809 3183
9320 1746
1122 790
674 818
3151 5492
292 2875
3434 2900
9137 6408
8113 868
5495 1725
4284 6170
4173 1479
7484 4220
973 8095
1572 737
596 8073
8166 4292
4394 7308
1276 3114
4258 8864
6428 6451
278 3506
2014 449
5123 1903
5171 6304
5999 4125
8998 1490
1504 33
7626 1334
2146 3841
614 8143
5400 4681
3191 8146
5546 4881
3339 3936
7786 7273
5876 4335
4794 3747
4909 373
3026 7766
2772 1241
7184 5155
4491 6965
5462 6326
4846 3937
5300 1763
8833 3812
8681 8353
4935 3926
630 8803
1388 6359
6273 982
2034 4129
2523 3540
4171 1600
4733 2552
344 7112
2178 1515
3042 8552
7086 809
1296 534
7216 5920
2050 660
8039 8541
3261 1059
602 1087
4231 532
7552 1104
7171 2144
4157 7303
3970 2966
3731 7067
3959 8279
8105 7308
6418 6296
2924 345
4927 8000
477 604
134 5673
7592 6111
309 8898
8846 4531
3572 9225
5689 9037
752 441
5514 8381
5016 2687
691 1819
7320 7248
6637 6261
8400 3868
3784 1452
8954 6604
5253 7181
3915 3322
9230 8681
6227 4784
3599 5846
9219 1431
7344 5663
3028 4646
2346 9182
940 3954
3613 5096
5041 156
2587 940
1116 7851
2541 7032
1575 5169
4403 5758
1850 212
1444 2783
3360 1996
3854 4081
353 545
2019 7448
7124 5162
7399 533
1115 1048
6670 3321
6067 979
289 5978
3167 5936
5769 4945
6663 6395
4019 6510
1589 8417
2651 1431
1223 1275
425 7507
548 2362
4747 5804
4803 1409
2293 1206
5714 9344
7488 4525
2984 1658
4727 4416
9290 656
7081 6198
2235 2891
6230 6203
1557 498
8292 6320
8364 7045
3260 179
7410 6258
7593 4319
4843 2859
5625 4490
4475 4641
72 8307
8025 5227
13 9238
7885 6181
3005 5473
5956 6771
5116 2848
3412 4806
4360 4926
439 668
7877 3359
5896 8177
3166 9121
9044 2717
505 3110
1408 6258
7304 3179
7357 1798
3873 3190
1776 1843
5102 3067
3875 5596
4190 4682
2137 1121
1956 1609
4120 7619
7796 3628
5299 5570
2715 1354
330 4318
432 933
4202 4319
5825 7456
8170 6367
3082 8670
17 123
7421 4758
7289 6333
2720 5487
7707 969
647 3261
2082 570
9060 8372
2823 1595
1933 2050
6178 7567
2531 3704
4685 8220
3893 761
3536 1761
7105 2382
2405 4776
5471 9145
9316 3875
8329 3402
5795 7788
9078 4030
7133 2365
6948 131
5302 4181
7575 4514
3609 8594
7708 280
3961 2325
6711 6697
8812 1152
1890 4846
454 815
670 7383
3737 4115
4648 4742
2790 3703
3202 5018
8300 3639
6934 3768
1627 7868
1406 4554
6985 5553
3790 2974
8715 3731
3656 2040
7875 179
3373 6330
1418 7242
2449 8675
3592 6684
6871 8236
7917 3078
6049 5169
8647 4566
2255 7337
7224 2155
3728 6843
1789 1176
6776 2805
3436 5104
7051 8279
1462 1000
5860 4861
4524 2465
1413 8884
7643 4448
3806 3444
6538 1783
173 2164
8348 1627
2450 4291
1119 3869
1156 499
5510 773
8037 477
6140 7772
8217 6566
4639 3557
2543 4402
5443 5249
1068 5922
1230 7211
4629 8238
3645 3937
5230 8610
4656 4219
9346 2755
4165 8214
1084 5756
6434 3458
5916 2234
7267 6193
89 5633
6368 8933
3767 8253
836 5409
1845 6258
6879 56
9103 6715
486 4416
6389 5319
1111 7289
2055 4318
8835 7087
4929 969
6476 4598
8072 1730
5528 3886
5627 2991
4519 2395
5082 9090
3822 8270
5946 6667
7495 9112
7004 8931
3057 2067
4159 1039
6563 1860
7712 5158
8345 1844
2219 8190
4903 7360
2171 999
2011 7026
8976 1987
4356 8123
5935 9088
193 6488
7988 6217
1648 1705
3291 7657
1801 5850
9124 7357
1737 1442
4194 5700
7732 5793
3534 7859
3617 7322
3792 12
2229 8427
2209 3368
393 1418
3958 4843
8913 4135
2642 5542
9283 7732
5267 143
5444 5231
1414 5495
8524 5800
1081 1227
8817 3592
5564 4393
6411 3018
2559 288
8099 1292
542 6178
6709 6577
8464 6573
7540 5653
7927 8541
8600 1301
6124 1838
5829 7938
9211 2090
8168 2090
5153 5300
1632 8458
7418 6762
1045 1683
7434 9305
1272 613
7583 112
2669 7329
2561 1019
1810 8357
5773 1401
3523 1010
2927 8286
7236 3658
7785 6379
4141 8309
4062 3911
7549 7367
4759 8177
1166 8730
7606 4536
2403 7364
1880 7264
2801 1508
8260 9114
7870 3451
5161 8976
4389 9110
2906 2226
5037 8693
2992 8000
7690 5734
1046 1959
2006 5573
4391 8288
8433 9037
5693 6775
2471 6052
9313 2002
2169 5026
8538 5001
6472 6284
7617 800
8507 6154
6482 7690
1700 7020
422 1367
8271 844
5178 8442
911 44
3142 9221
6087 9289
7146 8111
2027 6752
51 206
1560 9289
2039 840
5967 1167
3814 17
2883 159
5505 1425
2106 5404
3354 1693
404 5496
5832 3034
3714 1039
2726 4584
1876 5253
3153 2171
2046 8613
6000 2995
2540 5763
610 5088
8475 3034
5595 8693
2765 5123
7467 5627
8912 4996
5229 7491
878 3943
908 2082
1439 1312
4612 4927
4834 7327
1588 4886
3895 7046
3385 6346
4906 670
5210 4159
5233 6459
7671 7938
8645 9079
3999 6053
4381 271
256 26
7819 4512
8603 73
4771 131
5613 2323
983 6952
7756 1826
1001 6412
2370 1251
6728 177
830 2209
5923 3073
9058 2958
2581 1860
5103 495
1980 1799
3930 4536
4392 6560
1265 2597
6259 7947
3147 8020
3274 1086
2374 819
2967 2178
6435 4346
5816 4519
5450 3148
9073 694
764 8929
239 1914
4474 1835
4000 2912
2412 3961
5881 8214
9294 1364
850 7347
7893 5436
1830 6767
6863 692
6856 5573
2602 7942
4796 6704
8854 5671
5390 8072
8171 5586
8827 4030
8775 7085
3527 6498
3942 1978
6422 7272
7674 6408
3050 2106
6988 7744
8275 8773
494 546
4445 4474
8569 425
9099 8403
2066 3739
5538 2687
3063 5151
5752 4880
5118 5707
6929 5299
3500 6880
6129 2816
6143 5526
2182 5210
7188 3921
8064 6479
2200 1391
57 5233
7965 4099
8040 8594
5968 3303
8986 281
4130 8447
4398 4263
6260 1095
3528 5758
8098 1486
3143 8591
6167 9053
3584 3025
8510 6173
3417 6065
8172 7679
1426 2006
6490 2938
4808 3168
4950 3767
1545 7141
7518 5918
1096 5990
4754 8645
7582 6894
6661 3812
5701 4339
3777 3914
730 3675
1717 4291
7438 5909
3155 6983
3382 24
7496 7919
9314 5458
6576 5983
1833 5738
2784 4437
5345 5758
8874 9257
8980 4015
1433 2274
4439 437
7013 2992
6316 7631
5787 8966
1472 3962
7704 6178
8209 2939
5205 9309
4126 4465
549 5990
4365 4758
854 2037
1502 6564
4907 5484
5886 1985
3319 4798
705 4937
2698 2873
1464 6563
2800 8355
1181 4833
2879 1402
4496 6349
4948 9256
6413 5132
7167 3405
4971 7180
6009 7020
8097 7349
1500 1575
6162 6364
7461 3784
5401 5875
144 3836
6881 3311
319 8438
3459 8377
8406 6507
7433 2358
7529 3319
7002 8781
2753 8929
8518 7180
7798 7121
7427 7955
7076 5860
2385 8980
8180 587
7931 172
3963 6765
7701 2642
6158 8019
1874 2436
7676 8012
9166 3257
1105 4222
7187 4005
7517 9164
7107 8962
49 5773
6657 6859
5945 3866
4781 1003
8902 1867
2267 1538
8466 5991
7047 7757
5137 8442
6 2974
7514 7619
5907 2551
4153 3436
8791 7329
4810 4129
6026 5825
8221 4660
1713 2048
3687 7212
8838 1648
6329 3390
1965 5390
1291 5252
3882 6985
1427 5003
2773 6763
7596 5504
6574 8298
7122 2901
7372 7701
531 8065
7120 7210
3669 7508
5330 685
4098 7059
4411 5016
5176 886
1089 6223
4238 1833
2196 754
7632 836
6489 843
1660 8712
3441 2959
9031 4000
7084 7799
8758 7859
1536 2622
6094 7856
6196 5113
5859 49
5709 9020
1721 7280
9203 6724
7189 3292
7681 8828
8614 8827
4049 7680
8115 3007
3641 6149
9034 4417
6562 5114
4904 2370
1858 1303
695 2683
8505 6984
8543 7077
7220 8536
4972 4258
6074 7055
2988 5165
8752 4819
5904 1683
9030 3073
1071 275
7106 7084
4497 3402
1136 3228
6608 7657
7993 8713
5259 4452
5642 8833
1082 7090
825 6163
5609 5194
2834 911
1811 2800
4442 7846
2215 2688
6319 6967
2821 2204
184 4545
3218 9322
7478 6445
7200 3769
2189 7231
2424 658
2721 7462
566 4302
2434 4819
2585 1336
9194 486
4532 3332
4839 5791
544 7628
8435 4594
2147 6728
6593 534
590 8020
8229 1475
767 1765
1995 3533
8450 7623
1094 4238
8380 7347
5359 4584
8553 3959
5019 7942
4716 4464
228 3594
3415 7250
9210 5816
2480 3529
2758 4392
5532 567
5201 6722
7457 1241
9107 7716
4750 1771
9051 5575
4666 2884
4518 939
8482 5720
481 6988
3724 3844
3 5611
8397 6901
331 8166
1038 6904
2442 6881
5220 7712
6913 3135
8412 5334
254 7549
5591 9263
7571 4775
6339 2390
7356 4375
7177 5507
9261 6990
5139 4257
4936 3161
1132 203
3575 2811
3340 6903
5779 532
4918 2758
7974 3351
70 8443
5943 1572
5602 1457
955 8693
6581 2014
749 549
3469 7460
833 7388
6161 2887
8283 7350
882 143
1815 1584
3138 7556
7317 2576
3104 630
2858 1862
7975 8552
5942 3918
8515 5988
5623 345
8389 1144
1295 1304
426 1998
5083 1184
3336 4089
79 8756
8194 3522
9104 298
7268 3664
1013 4786
4729 5804
2638 2296
1816 9126
7810 8756
6512 5996
8506 3082
2451 5602
1728 5328
113 8681
8082 3588
8604 5597
3203 3322
4878 2494
2970 6560
5221 1666
6302 992
7162 4931
895 1976
3504 6434
744 5200
6951 4768
1935 3999
5069 5285
2165 8842
8813 6763
1875 8923
117 7846
8062 4421
3083 120
4443 7437
657 3500
7048 1237
714 5106
8489 6291
1697 3955
5593 8966
6327 5894
7006 3664
4575 7232
8320 8487
9095 961
5649 6667
8895 3716
2942 1650
3481 2824
3991 8773
5771 8342
4779 9146
6062 830
8669 7320
1631 1077
5629 6696
6345 7108
4447 3110
5856 5074
6546 1766
7562 8459
2206 8453
2481 6468
931 4824
4622 8677
1957 222
2180 7083
5540 7210
4737 4935
7840 8083
3464 6395
2921 6480
6003 255
2537 2272
8131 3630
2897 8698
2610 4802
5308 2092
661 8290
7302 7067
8800 4793
7576 7502
3471 7632
1285 572
3755 1003
1607 3155
6936 4421
1310 4326
367 121
3718 6579
517 5037
3254 7672
2029 8540
6160 5522
6126 4194
993 2972
3891 5787
6757 5671
3492 6480
8889 5040
4540 4997
6295 7910
4237 2421
1543 744
5482 4550
3819 1372
8990 8797
9291 5044
8472 1545
5078 5298
4665 6487
8496 5967
2277 4237
985 1132
3852 8838
7221 1833
8587 592
3423 913
6453 5766
7981 8411
8117 8836
4457 7364
7510 273
7781 4002
5887 730
5061 3664
8844 7495
1287 2988
7069 7290
8512 1295
2327 979
4900 1639
8244 7499
3604 2622
3331 5536
4977 9339
3221 2245
2845 2788
9245 2931
4842 1196
7630 7809
4097 2176
7957 1175
2955 6751
5877 7322
7806 2912
3252 8077
2673 4512
7792 2029
5759 8929
5973 7501
959 1794
7378 2722
1267 851
3424 8385
52 5180
466 99
877 6131
9222 5869
2799 5988
8216 6473
5938 1789
1649 7320
4149 4491
8474 5411
2937 5042
3171 2564
294 6268
3369 1488
2217 3359
6335 6527
2713 7387
5592 4550
3596 4499
8401 7006
8784 4046
6283 6762
7321 1252
3967 6557
119 2082
8978 7661
7486 7560
7263 9020
1635 3636
4718 1224
1982 8208
6607 513
2246 790
3867 8645
1534 6461
1684 2309
4611 614
8326 3243
1879 3528
6528 5976
1201 1747
8554 2722
7641 6594
6682 3094
2463 8634
2342 5688
5048 6252
9133 4402
1319 4893
5326 316
2161 1046
2813 4904
3468 8683
9205 7850
2051 5151
693 2135
7053 2437
6919 8208
8175 5123
6758 1960
6681 3019
4614 7259
4562 1960
5068 3996
7616 963
8646 2109
3622 8401
6072 4456
9247 3785
6794 5872
7201 5709
8760 3915
5985 5922
1601 1426
3086 5555
7422 9205
3256 7515
6565 52
5270 5390
6905 8662
3065 8201
9284 7923
5406 8279
2022 8523
3169 7700
8284 4457
1922 5622
8203 8524
841 8812
8005 6953
3246 3380
988 2907
3456 6533
8678 3188
8394 4301
6048 519
4290 7621
3804 677
5819 8669
8030 5601
704 7708
3002 5603
8174 6761
5947 1353
1856 5575
5950 5602
5806 616
2337 8219
6686 5306
3754 5806
8144 6442
7203 9346
4828 1010
2507 6126
354 749
6231 2784
6940 2624
3051 3252
5228 3987
4414 4926
3479 263
947 1965
3501 5759
7471 2557
8568 2297
6748 4030
3266 4053
8268 9290
5065 8056
1791 5934
8366 8318
5790 8933
8721 2585
1478 1810
217 6195
3338 7433
1138 7449
9055 5102
508 5299
5281 496
4968 4974
2586 7392
2479 3459
5059 2769
8621 5764
9054 3693
5438 8631
9276 6490
6872 5663
6987 4836
3357 3749
4260 1081
5647 2798
2911 3414
7982 8238
1599 756
5354 5402
6925 3142
8285 3636
5721 1858
5951 4756
1670 2147
7469 776
2423 2145
4741 2717
1373 6579
5420 2575
5097 2562
3299 333
5569 2200
1928 4972
229 6788
2866 6226
6941 3379
718 8381
4037 1014
2236 5899
8477 8828
3420 7437
1513 2958
7891 6748
2457 7619
8147 4410
4985 3368
8805 8086
3207 6607
3559 7626
4503 3274
5644 7834
551 7612
6537 6284
6838 4202
1112 1184
3049 4023
8851 3412
2159 8082
7278 7631
3186 2131
6360 4630
6624 434
4207 123
7391 4049
3632 8755
4331 776
8076 8131
4137 7732
7972 7264
102 9236
1535 6178
5617 8108
3140 4716
6068 2657
304 674
4243 4775
1634 7952
977 7674
2239 2932
5941 7231
3579 9322
2595 4759
8096 3532
8858 3256
8212 5322
9043 5631
2588 5550
8486 7053
6171 9162
8304 324
1217 3094
1556 8524
3009 1032
5589 8835
1744 7387
3582 3496
3447 8739
8346 6104
8043 5400
2378 3485
4650 6945
5924 6966
8950 6810
1752 2845
1894 7027
5032 6457
3547 498
2127 2921
3227 5437
1975 3622
65 7200
637 5359
2474 8123
5568 4183
6206 3873
4956 672
726 3654
4581 6422
440 6428
7215 3860
1326 592
4169 3253
5459 1647
6933 1364
8204 2921
6755 6292
7663 7643
4486 923
2278 5170
6666 56
1179 4152
5428 3156
4772 1367
5730 8705
64 1499
2167 4097
3778 7229
8470 9123
5824 6399
2138 2242
1143 6421
1711 6155
2737 3265
7299 419
6938 1418
4760 9167
593 3446
6589 3958
7024 2799
7226 1009
1456 449
4211 6089
543 6462
8252 8681
3892 1833
6785 6935
7424 4421
1159 5992
2181 7950
6860 6258
7102 4623
6222 546
6691 3540
8764 7337
9279 3441
7524 6333
5563 8921
8141 361
1820 5709
2008 5673
9029 7258
1274 4111
1583 8697
8213 7833
9271 2655
7477 3724
3178 4347
4732 122
3119 8547
7685 2457
3971 1991
3810 5532
1756 7393
8925 4802
4605 4212
2913 7510
5424 1843
6658 519
6294 5575
9129 7679
8819 140
2635 566
795 6577
5219 6213
4354 4806
4816 5652
5944 8115
2795 7957
2934 9090
3235 7988
3519 6967
6419 3945
7963 2983
1483 9223
2803 780
7828 5255
6862 344
3627 1798
6460 4737
2118 490
6534 4932
2258 5992
7907 5607
8063 8846
4161 113
3799 8246
4792 6195
7151 918
4379 7327
7908 4881
4654 7350
7023 232
7962 2438
6674 7907
4174 8361
8640 6253
3323 511
1899 654
5959 1154
242 6594
2396 6802
7010 4426
1969 6226
8687 5758
6398 8645
6831 3492
92 7592
1999 2239
4382 3921
1290 2486
6014 5176
5094 6412
945 4144
5605 8147
415 5702
4709 318
2802 2566
1255 7907
1814 4290
8545 6171
8514 704
4018 4335
8047 4717
7512 1600
4757 4922
7311 5167
3101 5889
1356 1004
3013 1266
563 3274
7791 2139
7946 5726
7245 1934
4471 6016
5112 4531
421 4762
4359 8341
581 5255
3661 2376
4799 1377
8694 6640
9025 5629
5698 5614
4661 5018
6508 5541
921 5992
5388 112
7861 5622
8138 6420
5365 8721
162 1512
6804 4339
4461 8067
1774 8858
2391 3039
7269 8757
1440 8450
4817 513
6973 1439
6318 6778
4074 2920
4815 4803
7760 1166
5134 1539
7419 5134
7911 602
1829 610
7832 6082
8762 3020
3329 2543
115 2409
2341 4579
4860 1943
1871 6888
6402 5248
935 2325
2860 5280
3245 4389
7237 5464
2735 4682
3152 2715
1386 8537
3695 7076
1078 7534
2902 1756
5129 7726
7143 6831
1986 8763
2408 8560
4588 2071
3084 4144
2318 5533
2822 2866
7420 7190
2064 4768
5022 3024
9150 7615
896 6009
5914 2079
4050 9240
3931 8052
7442 5240
6381 3919
7451 8401
2923 4611
8035 8773
7845 6058
8606 2399
5828 2226
480 6133
6037 8890
3877 662
3676 3672
5449 5259
7557 3828
2357 1171
509 972
417 3276
5055 4365
1066 7545
8029 3368
5745 3675
8498 7632
5572 3652
3164 2761
2754 9262
507 2730
455 312
181 8246
4303 2281
7345 180
6121 832
6675 5766
5273 3996
3975 6188
7869 3557
226 5730
4795 1708
1989 4211
8723 6670
1997 9313
5503 1894
4992 3490
2128 5240
6189 8014
3590 5402
6322 8337
3983 481
209 3759
4316 3728
8559 6090
476 7556
6263 1039
2863 7737
8315 3500
6947 604
4838 6013
7384 756
7863 2245
6883 4737
3871 6329
2548 7111
9183 6813
8363 9112
8033 2440
2004 26
9094 7578
4645 6727
8674 1699
5713 4391
2487 2739
2097 5783
110 7001
62 6734
7711 4425
3715 265
4420 5988
7666 782
3362 7656
2060 7483
1520 1980
4031 3381
6034 6171
5558 6287
5012 6015
4186 2412
5418 1958
9233 8324
7445 726
7740 6966
5080 9111
5215 6947
5224 1566
2119 7606
621 5984
2825 5921
6764 2155
7240 6487
8402 6250
4372 6171
4626 9205
7270 4338
8801 8645
7172 3930
5049 513
4764 3373
2981 5778
4780 4360
9193 5410
4919 8222
1701 3496
9330 8245
8926 3565
7780 773
1044 2135
4182 2684
1040 8576
266 3883
3815 8697
4723 7249
3037 3828
1813 4020
8193 8600
9171 3959
1277 4443
8888 3414
4670 4393
1146 9099
7459 5022
3560 8076
3233 403
4054 2513
5880 7892
7953 542
5798 8907
7905 4902
3281 8472
1848 6576
3912 8900
2997 7648
7835 1607
5244 5779
5966 8954
3445 3592
8574 8201
2591 7563
1106 1722
9275 7543
1463 3347
1322 5829
2108 4333
712 5009
5389 2684
5581 7495
1930 6412
3334 303
9323 6244
2810 728
5851 5780
595 8108
7769 5800
739 5806
6806 4626
204 3590
860 4617
1471 1068
5665 776
5636 4149
1313 993
1550 2159
2065 9055
2969 7392
3111 567
7475 6210
6101 7111
5650 2063
4199 1720
3397 4169
8564 8838
7154 9244
8042 490
1183 6187
4511 449
3864 5068
5023 7107
8876 2354
97 4697
7752 6909
829 1350
2925 2219
6020 8111
7370 6073
7696 179
7453 6870
1200 3056
8771 1037
8188 4655
8205 7442
6382 4597
6515 4744
3295 4522
7640 2888
680 2285
1689 4972
8125 6487
8766 1376
862 4786
2493 4486
6942 2912
7176 2457
6639 3665
4451 4018
8017 5956
1165 7139
2445 8001
6386 5819
3670 7972
709 5368
9266 7756
3044 6506
603 1928
7627 3238
3655 5896
684 5815
2919 395
4010 350
7127 3676
7465 9110
8970 1004
3643 3631
2177 6642
3236 3536
4696 5826
7973 773
7853 6965
5822 3114
4872 7384
1912 8942
3352 289
4008 8515
4564 8073
3707 6217
1714 6154
9288 4566
1529 3915
8368 4646
4297 744
4875 4499
4110 5314
5979 6972
4096 605
3797 2371
1729 9266
5515 8675
2555 2889
4662 2359
3085 7595
9108 5124
2950 9151
1314 1492
4624 8147
124 3321
6750 5170
8256 5571
7160 4654
6449 6576
3105 4756
6350 3783
3072 7903
6648 4506
2678 8506
8089 6853
4265 4259
3310 1989
3463 6873
3849 8221
5038 3467
4569 3028
227 5942
900 1871
347 1862
2701 662
559 5129
352 9156
1060 4375
966 3344
1135 4030
5207 5011
8122 7348
812 8812
2786 7047
1750 5700
4048 8607
4804 841
2057 2435
5566 1876
7277 8068
320 8726
7377 9158
3375 1442
4915 5693
2194 4685
7117 2879
6046 5918
4196 4715
2377 1517
6409 477
2748 8204
2794 3918
763 9081
4310 8357
8626 5825
6654 3169
6606 8693
8542 1570
3306 8005
5426 5074
1460 8635
1610 9008
2956 1938
2994 2067
2404 9016
5873 8959
1193 2258
4687 2472
8230 2205
8350 842
1671 354
7217 8536
642 26
4908 6541
5168 5520
8176 6755
9347 7108
7239 7454
7257 3175
9340 632
6323 733
8585 5613
8590 5929
6740 5861
4009 1879
5499 8412
1788 8357
1407 332
7123 9292
3210 8586
636 4547
6305 7700
7065 1267
5679 3149
457 4265
1469 6179
5686 8472
1673 3664
2865 4584
396 5576
7166 4396
1503 3318
875 7635
9024 5220
7945 9224
3896 4420
5265 7972
7673 7351
4060 2819
1906 5205
8664 3162
8235 8435
7092 6651
2814 5872
6615 5249
6471 6409
2091 1250
3993 3652
3488 1619
3237 5061
6974 9151
2317 4222
2384 8147
3589 169
899 1964
7274 6467
287 6389
5590 1568
1239 9011
5910 8256
6220 8394
2855 7856
9039 4757
2519 1171
2348 7209
5670 2562
1114 2849
4080 8194
4958 143
4674 4054
8503 2250
5245 5302
6914 3812
1339 4511
7000 6940
3966 3273
708 8147
4869 3113
3512 2466
8830 7023
4131 1416
125 7870
2020 2902
6366 2255
237 2039
9243 1230
666 6701
7984 4175
729 4969
1863 5996
5058 4389
7054 7663
1727 3847
9285 3718
1626 3210
4722 1525
1389 6447
6529 3423
639 3718
5020 4804
7699 6284
9228 6463
2227 1463
4349 5267
7586 5806
6647 4732
1362 5959
2422 2673
6432 902
9116 5787
4788 4394
5372 2630
7692 8614
1134 3548
4324 6167
5892 8003
8750 3556
8967 3598
6954 4074
8181 2233
5690 8845
272 7820
8354 4922
9155 4384
7075 2060
2965 3170
6475 6258
8767 6710
3287 4488
8702 8523
5304 7003
2468 8641
8550 6684
2546 6413
6194 4463
1573 2429
461 8869
391 4824
1657 8740
6277 306
215 6368
8153 4392
5108 5399
2260 2222
6539 7623
5195 7184
3283 5074
6737 5104
3371 5831
5077 8288
2526 438
635 8082
1667 7649
8218 1314
6208 7258
619 2511
8768 6422
4273 8874
7446 4774
1263 1253
4528 7268
2454 2564
7481 6222
2266 2946
8121 4023
3330 2217
525 1477
7292 8648
4255 1271
5191 2436
5843 1838
8289 1307
3705 3767
4924 1062
6365 5579
3928 2440
8273 5771
9301 3197
5062 979
69 1081
3217 6149
8865 6189
1596 5763
9080 5886
138 713
7234 8653
5387 7483
1547 4952
9184 1483
3012 4995
5657 9178
6991 5302
5777 5929
8622 7577
5271 8016
5676 6411
1302 7146
1731 7833
4987 4125
7041 225
6325 5127
9036 3366
2142 7453
5234 190
4147 854
6096 9289
7935 7243
8419 906
4854 5946
7535 3822
4873 4747
4210 3191
2926 7240
8837 3975
7599 8393
8126 8723
8240 6916
3438 2800
520 3381
3824 4152
2574 250
2334 1474
1654 5352
8491 7000
2456 7335
4378 7974
1396 1023
7423 1976
5600 2510
1243 4802
8232 2456
3460 3245
1561 5085
9213 7162
8314 2975
2762 2127
4636 5317
8060 8627
1653 6535
1551 632
4500 5112
6207 5579
3571 7277
1232 4171
1859 3936
7639 1548
2779 2109
5004 343
6836 9095
5977 2804
4534 1071
1378 3370
4691 1776
7721 4700
2208 677
8551 40
8703 5622
6718 4141
7428 4617
8951 4977
9306 2924
3491 4403
1092 1243
920 4260
378 1046
2276 8757
4957 6761
6456 8524
6958 7573
351 437
6766 5052
5927 6435
1031 6245
2569 5103
1027 6305
1238 1634
2336 7552
4944 6733
3068 3142
1507 3925
701 1579
3516 8087
3249 8506
1779 4204
786 8274
7100 1000
8650 289
3308 3640
9049 5586
1015 8785
9336 5251
3043 1362
2719 4808
1592 4074
6022 5451
4965 5594
3315 9114
560 3018
5006 4606
7689 4195
6156 6611
5567 5762
5318 6595
4657 8022
4607 2055
430 4411
3850 1447
7183 4156
8555 5649
5833 8329
5666 2586
6290 8507
6583 8189
5491 5052
374 2612
4538 3034
1603 5419
2086 4574
6201 4705
2716 3257
4042 4558
4940 7334
8479 5372
4482 235
7609 6942
3614 1478
411 6416
4148 7081
6091 4506
8548 2079
6708 7438
7730 2219
6655 3999
989 89
3215 8024
9259 3493
1553 9155
9050 293
4069 5439
6584 3482
9004 222
409 2245
4103 977
5888 7988
2757 9211
492 8419
8323 9110
4252 157
3182 2019
8234 9182
3851 3138
4138 8031
8048 6780
433 3909
2305 5736
7227 559
5338 7743
9269 4641
4311 5988
1344 7846
6699 6601
7864 361
7199 2888
233 2548
8008 4173
8519 2086
4883 3332
9260 6455
1147 4898
3697 5221
5784 6782
2241 5921
794 6296
3973 8175
1311 7481
6248 8437
1421 2157
5256 8330
6609 913
4245 119
7600 3735
4328 4152
5883 3456
5748 914
7390 5942
6949 9289
106 3276
5587 2445
3515 906
9204 322
3531 8910
3685 7515
6665 8156
4241 4989
6109 4876
4004 8341
3969 8335
5805 7592
9141 1462
769 4438
8906 5408
5199 5083
3259 7923
8655 8973
8868 752
5757 6904
793 6697
6671 3943
8317 7226
6102 1294
6433 8982
9277 454
547 5780
7825 789
2431 7115
5145 2998
2560 7627
2915 4088
3486 2520
1749 5534
6168 7645
7019 4931
249 2367
3348 4420
5898 5264
7073 6398
9134 7253
3160 4584
8291 4276
2299 4864
3187 5973
6190 1980
1764 5298
3520 7801
6470 1717
6662 1302
8644 7681
2174 2192
5477 2870
9023 6658
1283 5399
8855 6511
5683 5188
7096 3958
3817 3538
5559 6411
4073 8025
9212 6201
4430 4519
1067 4424
4649 5012
428 1062
158 5448
8738 7076
7634 5414
4334 1652
7012 1059
1320 5892
4383 8538
3950 2072
6530 8666
7838 396
2850 8905
9083 8928
8751 3050
3132 5895
2746 8216
9312 5265
3437 662
7849 4578
4820 902
7706 6692
7739 6273
6374 5920
583 8032
8856 52
747 8687
1621 5445
8428 8110
4450 2364
5842 1781
1099 2959
6514 7206
210 3518
3781 206
4154 3473
2759 4330
1840 9050
2829 8323
1777 5918
1346 7048
7763 148
5122 2145
4493 6541
8593 6226
4409 3309
3262 4878
2768 5522
1555 4718
6144 5017
2168 7575
5250 2473
7283 7776
6669 339
6118 1548
7095 4395
1349 1976
6186 5159
6627 6014
1207 6159
9341 2274
4132 7644
1638 4908
355 1025
103 8259
8873 2890
4990 2523
218 2473
7050 8591
5313 8803
7381 1862
6288 5798
1118 5533
2876 8216
4671 4629
1072 4448
8449 3380
164 8503
2113 5542
2351 7104
2710 5195
5405 2431
2578 1059
6770 946
3694 6297
2625 3368
1259 2242
3558 6978
1097 5465
2303 4004
2766 5252
4752 3373
6815 4617
8173 5495
1299 7177
244 9146
8169 1356
2458 688
5638 1468
1182 7046
8866 807
1552 7501
2709 6664
6083 4214
6835 8678
3054 1549
7443 3182
47 1631
1332 2341
4215 3999
8682 2899
6612 2738
3484 2981
8608 1964
4975 3287
4192 3938
7192 6754
7591 3306
1043 1077
4559 5655
2003 875
1919 7316
149 6296
4925 3397
6441 6412
9071 7314
3699 119
7787 4936
5371 933
1812 2106
9218 7212
8843 4888
7528 9283
1865 4919
7765 1980
9066 3534
5530 8692
4143 3964
7011 4486
5087 6485
3583 2255
8112 7819
8720 4740
8128 4335
7511 7707
7452 4295
7774 5504
4885 3252
4011 8995
1445 8760
6004 507
5050 3019
6676 1614
888 1879
5788 9208
408 9262
7179 2086
3653 7477
7413 3371
4269 4836
5731 3952
839 8277
6215 901
5664 5817
4408 5958
1868 2209
4170 2022
1443 4990
7366 8228
1018 9213
7037 7146
7782 1274
6613 8232
3454 5726
1480 6277
7991 4255
2539 3043
1360 1547
7936 4598
7734 5655
4769 895
6501 5868
53 5671
7091 303
5398 2162
1325 7761
4361 74
7584 8192
1410 1789
9332 196
594 4339
6900 5780
1642 3822
9278 3598
930 1397
3701 3663
663 4302
6957 6940
938 4359
5637 773
1495 3971
7474 926
5621 1123
6137 3804
4036 495
5030 1635
4063 478
8049 5458
3126 6939
4970 5708
1832 8238
6139 1077
3800 8974
8679 9185
5841 4623
3638 6960
6324 7242
8886 5438
4035 8564
5454 7244
8452 1781
4136 1865
5362 407
6061 1275
9132 6167
6228 2937
7261 5926
3345 5890
1429 6395
2682 542
4577 4
3517 5922
5619 4117
4142 5017
2000 2986
2896 5650
7021 5215
5980 5314
8207 5883
8725 4099
1839 9322
2393 3718
3889 8631
2120 7188
269 8239
8387 8679
1971 6534
1244 1783
6959 5769
2542 1980
8266 3126
307 7572
197 4841
4288 4142
1644 4256
5902 800
4862 5329
2699 6663
2324 1479
4901 5968
3793 9137
2345 6
9267 5505
3377 1372
3498 7798
54 2960
8009 799
2172 4468
8857 808
7733 6449
4725 4976
5616 1948
3509 8830
1280 7392
6818 7077
2495 2157
3139 4611
6626 5888
2618 9301
84 598
6516 3512
14 5589
2425 6414
3766 715
7265 181
6081 3938
2570 2177
7603 9290
3756 6414
2419 6467
6466 7235
8365 5978
8676 1104
8620 1048
1195 4606
6980 6328
1240 115
4523 2348
7605 2769
6224 8711
3711 2371
3591 4987
6850 991
2940 6635
5648 1031
8996 8385
4735 5876
4635 6802
1284 3083
2115 3649
7618 8391
8109 6775
5583 7814
4254 2685
650 8479
7017 7045
5551 6608
6151 2866
4964 7881
1328 6928
2080 6896
3927 7973
5100 1707
8824 5679
6006 7241
9061 2226
1069 3323
7852 5301
2007 5080
4236 3883
7659 7632
1352 6767
32 1192
9217 1857
8859 1903
6025 4591
1338 4664
4921 231
4984 7003
7400 3329
7279 3379
6864 8318
5812 4783
5417 319
4684 1973
1185 3507
7555 6261
2410 1618
5366 2891
864 5687
6500 3292
7580 9301
627 5568
9131 4446
1141 7971
2352 4793
8404 2190
4953 2889
7375 1234
2789 4503
4560 3852
1233 761
8373 97
6106 8131
7537 1640
506 2093
7365 3055
8135 7184
8179 4023
3058 256
5039 6618
4124 5037
3074 6399
4917 5266
3729 3986
8820 2016
4404 6349
4911 7381
1968 8856
7610 4119
1528 3025
3726 3890
4692 2308
267 8331
230 7972
68 2717
5047 6382
253 840
7602 5018
2641 4757
3736 6527
6132 3880
3440 9231
6869 2635
4568 2769
7080 5291
8149 2809
4484 4063
6496 1121
2603 6967
7959 3362
7385 6785
5768 408
7683 9341
4761 305
3551 8854
8282 3188
6598 790
2386 5280
3900 8201
7967 1666
4546 5704
6910 1285
7412 8315
5269 3714
3845 8326
3530 722
8977 4606
6036 3887
5624 901
2854 7059
2527 7018
867 7798
7775 5023
7490 1903
3029 7486
3027 7609
4460 7551
4676 6022
7374 441
1371 5825
2353 7348
3031 6866
1514 8677
7131 9183
5376 4238
3513 1097
738 880
1855 7314
4627 5317
8418 4815
5341 3379
8529 7973
8619 712
8265 7549
8396 9175
3917 5081
4625 3218
6373 7863
3301 2131
5053 4126
2307 8624
696 7881
6481 8348
1726 2073
5305 6395
5971 6188
9118 8669
4332 4059
2856 7871
4610 656
4892 3060
8759 1553
7056 4065
4013 3935
5678 3240
1384 9194
2512 992
5844 2967
2545 398
2398 112
5641 8778
7722 4507
9282 433
6817 2178
1393 88
4261 9141
464 5576
811 5686
1793 5514
6247 4917
7688 3799
321 8204
8502 9003
8103 6068
5034 1050
4827 5713
8080 4265
5770 8093
7918 5103
4370 8014
2596 7724
4695 3537
2123 8472
7262 5180
2426 5532
6077 5371
6276 3844
803 5353
2533 1746
2952 1100
4321 9132
8680 481
171 4524
2506 8012
2175 2926
2536 6527
4530 5210
2061 5526
3477 4240
6033 3615
4658 8607
7246 5633
600 7266
6299 3886
6107 5991
5912 9298
1028 8819
5212 5205
3032 1425
7718 6008
7915 8541
59 9198
952 7046
3036 5454
6281 5313
3428 5702
5369 1445
574 8393
7812 1483
5213 7172
2993 602
8671 3829
8684 794
1412 940
3280 5747
3326 4104
3195 5890
651 6303
5972 3967
3709 2307
8563 4831
2535 1867
6865 3061
7554 5266
3542 3157
2953 5503
4913 5771
4271 4973
1703 8525
3992 5220
5283 5583
8823 2435
4782 7582
7941 7009
1248 2440
4419 7802
7252 6667
2253 5618
1628 6505
175 2254
1506 2804
8272 5833
1686 4069
7380 988
700 7372
8124 3159
1925 9099
4751 4540
2469 6350
3242 9286
6045 6258
904 2073
6962 5920
2835 8534
7594 3049
8296 6462
8816 1118
5261 9270
8599 1048
8786 2370
6430 84
4981 5314
6141 6601
473 6592
5327 2226
1719 7486
8155 1253
4492 8923
5355 7688
4454 6359
652 1345
3059 5885
6405 1545
1076 7871
9326 4031
96 6330
8695 173
1091 6534
328 6283
7841 8350
1150 7239
6028 7968
452 1319
6099 6200
7093 7091
7901 3668
9052 7910
5455 2759
2141 7363
7994 952
5093 4576
5680 7734
2304 5606
7561 2317
7296 6217
1423 5240
1124 4588
6293 773
8939 5112
5739 3520
1056 3973
4075 8329
1576 7798
7015 2575
7155 2897
6634 1469
7339 5795
1020 3506
8668 2506
1892 7279
1694 8153
5620 4383
1002 2300
3808 3310
2360 8763
1923 6527
3130 1230
1521 3936
8794 6193
3284 8292
1990 7141
8426 6714
2264 2363
2857 7560
6211 4622
1562 6524
5332 1661
6017 2109
3550 8846
7431 2364
919 6486
7362 1493
3757 9328
389 7975
1273 4381
8572 6292
3820 6158
7207 3135
5067 4989
8469 8500
7944 7409
1546 840
2831 1147
2350 880
2356 2277
3901 4583
5468 6250
6401 4836
1411 2449
5834 4020
8829 1068
301 6320
1821 3105
7198 8256
133 3099
1841 832
2373 6350
4895 2812
8718 3168
6054 2884
8409 3247
7158 3756
6404 1392
5849 6933
5321 8445
7759 603
5029 7181
3980 1102
2045 1384
8133 7102
3647 5904
8462 7090
1173 5017
6300 3931
5360 756
5674 6261
4800 172
4223 4658
9197 4539
7909 3635
5193 1253
6849 1895
8802 8559
3416 3538
221 4053
3419 809
202 8566
8871 5116
6769 1128
3353 7066
6644 7242
8085 2623
8154 1703
9019 7767
9139 6354
5716 2429
7043 2023
366 4243
6522 2789
7313 5600
5537 7036
3205 8583
3232 3178
6444 5815
50 5507
6478 4611
1131 8591
4853 3550
3566 620
7153 431
1692 6050
1620 9095
5489 7154
29 9146
7532 1480
915 4889
3906 7141
8728 2133
7705 6324
4942 8336
1974 2495
3278 5793
5803 888
3505 3218
4859 3456
2049 1154
1348 7093
8444 2005
3834 7746
259 6673
3753 3444
1527 4691
1531 866
6023 2395
1984 4231
9334 595
392 766
7440 7518
6499 6849
8504 4305
1178 2825
2760 1182
526 8923
562 3136
3277 106
1932 6708
5005 1334
1430 6579
4112 295
6656 1023
3719 7090
211 5992
6633 1099
5659 2060
6362 4872
981 6891
1809 7713
1103 8109
5740 7791
7930 6232
2895 94
5343 1766
3250 6919
1 2821
7839 9088
5138 8285
2211 5693
5839 161
606 5301
3657 3643
6334 2934
6278 2375
936 6516
2413 7253
7547 481
3069 2260
1947 2378
6030 5560
9248 749
8961 6665
5786 9221
2658 5265
8847 395
785 4207
270 4300
5744 5641
885 1816
2846 637
8573 1155
118 3544
5578 2285
4938 1584
4100 7852
2201 826
772 6586
8198 5921
4529 3261
4352 6732
2594 9212
71 6684
7436 1706
6093 3883
7386 5561
5820 1638
5995 8228
155 5617
838 5827
5814 6938
858 7563
5296 6955
2100 7314
5036 9261
7396 8204
6857 8060
183 7252
3449 1427
2207 8380
7771 7596
3698 7274
285 3320
5021 3647
7489 7601
2033 2175
2686 4422
129 321
4866 4196
6353 2304
9177 4715
5149 5298
9109 3357
7394 1029
8247 2403
4526 3814
2861 5563
9072 2285
448 4752
5818 6793
370 2596
5394 767
8255 3719
7646 1277
887 5100
7061 3519
7750 2080
8562 2549
3264 4106
458 7320
8440 3305
7800 5479
588 2617
7470 4396
7795 8687
1773 1459
8936 3658
2732 994
4863 5520
4242 952
3337 2162
2590 713
3644 184
2708 2012
1026 8498
6239 7466
659 2189
2674 5818
3717 204
962 589
4044 1068
2695 2584
4483 1863
3429 5329
7275 5999
7614 815
5893 983
4226 1891
3782 5097
6677 7617
1518 4266
6717 2242
4704 5017
3011 1316
362 3601
1309 4289
5535 7929
2583 9110
7398 3875
4003 6637
745 875
6110 7883
7432 2462
6332 7454
995 6104
475 5787
2780 4977
7118 3234
1168 4535
4025 2710
5953 7831
1755 7179
8971 1469
7797 4636
8145 7568
1920 1072
9169 8502
890 5185
3510 3959
4870 790
4517 2056
48 7578
4745 3967
6407 455
7476 1568
7697 7852
7999 4550
8183 5561
3209 3515
924 5110
6830 4575
5347 7100
8549 1095
8045 5043
7147 6470
6742 2852
6753 6639
7581 4567
5582 499
416 5158
3831 8266
2184 5170
7521 7802
1954 2033
4251 2469
2273 6358
2706 7051
2134 3236
2668 8540
8638 4090
7444 3784
5521 1827
2654 7375
3302 8401
638 7014
631 1136
5092 6933
8119 9078
8700 1039
2411 7128
487 5208
6632 6980
2880 4154
1897 5532
7742 7204
6202 5376
8415 5984
5091 7217
5997 5178
6495 178
2268 2902
8511 7697
1882 764
1611 7620
4052 5356
2383 1964
2615 2158
8567 8519
2013 2149
8334 8361
4849 906
2640 8133
653 5873
5493 3469
2910 6168
3855 1719
8742 6433
3325 472
214 8403
2898 1094
6845 6576
711 1643
6768 7801
2321 1281
6166 4308
1065 2865
5789 5610
7247 606
9157 4235
2320 694
9065 8016
2815 5514
7794 4261
2074 1006
8938 8344
8081 4525
7142 6896
3842 5577
4341 6436
6796 9222
8484 9290
1778 4996
246 8754
5177 3655
4145 5703
4897 2710
2978 6095
5148 7802
8733 3034
1698 8680
3680 824
6931 4862
835 2241
5799 8813
1921 2425
2504 8401
8501 7627
891 4641
3137 1462
6963 8764
2629 6094
349 1006
2439 3944
6152 7967
4677 5392
4429 3638
1466 4627
3586 7678
758 6912
1970 6933
6950 1858
2785 6900
5226 8084
1246 7146
512 8381
8955 1378
1979 5464
4079 4050
5028 1808
2681 3806
7298 5240
2302 3446
4698 1974
1209 1377
3222 1700
7564 2429
518 8635
727 7349
6777 254
5727 4148
1484 6200
6448 1463
4027 3814
8878 4303
4620 508
1219 1183
5461 2732
3947 2870
6289 5366
1343 5387
3267 2354
7326 7725
4726 5227
1951 1290
8815 4492
6356 2442
6513 8149
8376 4758
8737 5747
3272 6058
5775 8267
7097 4806
3158 1813
7723 4686
7447 3905
5501 7585
7260 7311
8979 7716
3021 5446
8187 4847
1800 7382
6035 6419
5254 5462
3211 3806
7745 1320
7408 7879
4021 7976
3865 5128
7137 2548
2987 3936
4206 5733
2059 6251
1633 4752
7340 2065
5014 7688
1458 627
394 65
2749 7182
974 9022
6908 1758
368 3931
788 7744
4423 7127
953 6908
912 3065
8642 7998
5987 8859
2132 7754
3741 6546
7925 1855
1297 9328
6410 6215
6520 2603
6885 912
2787 2755
7163 4917
6265 8163
1510 594
3825 4786
5284 5296
8937 706
1140 3072
4701 973
1286 4256
5957 2048
1289 8331
6807 1317
1936 3153
4955 8834
5431 7430
3932 8709
6921 8065
7068 2142
4852 7264
7284 322
5333 3966
8717 2242
2905 604
5297 5588
530 5136
4017 7846
3462 2970
6321 3830
1186 518
2839 2315
8351 4472
4056 7328
5331 8806
5682 9286
9324 6053
3659 4833
8249 2235
8258 1586
1453 7723
1741 4953
5384 7010
8114 8505
8027 7440
4669 3822
3389 4178
8831 3305
6315 9068
2756 3291
7874 41
2982 8804
2734 1490
447 6799
6827 8030
1428 5319
7040 4726
4107 4836
2270 8238
5474 3847
7613 9262
2567 1560
2038 1535
8734 8365
3795 4034
2298 2612
8665 6857
4652 8290
7995 726
2501 321
8531 8117
2694 5271
5099 2513
6474 8594
2478 4538
3374 2997
2572 9167
1542 1363
1967 3267
8908 7978
4939 3808
167 5720
1900 5943
4449 343
1197 8032
1782 2532
2928 2939
2152 8326
8191 162
3581 7654
1625 2336
9268 4923
909 1468
3646 5026
7441 504
6795 1008
2670 4665
7574 3410
9059 8989
6357 4025
4773 408
777 7050
4855 9102
1931 594
6169 5393
1682 7049
6383 5428
6199 5228
4462 4417
8251 9208
6257 1033
7493 1854
286 2040
4688 6916
6729 5681
2941 9243
341 1703
8508 9344
5268 2217
8424 1869
5755 2577
2675 6573
4616 6134
7544 3822
6851 2235
3208 4758
4109 7466
4095 1007
5377 8726
8104 9243
1878 4256
6484 1713
8152 6460
2188 1716
4444 6237
4890 6733
8051 2449
4571 6461
3356 8579
4988 8738
6687 1116
6311 8944
1544 4583
6773 7370
3470 7350
7624 2297
2369 8318
8997 3520
8451 7075
7741 3601
3979 835
5203 6541
6878 4743
2406 1353
3939 8093
5719 9114
8672 474
1785 1547
2 639
8186 5076
7958 306
7550 2429
5316 7995
3563 4915
4388 6972
6214 1382
7650 3062
6238 6769
4868 7647
7343 8532
9007 6310
5064 7269
460 9267
8862 4074
2414 2721
5994 5621
6597 1701
6884 1749
870 8726
8383 432
4167 221
1437 5976
2553 1023
108 8713
6621 6877
3014 177
847 6411
7305 1274
7662 1608
3285 6548
7969 1918
6540 8614
8656 4993
5821 7041
8454 5735
2869 1409
67 4043
4947 613
116 7865
207 8253
8390 4843
6056 6128
1753 1804
3621 2227
8388 5096
8809 3246
6555 4337
9093 4715
9101 4645
615 1122
8774 3551
2015 3265
2558 4058
3144 1610
2467 4057
6628 6346
8416 3979
6800 6604
248 2069
3163 7304
2909 5314
853 5515
2665 600
8636 5171
8432 7822
2488 6948
8875 1814
7039 5346
6630 893
2980 1322
6369 5504
8798 896
1526 921
2328 9164
5098 7453
3052 7423
7506 7490
418 3187
7943 2597
2600 9300
6730 6570
219 6933
4329 899
1872 2802
4373 7782
5381 5184
375 789
975 7237
2996 6147
8934 3328
7294 8766
9160 7382
2702 5563
2826 3807
943 1603
114 1889
1213 4933
1214 5067
960 2501
1831 131
8422 2165
1220 1657
2556 1330
6839 3376
7805 5850
3862 2934
302 4408
698 1579
7401 5053
1361 3724
8535 1185
1231 8228
6080 1717
8134 281
3350 1761
100 2599
1569 2246
3774 1037
2388 3266
6255 3306
6084 96
8526 7418
1770 1741
1630 2172
8686 4973
6690 5803
4229 1453
2999 2953
4673 7486
6833 2096
8485 4795
3399 266
3053 5541
5498 6939
3196 2071
4163 5749
5940 322
8706 6912
2225 8121
1055 7662
6816 1250
7854 225
7035 4180
5879 6096
2791 304
9064 3947
194 7275
1079 3899
3141 8712
1563 7909
6355 4540
282 9284
5325 8823
528 4226
4158 362
3953 2969
1390 6292
5854 2407
6066 7862
1130 1803
6043 1606
5294 265
8945 7967
7333 3337
2571 2100
7281 437
937 7726
3894 8781
8457 4972
5140 3507
3674 1917
4432 1376
2949 4333
8167 6339
7513 9151
1158 5451
5452 2798
2729 1319
3720 6986
4871 6993
2592 5600
3109 9210
8637 11
4084 613
4865 7736
524 4533
3805 1874
5785 1711
2637 2303
7715 1951
3904 1935
6743 6630
8074 4883
8224 8237
3681 2801
2400 4761
3378 5944
7178 2324
2817 5748
6021 2378
6821 1119
7703 2631
6437 7825
1415 3249
707 2682
8852 83
8689 4125
5425 3399
5290 1314
7149 4772
6271 7523
8057 8080
5669 7825
1605 2183
2444 1326
2340 3879
1215 6579
4887 8629
857 7331
6726 7290
327 4135
8483 1701
4724 83
2712 5825
8649 7737
5179 9270
8327 2802
7114 6090
6774 8910
1993 2397
4633 3730
5932 6998
7558 3470
4595 8622
1189 9335
1939 25
618 4631
5107 2655
5523 2387
8295 8560
4134 923
6377 8518
43 8094
150 3059
1169 6238
5141 7859
5481 9137
5105 7280
39 5978
5668 3262
5407 4544
535 1813
5144 3653
4218 4196
7985 4005
132 2480
6759 5473
6531 3806
6039 8659
7368 311
5007 477
6298 6603
4805 5459
3127 5129
7464 8297
5830 6510
1358 2055
7064 3861
2745 4732
702 9247
497 5925
8533 4008
2639 3032
3535 8111
2634 5203
2498 6275
6348 3459
8494 6528
399 2015
4801 2947
5615 3741
8743 2115
1298 2445
8374 1773
8896 9061
6672 5854
3327 8610
4294 3517
1898 888
1691 3673
7191 5200
3199 7556
6712 3155
2392 4536
6649 519
2289 2718
6946 1075
3004 5443
6902 3652
2908 1277
3333 2472
6164 7632
753 731
3425 2260
5320 6697
2047 8594
8879 3078
2807 7783
3324 3170
4999 5197
2918 2603
3775 3529
4602 8991
6620 4189
3933 4145
1264 3726
5363 5043
2193 2167
442 2584
2261 639
1190 7901
3721 1080
7949 5981
2837 4774
2840 5885
6337 470
8744 8864
2335 8997
3637 1477
1767 4622
4714 5081
5982 8889
7414 5836
821 3079
4350 3352
1293 470
958 6515
6703 4499
2989 8640
1754 5592
443 3958
8946 1311
4377 7397
1258 7882
8480 72
6157 1874
1739 7437
2210 2822
2667 5686
8278 2500
3723 2721
4092 459
3620 6428
1690 2859
4453 2393
1288 7556
2990 3337
9038 3759
236 9308
1795 1302
6440 7760
6834 9111
5853 4115
8714 7897
6716 3894
2223 3525
7480 1372
667 3638
6464 602
9296 5374
1953 4312
5697 9079
2782 7951
6113 3405
2933 8809
4400 537
5063 6211
6344 7105
8826 223
539 1958
7140 5118
2415 9048
3395 4457
7652 20
3780 2871
784 1124
5915 1648
5513 2442
1685 3887
7282 1643
4644 5843
7463 5200
3956 6932
7136 6115
2084 7978
6272 7652
4609 1744
7764 8299
2025 6913
6868 5772
5810 4095
4406 5932
6103 5362
2156 440
4561 3966
4431 2225
8448 5501
357 8250
5490 3738
4790 7388
7693 2122
3853 5545
8162 7587
1404 4064
2186 6469
555 3523
3650 6021
170 9323
4991 5474
2026 5696
5469 7814
3545 5916
1624 6455
2275 7477
9265 8072
1511 2880
2740 4237
4719 874
4498 8834
2514 5418
2319 1690
6205 8649
2124 6928
3494 3067
3457 2087
2697 3652
9100 4769
3387 8947
1578 7722
8303 8988
7665 1604
4541 5972
813 2551
1329 6469
8881 3254
6117 3084
6840 7343
7505 8842
8101 6316
3561 7405
5767 6283
3495 9148
4821 4659
3929 9027
4061 9020
8467 931
8701 8743
1070 8003
2212 5986
7042 4167
8729 7247
5672 5207
4856 5360
8719 4893
5969 5078
7747 5977
3214 273
7005 9303
1417 7236
2616 2760
2380 953
5531 7458
82 3176
6749 2796
6602 7601
669 5540
8386 6520
489 8361
1901 390
625 2043
5933 8480
5838 7459
5870 7096
1191 4786
5675 6626
4823 5258
1695 1797
4401 7681
4679 2307
4436 6297
9234 3292
8142 4940
2295 1206
3751 5325
4047 7275
8818 4411
6803 7964
8596 963
3526 9335
7194 2669
6438 6358
2547 3933
8894 8716
4943 2406
2470 9133
1058 8349
8848 6193
9077 3911
7948 8936
6756 1945
3146 5208
1723 3887
1216 8894
5961 4451
9246 6861
261 6373
686 8485
6707 7118
7548 8996
9189 7017
4387 2791
3478 1238
1881 294
7205 309
5202 1733
2662 2876
609 2204
2731 5943
2620 526
5732 2690
1688 4135
3811 3915
2102 2665
8306 4530
6828 2139
9318 4992
8054 6131
8184 1588
1333 3523
3432 4528
446 3122
4807 1620
8185 3697
7779 1925
925 3287
8206 2335
5500 1725
7369 4744
7174 3540
5432 2127
4459 5665
4385 7154
2284 654
4122 5299
3683 7016
4093 2114
7989 4105
7629 8008
8952 7991
872 453
356 7593
2976 9335
8471 7510
5765 7468
1226 5991
3823 4242
6700 1082
2741 3160
2894 7916
8956 3295
1254 7818
3508 1684
2626 102
8407 6104
5060 3610
9253 4701
7052 6979
7323 3545
859 2716
8611 7177
234 8372
3765 1331
5525 7235
2306 3855
4621 3629
7300 1920
5751 1881
8796 3823
1680 7114
1637 3527
5303 3381
8822 2258
2781 1815
5380 5186
6911 2748
1174 6096
154 9182
6544 3135
2265 8035
8949 457
5070 5964
4934 1069
3832 3167
9321 4558
6596 5672
6792 9077
554 8729
3206 3366
3846 1264
6791 2848
4283 7621
5126 229
6994 6215
5257 7077
252 1376
2238 3561
6575 3207
4320 446
8375 3794
1042 7248
28 3250
2843 2494
1519 1358
3690 596
3662 1486
883 6888
1387 71
2636 4511
8872 7706
21 9112
6308 3242
141 2184
2979 3654
5718 8125
8841 984
3418 4012
4573 2430
4325 4396
1041 5855
8782 3338
699 8276
5025 4730
3940 8627
1225 6412
7784 3558
81 5381
8909 6284
1205 7474
8431 1758
8891 1433
2607 665
279 8628
2292 7094
4572 6965
5470 1168
4920 6604
4874 157
5554 8442
9333 1923
775 2491
2593 8736
8492 4911
420 6467
575 2993
4746 5047
6027 8085
1718 4735
934 1366
6867 1858
3442 534
8399 8504
337 845
3787 5780
2847 5042
1988 6408
5811 5205
2508 7958
3307 5898
7028 9320
1282 5450
724 9124
5797 1703
8633 4436
9153 1316
8821 9280
3403 217
4601 7616
4188 7971
641 219
1441 4720
5952 5604
6116 1739
8777 4572
6689 6862
7821 6461
400 5766
1235 2318
7315 3180
9021 2972
552 8251
2663 410
3874 5050
2287 4338
2696 8146
3422 8113
4162 5714
3129 1339
2886 8700
8328 7004
2062 1608
7426 7184
3740 4214
6176 7402
4813 1222
7803 7528
6924 11
139 4218
9013 7703
3758 990
8517 3361
3177 7822
2083 4225
2078 7524
1597 3032
1085 2403
7687 3755
4731 6010
1262 4429
3838 3143
4275 7395
1375 6984
1818 1018
541 2369
87 9041
2518 6978
1896 7788
7611 7702
8899 870
126 8605
678 6944
2263 895
7932 2009
4415 8493
4340 7920
4151 3260
3995 247
1036 2880
1436 1367
3521 2186
6760 59
7079 74
146 3134
6841 1324
7753 2873
5630 7009
1125 288
1941 4085
2935 5872
9120 7742
80 8947
5599 668
8710 3135
5502 9219
5422 178
7352 3213
8753 2739
1245 2142
2528 8031
3314 440
1677 2
1228 381
1738 593
646 3268
4455 7997
7553 7208
4366 4383
956 35
5643 2144
4309 3120
1916 4229
4928 7368
4113 7733
4279 3812
3133 1570
9033 1997
8079 6195
3553 26
8707 6826
6789 2531
8499 804
3189 6868
2963 3377
7070 4920
4230 5060
4244 2180
7074 6666
493 8902
569 2487
9227 4025
2836 4916
4527 6108
6886 8292
8544 9330
5361 2293
4736 8082
1678 3218
6855 149
9144 6703
3908 2351
6262 5217
6638 2740
1098 3301
8630 2897
612 8156
1170 1493
4209 2261
3700 9063
8225 7673
3686 8259
2271 3312
8015 4914
9317 3895
1955 1809
7159 3158
8264 8411
6002 8103
6956 5921
3678 5971
5160 5987
4495 27
405 2741
5639 3516
216 9266
624 5665
1034 5444
3976 9042
1012 3790
7977 1136
6927 2276
4071 2101
8091 2811
7928 2688
6122 6911
8769 6258
4363 6844
274 8651
2724 6576
6233 9036
3093 1367
1735 4281
5509 7015
1807 6584
414 8816
3712 3957
2166 6153
5243 8788
3475 2935
6937 3429
5970 2975
6898 832
1145 3756
9293 4579
1822 8758
7197 1682
325 6287
4094 1295
5073 7393
2770 4925
61 3221
3857 7845
9302 6162
2154 6497
4234 8929
8439 8499
2609 6468
5031 5095
9040 46
6875 3246
1347 1348
820 3567
3884 7336
8157 2719
1450 4857
2361 5387
8667 8397
8269 1425
4966 2731
401 4263
2076 6476
5728 1174
5705 3199
4150 4566
2085 6729
5066 685
5335 1059
6549 7646
1394 5236
6706 4273
3409 7688
3771 2836
2808 4498
3406 2709
1005 4423
5382 5987
264 4464
8281 5003
1712 6413
3201 6391
3988 8301
4628 6242
7655 4145
7132 2759
2077 4479
4565 8961
7293 1586
6702 3053
2259 3728
187 1386
7509 4897
4552 1041
2103 6116
412 215
6150 2539
6055 4357
846 5000
3858 3138
6887 5900
7156 5822
6652 5951
3733 5445
3123 2236
2771 4914
8727 5374
2689 9150
4077 6335
9105 2902
861 1201
3539 7659
7213 3940
3688 8217
6917 2398
4314 726
4593 4035
849 6044
1335 4227
683 8287
1435 5750
1496 1883
510 5621
8790 4886
3439 6686
5809 2872
4812 6732
8476 3287
1341 5959
4368 5615
3220 2576
6183 414
6192 7155
4556 1756
128 1339
7684 3969
2322 5417
5293 9061
4713 1327
313 2452
5684 1353
4637 1521
6660 7262
1449 4203
529 8944
1775 3515
3608 7964
1612 3163
1748 6009
198 7659
5035 7964
8226 1158
2104 1471
6889 2755
4549 8426
147 6149
3282 5016
4962 2569
7816 4747
5737 5096
7886 5250
5351 4667
1509 1240
2530 4875
8120 6563
8660 2904
1655 4644
6588 2668
4791 6007
1587 9306
4582 6960
15 5451
3092 2178
6521 1544
2948 6977
5340 320
2502 2305
6801 4739
42 8526
6812 7622
5125 8087
3796 7629
5556 6737
75 4692
3017 1192
6018 8754
7966 2966
4248 8042
2601 4500
1740 1050
5626 7408
1247 3496
7876 8828
2427 5599
3038 1266
8927 2920
951 6979
6071 5509
8231 2341
8792 8631
5274 7885
9350 6835
5725 6033
565 1490
4201 2603
9241 5553
3435 4132
1172 7985
6695 943
4930 7645
9014 5137
3145 1523
6059 1542
346 6669
3293 2782
8369 1734
644 2698
6725 2702
5348 65
3734 7215
2221 7833
7536 739
577 494
6964 422
5089 778
465 2173
7338 5377
4845 7217
1645 2908
8050 7969
336 6055
9264 2587
1424 2558
8106 3026
22 2518
7310 2400
2661 1104
4829 6433
4040 4007
6191 6281
4016 3869
5835 5929
6971 2481
7342 5574
2554 3721
9295 7745
5013 473
1419 963
4912 2206
4707 1684
8654 5155
3124 6873
6127 2191
9000 5653
3193 6300
1229 7322
1053 566
2224 6218
3212 7458
1946 1880
5214 7234
2240 4259
5691 5825
5421 3686
5543 9301
916 7966
8690 8418
3000 9287
5476 5555
8233 4379
8071 1105
3343 6850
4647 6262
3102 4544
9012 8929
1381 6068
8468 158
188 4741
8922 150
743 7267
1212 5050
7404 3690
3907 4725
4293 1288
7116 3572
6064 8182
869 8986
720 3330
2314 3719
7285 2295
3752 3423
7709 2415
736 1909
7844 62
1261 1401
1558 1528
762 7189
6678 4520
5279 5308
8137 3723
2627 8355
970 1159
3750 5697
3317 5523
8741 6771
6285 155
8863 415
1981 3826
4102 7493
363 8987
5172 6474
2075 6970
6542 4522
7494 5805
9130 6893
2550 101
5278 8419
424 5989
5796 7998
1187 4737
1602 6159
1051 2184
1395 2590
317 1487
6569 3642
485 8388
2964 4915
591 1958
4521 8742
5315 3449
5247 6866
9191 3873
4133 3905
6246 5458
2977 2846
135 6253
8570 7410
5485 6411
6572 812
1022 6957
7956 2267
4413 4122
6314 6673
5635 7237
7135 2003
6378 5586
5072 7622
63 7510
2355 8237
4166 325
6352 7905
7637 6969
3546 2398
2042 5890
6545 2357
4586 5408
527 9245
8338 9068
5939 900
3809 6258
5963 8756
4785 8677
4543 2126
4712 8186
7686 8054
725 1628
3725 7757
1780 2436
6491 204
189 1969
1802 2324
1676 6294
4508 2742
2068 8930
4232 2060
4826 5154
1162 9325
7044 1056
5949 6639
2140 8
6267 8355
1866 6176
3870 8374
3502 6782
7238 1150
2243 7583
7878 9185
516 4134
297 5426
5272 4559
7598 8709
1949 1253
1180 872
796 9238
2524 4740
3618 654
334 1632
4351 8431
3920 846
6619 719
8571 3053
8779 1575
3279 9102
5549 8639
2338 4976
2094 5255
5370 8274
5441 2757
1455 2571
6610 352
4504 1952
127 2423
3666 8738
9202 3985
9115 2034
8708 1482
8811 7294
1256 9140
2331 5286
3619 5866
7403 3652
7498 1583
8520 2177
5463 8830
6417 8262
8969 2523
6256 372
4253 5524
6219 8907
5865 332
9331 7320
7720 5809
7790 3013
3181 3078
6138 4232
9017 8484
3165 9285
774 7280
9349 6457
5133 5144
1790 3053
3772 6231
5628 7876
889 5153
5277 4005
34 1436
1940 2501
66 5542
1541 1906
8021 6420
4026 3383
4619 6835
717 6509
9154 7679
8456 9063
8810 1997
1035 592
1269 8328
9119 3030
965 6806
4494 6645
2643 8480
7889 7052
4986 2498
8994 8501
7570 4487
7341 7998
2112 8076
1198 5018
2604 6020
7848 5406
3173 8355
2030 7761
5662 7941
358 8291
4615 7278
8577 256
2676 6495
2231 4305
876 3254
7416 5566
5323 2705
8748 9224
6477 7583
6172 5529
8490 5235
863 3660
7670 5414
2197 1545
976 3380
1911 7087
1582 60
1315 3043
5357 6916
3269 903
5656 2523
4249 769
7748 2721
4399 4099
5562 5768
4941 9087
1591 6975
8434 3175
1757 8386
90 1534
8575 3455
7359 7870
6047 8124
3524 410
7060 9065
8770 3072
4683 2679
2464 5476
3803 8604
9319 6760
2163 2777
8023 9090
208 4552
2723 58
258 2210
4470 6653
5891 865
4082 4411
4274 5668
4592 7432
584 3946
2248 2848
9074 5954
7960 2056
6683 4676
4891 2151
7376 6461
5717 3615
7425 4751
5211 6828
7373 2420
3450 7731
6313 1535
5385 2840
1613 6534
245 8748
538 5424
1379 6171
791 7489
5002 6941
7520 2268
182 4257
6390 170
4509 2858
2659 4175
4177 2271
290 4909
5344 980
6331 2147
1149 573
771 4928
4213 8226
8919 7615
8339 5816
7219 7030
6032 5707
907 3061
6918 1615
8735 7368
9152 6107
7125 6294
4978 9023
7926 4188
6254 7489
310 4924
2962 4562
1465 4436
2256 8043
1885 71
6731 6683
8558 566
6393 4408
4267 2896
4466 6354
5917 8466
385 5112
2736 4875
5358 2453
8352 7924
5908 714
1659 2073
4604 7957
5111 3366
8129 8818
3568 2823
3732 7734
5027 2418
8305 2340
4228 858
2877 5868
6547 1190
4882 8427
5412 5163
2490 1875
944 8587
3304 7096
2499 5061
1481 4201
6301 139
1199 3043
6536 1039
4755 4024
5263 4647
6136 5929
805 2465
4221 1536
4038 8115
6568 7396
2752 7844
1907 2071
8745 9142
4910 6036
6343 4639
3702 5470
3408 8662
1870 3934
1153 757
2329 844
6431 3208
8696 1958
2660 1652
4765 2441
2598 3160
8964 1147
1581 2458
3391 3035
7287 1976
9186 1535
5847 1943
5948 4484
802 2421
5685 1784
5109 8543
3580 3444
9272 2241
8958 3217
86 6908
7565 4878
6787 3213
1306 8718
7319 1475
3466 5995
7899 6123
2744 8719
7735 2829
7541 6805
3603 6490
7062 6730
9028 3303
2111 3326
4343 7863
402 6166
8075 1471
4458 6446
4983 6336
3426 7424
6340 5573
5937 1741
4998 9019
7472 7849
4078 540
5677 7683
5427 721
5075 417
2878 5397
8940 4495
4405 1975
5350 6227
5307 679
7148 1304
3671 3995
5724 7081
2052 2541
1403 2629
6616 3489
5310 2459
2613 884
8061 172
1405 1750
1736 7166
45 4835
6100 1292
1139 6548
5239 1864
2432 8642
1522 5525
7134 5202
369 7145
8557 1870
6895 862
2249 8541
4603 7485
5225 4536
4837 6354
3570 6544
3555 3163
4367 3853
8367 1456
3075 7204
6307 2631
941 2275
329 3366
3088 141
1108 8062
7934 4801
1203 3394
5494 8040
4278 7774
7922 3917
6243 3575
5174 6879
8825 3637
942 9306
1300 3719
8046 1984
3077 8385
5871 7624
2262 7593
445 6652
7325 2530
3241 4285
348 4151
2619 8627
5288 6568
5782 5850
8248 7722
4296 3682
971 3399
4376 9005
8132 4810
4191 6398
8953 750
5584 7960
5547 1014
5585 5670
5275 7865
55 4926
5242 6658
6024 1811
5807 6104
4961 1556
6820 8486
6599 2896
4766 7279
9220 8391
6142 632
1017 563
7173 1141
4963 1930
3910 1048
5852 1017
1580 6441
6643 2550
8241 408
5383 9003
8887 5153
5183 5513
6554 3589
7307 1612
5723 5388
6587 7863
4277 6522
1351 7881
8904 4538
3859 6409
4032 1643
8556 3126
8210 2932
364 372
6906 5396
6180 6983
7698 2812
6680 9274
4315 7369
2401 7615
6221 5092
7539 1710
9009 5011
8070 3537
810 1536
6558 4589
7762 3527
5974 316
1950 5304
7793 6817
5645 8625
7144 5523
7479 4274
664 353
765 2234
2916 7257
471 7576
3335 7241
4336 5705
1420 7167
5120 7570
3897 4587
8509 9194
8036 19
7770 3623
382 5213
3066 1451
502 7656
2792 6173
7980 3320
5456 4274
5166 2562
4217 6993
5837 5970
1888 1358
7533 4824
8340 5728
6040 292
2203 2044
6685 389
4307 7994
4811 5873
8840 918
5403 1959
3764 4031
5960 1789
6679 9196
77 1160
2589 9141
8362 1787
8347 2639
1559 1766
483 3651
3612 5564
2310 5035
7642 6663
4208 8576
1565 1241
1585 8733
7749 5212
5743 8602
5433 6161
6961 7044
1715 2721
3706 4921
6982 7115
4489 5725
1796 5932
2228 34
283 3466
7880 807
5015 7071
6041 5266
3856 5857
2024 7662
5442 5073
5781 642
8948 6186
1021 69
4640 2863
2116 7295
3541 6095
4029 1735
6070 8160
8935 8827
8460 5141
6216 7077
8780 8505
7638 6838
6786 4303
376 2959
4711 1877
8421 8205
751 8205
4946 7922
760 3162
4563 537
5661 5259
1577 6164
18 4569
8429 4559
2312 4227
1380 3820
2538 5000
8215 8677
8398 4123
7860 4620
740 388
2332 8483
4051 3483
7940 1353
2842 8804
996 2504
7516 7739
5101 3588
4440 573
240 8326
5260 8921
3689 5081
7682 3214
9168 9284
7937 7672
3990 8510
4353 2500
6088 7379
195 5860
6858 7483
5051 4614
8814 1602
5931 2655
9307 6422
4224 3213
8148 7838
1636 7958
1908 1894
1279 3626
8609 4681
6376 3151
8860 1543
4557 126
5654 4383
6989 6851
8392 5211
3300 6207
967 1975
7569 8656
9299 8155
3818 6766
4634 8974
3578 3372
3813 2842
5287 3100
3404 8256
8914 4365
9195 9339
2153 6215
4355 9040
7811 3623
2301 6112
687 6849
8883 2234
3071 2003
8658 2799
2107 509
3128 1293
3064 4818
4960 1635
4076 6244
4298 8537
1454 1426
462 3189
6605 7572
3913 153
7371 6984
5848 6385
3881 1703
1598 2840
2881 415
2704 3716
9297 8065
4643 8190
1983 3196
7354 5537
7710 1077
4689 6007
5729 4954
1702 602
7063 832
8310 4810
7826 8030
1904 6291
6270 6694
5874 3307
3271 2096
5222 4976
2333 5405
7186 4439
3117 6060
3204 3698
8055 6235
1742 661
5375 8388
2311 6244
7455 2912
3248 6356
2202 1336
5808 5115
8495 1804
6622 3795
2290 643
9057 7865
7101 1794
4344 5033
3593 2289
6600 7844
7129 1471
6465 4366
5453 4167
4505 3955
6693 5050
6721 7680
6114 8475
3994 1669
1837 6819
5930 7461
1383 1641
7138 4167
1849 302
3744 5187
7057 7113
3843 6607
5634 5639
8999 3115
8598 1665
38 3506
801 8829
3745 2840
9329 726
213 6299
482 3944
6646 3329
380 5226
8059 5709
8918 1954
5117 1171
3070 4097
6550 513
3090 7190
2707 5444
37 6374
7589 4218
3003 6506
5466 7331
1805 5174
3033 5620
7758 5768
1516 64
4814 4296
1434 7671
4580 9043
1672 3686
3727 7782
8455 5987
3185 78
1886 182
2653 5515
2957 762
6394 770
9091 3297
9237 2012
6342 4145
276 2389
6744 7268
4967 2505
873 3049
6363 6971
1323 661
3710 9332
2433 8505
6629 1055
3198 5288
9351 674
6571 251
7417 7924
8581 3575
2366 4599
5632 4252
1679 450
6119 3378
6561 5415
4313 9149
5612 6637
5863 2131
4250 8819
1101 8325
781 2591
2862 3819
9163 1541
7193 7965
4066 9335
435 2536
8968 2233
9096 6115
1110 3424
1743 3655
9337 1346
6854 5339
4390 957
1828 3038
7727 8902
3131 9065
8850 2777
9190 3862
4481 581
6781 2851
2058 7557
3677 4155
2516 3581
5008 1345
6209 8717
8140 5393
8521 1131
3192 3271
2844 3825
1910 5269
111 7049
6097 3054
3878 8892
9086 8893
2882 8820
3342 8539
2985 8581
4272 5622
2650 4750
9249 4769
224 5309
2448 1596
6848 8602
8932 1289
192 1636
4299 6612
3713 6519
536 3725
8618 279
6523 3642
3977 9201
9327 2754
2099 1044
1893 5641
7072 5431
5282 8698
8957 1855
6659 7231
7728 8429
7904 4838
816 5576
8011 4592
1491 906
837 756
6798 2921
98 8405
9229 7131
4116 5974
8584 6432
3605 8159
6897 5187
6556 6855
3465 8612
315 6707
5715 6499
1681 4571
165 3380
3776 7940
6943 743
1498 5427
3118 5495
3386 3469
5232 9349
6976 295
7152 6275
1842 1680
2971 3950
4114 5520
1590 1138
7130 1947
3097 6179
6429 7422
7990 7624
387 4476
8588 4660
4160 7349
3154 3004
3968 6610
735 7481
4613 7961
7058 571
4282 643
8877 8550
6450 8862
5475 159
3789 4227
1109 4652
7500 49
6668 7092
645 4374
6688 6338
3743 9034
7979 7388
1257 4667
6797 5720
7778 7671
3949 2779
4693 517
5447 6027
4763 1202
6423 9304
2283 2264
4787 747
1398 1621
932 639
8592 1751
2053 736
3040 1898
3048 2798
929 6412
4702 4974
5262 5920
4342 3524
8632 6646
741 3894
6182 6593
2893 5908
5046 7129
6981 878
6051 2491
6739 4158
8643 1343
3888 6157
3413 4442
1792 2130
822 1245
3316 5512
5054 5900
2647 5880
1446 3841
7157 6132
2929 5331
779 946
3863 1771
3089 8957
856 4786
5928 7169
557 2404
8293 7872
7653 5725
1675 1707
7353 2418
5508 3281
3876 6269
2509 4040
8333 1330
6968 3524
2573 5811
4905 4541
4708 2350
6079 7375
8243 3863
1083 4364
2381 2208
4951 9019
5364 3995
2680 9117
7165 6285
7768 4869
6452 1989
2489 7785
7361 239
806 5369
2136 742
7256 4517
1473 1251
9254 3981
6380 307
8195 5339
3121 154
5511 3609
2580 5196
6926 7037
8522 8272
4045 396
4322 3862
6899 3884
3552 4940
7830 6285
7913 646
5467 323
1260 905
8473 6978
827 2541
5223 6717
927 3185
2529 4853
5090 6718
8322 2907
5710 4393
8722 7943
3174 7155
7636 5594
1662 5839
5198 5585
6403 1249
3903 4011
3978 3416
7566 426
6426 1483
2143 403
5706 8027
6636 3896
6825 3190
7195 8191
4896 4686
6078 4237
6518 1478
4233 4766
142 2964
3691 8267
6503 446
5548 4561
8158 7326
1501 8716
6738 7507
514 9053
7738 4894
5204 528
3997 3241
3200 1750
623 2072
5794 2383
166 9134
2525 1896
2475 8538
9232 4617
5173 1489
9226 1590
7119 8197
7538 7726
8920 5979
2483 8575
3015 167
5518 9132
640 3416
8911 4315
8901 8418
564 6203
7025 3185
6312 6486
6892 8419
898 6045
2237 4196
4825 7145
7415 1712
3244 4016
5378 6416
2649 5627
7029 472
1905 8970
4033 6834
7890 3541
553 403
2646 361
5792 4909
1117 4814
9056 5798
4176 7597
1374 8860
8601 8831
8530 6947
2460 4830
8595 1475
655 8698
8092 8333
6388 7445
4371 8921
5742 3015
3286 549
5434 1334
8984 8003
7813 205
9070 4536
2943 5696
8776 2537
7088 8079
881 4331
1533 1587
7983 4030
4055 4518
5867 6606
6543 8896
4706 3109
7970 6826
1129 6309
6042 9073
7714 2739
8319 722
1769 1642
2666 7922
987 1495
8002 8667
1270 2996
1061 8297
3679 8798
9255 8150
5435 5102
1873 4508
4710 9178
6001 1213
9159 3189
9338 2161
2503 2981
2269 9190
9113 645
7906 3608
2833 4416
7691 6292
6625 8779
759 369
2368 6498
2417 8584
2160 7198
423 5242
3107 807
5386 1199
9188 2518
5135 9323
8078 3664
7318 798
308 734
7717 6181
7887 7888
2291 4571
7987 4128
954 2852
5801 123
7808 2931
4427 2662
8673 1461
2747 6171
9097 9043
2461 7048
3902 7782
5295 7297
31 7186
3270 1917
1915 5087
8321 4522
3762 437
2841 264
10 1620
2838 1844
3611 2178
6992 2067
1113 5572
8941 1694
2544 6622
8018 1729
8446 3621
4184 6107
8807 8978
2282 7868
1846 3288
6249 1429
8463 8320
8597 9207
1674 632
291 3102
5152 7487
1861 7418
5506 8984
1074 3126
6874 2386
7773 3309
1400 3337
5121 702
3296 1466
3255 6343
1318 3380
817 6955
7900 7499
3393 793
3802 7156
6341 4493
191 3900
6814 5944
23 8279
3748 6687
3761 2527
622 8044
6029 583
6809 5377
6387 3751
3364 2206
6185 1317
8746 5235
3816 8748
3448 7082
5146 3383
151 4416
6177 4516
8302 6405
9002 2766
3742 7222
558 2569
