94 55
-798652672 -304628050 -437879470 -55552565 -839749409 -546347503 -547874968 -118909504 -554325406 -664320954 -192604281 -363857543 -390810167 -687153405 -762002678 -593550646 -855702898 -621839229 -732375485 -797331478 -324626491 -449249483 -427015048 -165836500 -870743351 -29916279 -593550416 -791609843 -359828192 -17967134 -541079515 -909073419 -113521291 -848370841 -736156761 -611810232 -763161412 -628962683 -687685956 -645818727 -71663685 -209065172 -98623818 -533052857 -387458880 -94048508 -413656379 -638685686 -719422729 -47621868 -30062082 -676028068 -393574945 -632429113 -558356834
-80057904 -399242231 -560088119 -887829740 -158857126 -880348339 -4334994 -948521149 -765327564 -268913221 -709787829 -754842435 -401665700 -886448755 -477235937 -633098324 -403286412 -544654844 -607623451 -731489615 -564903420 -644782112 -818753592 -691056147 -466331933 -597884324 -545854325 -745493815 -452763952 -860642018 -711694566 -338853750 -344565633 -720211064 -894814345 -204872313 -225704880 -387589963 -70659238 -68410370 -643267560 -388650679 -270786968 -903760370 -982255184 -638088180 -398117626 -732819266 -276266802 -264091687 -412799040 -940205712 -11283560 -481136816 -931808607
-405312559 -564444634 -72953 -374370235 -10952581 -421696940 -992920745 -448189976 -376122674 -561050638 -570730679 -538074337 -424199369 -368015623 -302497243 -468620219 -705390227 -160621060 -182720601 -697238933 -11599698 -966765681 -45673223 -61262548 -188956807 -72770352 -436869028 -830776034 -479028486 -957220419 -200063805 -568138475 -170287359 -435161316 -986986890 -788535821 -959382662 -526296282 -487223748 -807916526 -69756899 -381797651 -769138684 -506202578 -845835617 -903097550 -725397325 -43175416 -213386007 -711513198 -117022874 -97750864 -701234865 -187166557 -476912569
-862913489 -824578107 -138529251 -36430929 -842127665 -938817813 -312361328 -277302342 -304246627 -281497274 -736173879 -16781110 -530756372 -755320518 -913845012 -815711109 -557683816 -448621335 -797458876 -700569891 -407065185 -144587514 -791109588 -656464730 -151758632 -726065019 -382714788 -265447090 -272519563 -171709127 -42657756 -985973335 -255335740 -373363346 -785611925 -429947010 -582306596 -78346850 -156771506 -461303602 -617833030 -312402801 -415854287 -212134696 -540590734 -113796767 -518908151 -785667187 -478572126 -469676374 -832301887 -295088665 -137292593 -687978780 -801885429
-445631606 -855722419 -706795161 -932123717 -77351521 -898893183 -106982852 -83422303 -966056615 -608874385 -135198932 -47640782 -876970800 -77808833 -743911072 -383882314 -364009597 -841543149 -125726081 -243926265 -40658477 -53591677 -120277857 -924502953 -917825398 -915060564 -975815613 -508308896 -505395954 -292921268 -19664350 -32890738 -224368850 -938059842 -613023984 -326443261 -27578079 -52712772 -168112140 -128094757 -119007815 -421673084 -747083385 -902879471 -266336136 -859519091 -365382953 -124382966 -304344032 -603387806 -613529114 -352919185 -537683079 -686777032 -51959282
-42727775 -643408731 -16456386 -257804340 -502758559 -2883876 -579813453 -394391335 -425839899 -353736379 -509218591 -941062188 -599886653 -879070069 -322643950 -263352821 -527856095 -168872031 -629857820 -339151675 -2018974 -542259388 -388349234 -231628216 -500596115 -192200961 -941879593 -58052904 -833045244 -582509800 -419381136 -787684935 -763576179 -506683858 -297325362 -328705628 -430132151 -85502220 -196119097 -13878614 -922811167 -606870825 -586097839 -824342512 -264674866 -204242423 -433612256 -596465283 -48901757 -968173730 -679481427 -847456533 -904798392 -996430154 -56822871
-937999174 -552718475 -244566757 -526933437 -562610751 -332476056 -561008508 -595309423 -384016219 -293030777 -208339672 -14196471 -758195017 -463094110 -710414057 -807046687 -206692283 -117973351 -133334882 -758550648 -784611191 -984543662 -668493903 -639488487 -990635579 -222833127 -586789024 -650578902 -32435222 -569063953 -457150583 -185013933 -922121926 -938381125 -669616343 -368752820 -669449582 -411247433 -911409691 -378943563 -984625145 -554530393 -98168921 -211105583 -973498780 -708426144 -187540486 -685819168 -227444549 -316916427 -896284280 -586870827 -424069317 -644969125 -410648906
-300893777 -39156793 -742895755 -524201117 -781838399 -399609141 -678540394 -408425766 -359172729 -442324330 -800818934 -83928052 -901661953 -429659670 -17609994 -345180621 -789061650 -721318545 -67992257 -176348659 -658813356 -924875884 -986243755 -234349887 -427562161 -570297273 -898774961 -565113127 -463871861 -490437429 -205672188 -91855928 -146718055 -653381777 -791316248 -99341216 -810267055 -938656970 -206061136 -338981513 -654715865 -624652348 -150086665 -410781981 -433428970 -793897626 -373598633 -751713114 -752419301 -101937671 -629690945 -143590143 -720065958 -82673494 -110738743
-486334828 -603832632 -289041647 -69924913 -508020489 -732504969 -530185549 -993345263 -107720620 -12365023 -251490825 -673872896 -160514497 -322363846 -920421187 -69720202 -51982142 -585782322 -842444926 -394547529 -94791521 -816224052 -178887875 -206699991 -473305591 -262127106 -525034167 -782565447 -431642480 -293702352 -420274367 -883402011 -166663859 -76992786 -254041133 -784853580 -47667158 -527977375 -178366464 -27142122 -952921853 -145916403 -749655562 -959066545 -265365618 -475470499 -93204558 -436128632 -478929387 -103121492 -223930802 -359013485 -440623672 -929214154 -576272145
-549317434 -680548921 -291115245 -942509488 -826699764 -587592619 -671693106 -530826046 -410665145 -343763288 -502047879 -842767642 -553931131 -286566057 -377938989 -854166050 -539862404 -254504454 -588246222 -18455687 -760681112 -469025715 -652996035 -162278804 -777230612 -456366266 -933695162 -750965369 -702328301 -458278370 -53703819 -719309077 -847600183 -112182416 -49757469 -997083067 -788457863 -361963457 -389456081 -778719434 -329996 -347044649 -393880076 -84630748 -772765618 -575360855 -715507860 -490216940 -271390197 -197872287 -582637776 -364610877 -347091783 -697821363 -667519120
-799456377 -148319259 -297078543 -560534464 -753757443 -91085326 -825217421 -424281279 -859188123 -908804336 -206671677 -656424229 -235590784 -733657048 -4131831 -305884257 -718988239 -108701450 -367077961 -12569526 -35240417 -760012783 -484528414 -512554569 -606601017 -614498699 -450688555 -281018590 -518245467 -582289249 -272991213 -356338339 -709328403 -734848762 -618041697 -444524694 -257647236 -385225870 -724506808 -406981137 -733905027 -564405228 -819401778 -842782206 -567528563 -67931728 -530803547 -879388679 -850247201 -715608846 -839745998 -955007209 -957683289 -461422163 -79017440
-897400336 -42535404 -701547261 -868398325 -386671113 -504394324 -745659720 -577821222 -571756990 -864543298 -858705 -71865446 -934804693 -72214620 -530295025 -204552340 -313418386 -821151331 -374335537 -716929826 -290881253 -793514908 -950864967 -106143694 -731823677 -497898349 -964216623 -838459588 -293983365 -989160388 -548244676 -700951506 -373978723 -495460182 -965972193 -21336375 -853903525 -937786952 -419984163 -278692185 -533390034 -624515778 -534568064 -510912281 -906667842 -762554020 -412464742 -636510632 -190024574 -669173556 -293902966 -238824127 -750833054 -64498586 -765406805
-560499670 -90425469 -123589265 -39581720 -987599102 -99431967 -154216061 -941135724 -435261400 -708418782 -104790405 -590792415 -759438202 -899467076 -595475397 -525907779 -250841115 -492672201 -89015540 -557748701 -486411489 -93887122 -91227832 -475001386 -411246596 -197484982 -223872644 -28573772 -757528677 -585935188 -369791067 -942650684 -178220484 -464444935 -435745749 -873345360 -997583659 -253767334 -593356953 -791042447 -877553965 -266111881 -718555342 -624785602 -210260494 -233196738 -408962226 -399525402 -573562003 -291598815 -185642499 -873042754 -974458447 -495298283 -126430415
-153384316 -196553369 -587844326 -806508818 -582289584 -357295232 -959627113 -987343014 -386793136 -774273188 -475802831 -719330714 -600541456 -377178896 -789361823 -109461806 -133283926 -790616217 -242203785 -414641387 -998329046 -623724863 -171901671 -110448528 -880296315 -178231769 -956135977 -642727352 -772232267 -515632081 -357023223 -994651796 -94928518 -114815091 -331242600 -669106863 -7316204 -402519718 -493021498 -5069973 -200772532 -832257492 -637141533 -68711919 -919783185 -462872543 -189500122 -7372737 -659138325 -117002991 -521811167 -524353814 -716066946 -904746458 -664788658
-967575731 -156416885 -61301812 -953260323 -490740441 -950683258 -287363019 -326514757 -53337221 -946404071 -672874899 -300084191 -38181783 -833667846 -970437266 -499333554 -699432089 -346570978 -128372465 -766974567 -83861664 -346266656 -893831636 -674644125 -411058947 -162228423 -349154265 -994116935 -434131601 -728776795 -896442762 -958164534 -516570143 -184328733 -833479600 -850915898 -954239712 -584523542 -461451875 -667915402 -359885997 -552409995 -743257372 -27190992 -280451110 -542642074 -186227366 -19948259 -49454604 -135207415 -443504805 -690356126 -425908704 -658454516 -528822181
-602882788 -420259896 -349691273 -969043231 -276230881 -376512708 -310335699 -5160960 -343007738 -702351988 -950351494 -1566498 -414480401 -65635429 -566594609 -539741350 -415048297 -151521133 -956860946 -422084215 -882811321 -938841411 -926662100 -707212151 -723614775 -922557413 -679741156 -412007049 -489478308 -622237984 -535790164 -597024864 -756852647 -152637828 -290315523 -29315793 -822084218 -344732231 -700450790 -936391952 -492411509 -609844595 -878794231 -678625739 -584957894 -829872370 -675635432 -851404698 -10035443 -756916018 -786825612 -382243163 -225605157 -723927297 -768186433
-328204431 -890900328 -375092211 -733625067 -507448539 -628617217 -122852459 -908229637 -760859236 -123853462 -487524259 -690811773 -559518534 -803224156 -414346362 -69992206 -685280061 -678603982 -867064253 -979740251 -85608998 -918240560 -379722065 -324169337 -378486816 -303930485 -414451283 -532770032 -801928880 -800428739 -389434790 -408986497 -901871798 -53302626 -267018874 -49292265 -944748282 -800000887 -796900532 -818964556 -684086042 -717451485 -700499883 -675104562 -128011803 -862717846 -691030104 -195786457 -920588309 -366014283 -927004142 -273844992 -839568453 -887976096 -576739668
-703573546 -788672327 -688494982 -747646658 -871568456 -802457643 -476128368 -679235312 -691502736 -457912067 -445131458 -934592869 -149606737 -241561671 -814757306 -85833753 -137945640 -366306250 -237543411 -848090574 -27406363 -352987331 -533237200 -871205255 -68959876 -865216150 -250431302 -320086341 -706769073 -893112954 -581481043 -915293779 -99690465 -698415596 -132725537 -920958022 -736389975 -67246738 -102057750 -372703613 -530187729 -57502222 -522431027 -590595103 -148266538 -418931945 -266541674 -91656680 -584324497 -230770898 -223404644 -238604376 -693713573 -980573721 -344156469
-5775701 -941522822 -763595673 -680940416 -87003458 -782257120 -51021844 -584446270 -71202958 -207332022 -131804439 -720246089 -763510985 -807891384 -934854308 -95871075 -745824608 -17421042 -336092430 -520878582 -189072640 -737472515 -528032949 -729024184 -553130250 -138383462 -1187553 -397113639 -446417947 -380090246 -913880507 -429324886 -916596893 -522437776 -489958252 -549288451 -485245708 -89038740 -405174973 -571778974 -819675540 -894103326 -818621232 -553915506 -349079184 -126150573 -674868267 -465792821 -771426397 -518641148 -967324941 -984118194 -499778811 -298819309 -491148712
-177675405 -257178552 -237690034 -713955054 -771491535 -141077331 -908163459 -569436600 -163657528 -897820157 -862192960 -323477690 -262723543 -971660581 -59318282 -230339508 -82786037 -986964450 -803864325 -359330250 -5681284 -64886858 -119371718 -250089664 -653018899 -329615998 -729352228 -536367813 -133887037 -639012814 -524320998 -602398213 -452709325 -597318448 -967869774 -431041790 -91147133 -846100503 -103563756 -53086483 -250617201 -327971250 -390691300 -597952165 -162361285 -912581572 -63130690 -373705785 -348436080 -706816706 -600837752 -141523598 -603688492 -172226889 -928374200
-728173045 -632220906 -472366631 -736198570 -346573207 -997515052 -226730351 -118859754 -686011251 -263665136 -413578586 -436419104 -154879670 -505559407 -310761030 -990191662 -201499748 -177285416 -765838713 -775498062 -318120375 -132634428 -706026332 -500550828 -752233448 -254897213 -709083312 -958651205 -606446225 -558822511 -494331581 -214989570 -753832407 -624229555 -762702217 -37393978 -718664106 -855445462 -296516133 -768368050 -777758903 -934831714 -620998868 -238844683 -294243318 -431549574 -805413523 -490702411 -492688302 -963046986 -251375659 -576146206 -93678827 -847291332 -119130013
-31936968 -60242388 -922115411 -165675589 -249831727 -850280050 -473339154 -81783097 -968155297 -252592889 -568260536 -686455922 -403706820 -998806957 -523527275 -478309901 -127292908 -361334635 -258626126 -66583787 -857283562 -688777212 -904630152 -263175707 -542244060 -835391397 -193666904 -634852266 -288796089 -749079000 -44972806 -521585589 -148348793 -589993942 -890912274 -672182155 -521030272 -5725057 -959205697 -186681757 -818925977 -184400865 -172455344 -8111437 -813068928 -339042880 -399977982 -921788732 -339671874 -800062590 -831813009 -706119690 -17717179 -804855489 -937184113
-949724719 -12979376 -608226149 -877808833 -793302716 -32698223 -583843764 -604980124 -605833907 -151914908 -689607706 -576690561 -253663624 -212779219 -545202902 -84752396 -402029093 -435814298 -478840766 -568205924 -969525926 -576266426 -620030466 -939235059 -102922179 -984091751 -49962657 -201597641 -968302116 -553968204 -60865120 -837765376 -896714961 -64194280 -337347129 -315197825 -490504734 -616690286 -221928977 -629831451 -288472981 -601190506 -765601773 -48069530 -239758892 -593476920 -149112581 -979259138 -475682339 -844378636 -135956645 -628261737 -92749326 -821380684 -535191344
-116330391 -272914421 -641195191 -525576320 -479035126 -673392549 -948870377 -773854246 -791195748 -414410152 -754048154 -325027792 -583943385 -596437265 -112641923 -206762213 -571351240 -242988165 -203897092 -521154053 -432430933 -328105648 -287412092 -521506637 -788232579 -916581838 -958326143 -192934588 -735139614 -63040745 -891302256 -717179831 -245515780 -274813307 -388798746 -810328442 -147783516 -839456081 -567715410 -743939011 -720298666 -353470947 -75464419 -636680422 -392766222 -828410767 -492228783 -860402521 -42926942 -70553393 -626539101 -971833980 -560944604 -558606472 -723570985
-574941630 -857506386 -190589913 -387005005 -391946839 -10716424 -277933220 -303353828 -114057654 -287185298 -190717958 -78274399 -819902182 -248250751 -418536468 -596337033 -554158070 -137436237 -30359623 -866858839 -532326724 -64267355 -4552164 -453313082 -934668555 -413928680 -864928061 -9284616 -961022756 -266978052 -254263814 -916067228 -539786673 -728444221 -236820275 -557953179 -900012037 -692082348 -719434739 -371652073 -716868150 -103492829 -240103716 -220798747 -944569919 -244067026 -629579316 -941822418 -542185560 -442718782 -921302464 -291417870 -507795103 -429405301 -337472858
-472459328 -62066994 -357378882 -826124 -176148181 -709305906 -733321102 -838759156 -195997894 -314424047 -524463284 -783614302 -962620391 -370269656 -858619251 -789842061 -329460988 -930052131 -756391563 -517971314 -15172016 -316617226 -175624047 -898923674 -409744744 -988699070 -530952113 -75873810 -725936111 -25141650 -815447529 -748394426 -381139629 -37270683 -529332817 -965779367 -551917276 -841639716 -490350826 -443619339 -280975599 -267019901 -144304126 -559422590 -914848370 -741917741 -710620402 -705421694 -210765400 -302713545 -502934449 -234527502 -756057495 -507475908 -244614244
-117875608 -546971719 -785982161 -736353960 -15320792 -425935999 -418911193 -219855495 -535010602 -874810269 -798456040 -935780362 -709145352 -759311915 -623656075 -549836624 -155236107 -283626927 -481059901 -990182105 -91352388 -421729613 -101117871 -687675699 -640279847 -124488585 -534822884 -962357674 -506052139 -723209490 -568591420 -731081570 -906162385 -903353647 -829120742 -791176972 -470259413 -260744659 -584937809 -851031174 -250854917 -173627346 -760806987 -374168223 -411766585 -116065395 -946317211 -595985540 -273365051 -120587542 -392873971 -531202484 -446056426 -19477142 -177036291
-325097261 -159270462 -732838837 -767330177 -942454301 -801734410 -696878469 -291688449 -156088923 -644803684 -212435255 -511684606 -273136056 -952350210 -545872776 -168610910 -13145034 -261621469 -364229674 -120170048 -771887228 -326200465 -552849997 -371744627 -501034698 -755724340 -474173722 -876598535 -151419730 -24729636 -751524374 -531334145 -890520071 -106992543 -805301632 -30686479 -632453758 -85584358 -505345549 -787183576 -45027942 -483420833 -363673184 -613822735 -310002669 -312947258 -586664111 -508817206 -281001070 -156721494 -566083805 -903219774 -347090758 -899515492 -424678392
-483523803 -669387872 -451417431 -910232523 -98996175 -868355041 -212053120 -382699764 -356483291 -921497205 -184724072 -513535284 -925075986 -34640671 -602249883 -374396063 -192125817 -544538013 -690890324 -302160768 -529523986 -652437590 -624830042 -427072249 -144326188 -90349044 -348917012 -644232093 -331394918 -990386215 -547717710 -685187752 -563929201 -442224874 -882452115 -565197379 -209696522 -550148195 -650970029 -819120964 -258193252 -872771778 -33292438 -250986038 -245831065 -171970891 -579184815 -766666395 -179941913 -156981000 -297514802 -659726529 -547996020 -610850957 -947457581
-645606631 -560379002 -964246655 -968576216 -346595639 -560422759 -834258484 -378045587 -23332116 -728480335 -381498277 -917768766 -814963218 -821180641 -474463575 -798201097 -565907490 -862404121 -747496617 -610820736 -478508257 -533082466 -752765899 -807400684 -405088067 -309752243 -134735242 -280999754 -174310008 -735163179 -568112855 -925856643 -919846000 -871439575 -306174093 -282817419 -76640803 -550380847 -628787848 -540922144 -105808982 -392596799 -33774745 -963969183 -8512067 -285462277 -60254724 -132108071 -800047906 -35506420 -148023399 -179619104 -940262206 -521276692 -133998178
-233584300 -380549003 -215023917 -210868208 -593266689 -409758149 -402792083 -358418871 -269238698 -960248602 -246267110 -966224612 -723649549 -127981404 -470261544 -687480601 -624718931 -133260292 -147146922 -244618194 -951579162 -393392065 -887299049 -834607852 -929087505 -540938206 -587703009 -926679020 -6518337 -787712216 -757051611 -908396732 -546622454 -82208729 -310992975 -963702011 -466670437 -950926829 -973053425 -1879484 -253441805 -13867266 -515922552 -356083151 -788764833 -376786631 -316304970 -103105342 -789525507 -105746571 -649155259 -799471705 -91261997 -546559741 -928707749
-120315773 -182498985 -210978037 -474834485 -93345251 -409026867 -861011309 -111147436 -528125834 -506549535 -238767279 -886475673 -215995326 -311977031 -922900064 -43921432 -235559864 -868726061 -327592312 -996413224 -625357440 -251697010 -673465875 -735475654 -968851442 -992673858 -579104144 -656437547 -670366515 -82672183 -536678929 -283734482 -238990191 -603912939 -843789986 -838072381 -484644259 -862064125 -148680268 -733030642 -66505612 -72625957 -384903336 -878839400 -875767539 -473773563 -307219631 -955368614 -444671475 -759996681 -29790964 -937627227 -138910699 -260239891 -461096966
-626177704 -926244128 -960765057 -893838635 -518436445 -459046577 -672968719 -232736679 -734488532 -285053496 -502234567 -709520007 -253384459 -616718597 -698139512 -913260212 -862182622 -731899499 -955923881 -657721814 -877090080 -310713215 -679705561 -814721837 -755298324 -272879538 -381942676 -873674961 -750917806 -39939398 -867925075 -327368867 -477445357 -379943493 -945691380 -798918559 -227324597 -204496195 -486742315 -746540925 -79552508 -143107620 -163603888 -29790874 -317709223 -159589542 -723805137 -608143095 -333306405 -451691321 -670248854 -326904494 -503276054 -712754666 -46903647
-140951115 -477809542 -646633672 -428034469 -860267449 -211220524 -936089354 -63522670 -291320323 -383673492 -715768331 -412993758 -85627558 -504412053 -170607622 -195420436 -876296408 -468414874 -403771325 -115961172 -516807776 -109620078 -183290982 -63439903 -374789321 -717867144 -753843872 -221023492 -150281752 -635054856 -589436317 -110874484 -756000495 -889778024 -712740026 -264364344 -253962844 -307539262 -402550387 -719411780 -454877694 -321221790 -21949019 -435375505 -339470716 -969444757 -802385323 -244221960 -671260612 -417403067 -622517003 -736320964 -665884457 -265123057 -768277524
-167736931 -458930580 -743774163 -151467951 -915990109 -138902522 -597943373 -231451191 -950308632 -283740725 -191148567 -66473720 -210810138 -998328758 -674386097 -168682410 -711023990 -415390519 -244807142 -672865397 -832061272 -471655136 -94354368 -490246093 -75906619 -52610923 -391888004 -593344543 -765059944 -952975634 -747368335 -21876761 -668212662 -370410636 -525586452 -109163891 -440870477 -375890128 -510891997 -956025486 -999777785 -833488717 -74223602 -23108084 -974510855 -107321897 -53442247 -116506170 -679995977 -917131351 -662884318 -807041074 -778544461 -941710283 -771226159
-261541902 -753161607 -831896215 -622929014 -819792320 -391674598 -752617487 -446266026 -700835063 -931366813 -770652413 -740555892 -347790711 -719256177 -451193436 -287864706 -301330594 -310605983 -198003265 -81783499 -268597091 -960565054 -846965314 -401161672 -40784445 -585598374 -642755412 -152533518 -841836197 -754591206 -971559953 -346143068 -805341798 -710526268 -80765621 -748023735 -726179497 -647987716 -689063056 -931736071 -353188747 -198573890 -231807540 -53700536 -981762383 -132957313 -299445296 -343883075 -395590011 -927793172 -27840697 -750595240 -264100063 -469617024 -550547805
-643700306 -379166723 -604929874 -863404482 -941903223 -825892635 -213068216 -759656906 -593066776 -481285967 -79143730 -713499795 -19512131 -892041286 -569807070 -443255798 -369512317 -250710990 -572651490 -896449323 -435714093 -217292867 -733893341 -974586499 -252448589 -249518219 -482222434 -461887181 -509550317 -720121486 -929250343 -194825914 -696472455 -289269769 -841608252 -66331047 -462123451 -172847615 -805863784 -26347312 -192811959 -549494652 -584095564 -927670988 -931104343 -6760301 -357268641 -906913862 -866530325 -411279447 -718957242 -151106685 -678801675 -690935697 -894648759
-462116790 -108779430 -310051910 -881320383 -276248170 -481377298 -35018763 -689621421 -255175364 -746012205 -799030774 -760237900 -947483930 -280738601 -343209940 -147666423 -334948382 -560932627 -26869833 -657982834 -802841723 -215056496 -104924198 -710987107 -375393178 -65349900 -254927196 -684451400 -793658828 -944967983 -321418206 -494973454 -331732347 -677979079 -286149272 -499685956 -586370801 -686438987 -681200776 -935620488 -859014125 -336926620 -716668971 -26588483 -745880390 -663987567 -626584938 -154006443 -957791008 -178531103 -347715702 -618483950 -201187904 -225325627 -486009780
-899479055 -592186718 -750267849 -596738626 -774619701 -228316706 -328083142 -748079157 -783359516 -549266370 -695532775 -826226063 -707556330 -385923518 -717659381 -540143836 -107026271 -350709773 -515181992 -29208503 -473795674 -248190473 -597800689 -324032817 -505188049 -457739154 -848061394 -817509135 -709032653 -47294574 -801248986 -149563747 -54134220 -186356556 -259146957 -504290111 -856832892 -717895970 -537851303 -967982702 -650343902 -663858454 -983955190 -714548753 -206045757 -27946977 -527328311 -606607739 -611670818 -118950155 -804416737 -978792790 -475703393 -708329825 -667888558
-454779298 -646457314 -731142189 -430700300 -685774539 -449440595 -543484659 -944321757 -344038816 -614976937 -95304946 -899830977 -700796853 -703109585 -648484574 -810021016 -307785574 -968367757 -190168797 -752216880 -295783785 -762946172 -256927225 -119203762 -119483303 -143079273 -108596624 -646726257 -238095427 -984162231 -967051051 -538808512 -397801383 -416438868 -186215617 -183790396 -342632527 -290313501 -611886216 -278309657 -804262560 -137376622 -47844450 -167987653 -567659643 -491847477 -760098374 -887458355 -618949 -125613835 -882693908 -353850081 -942326254 -964552056 -70906660
-153364170 -362343646 -577655001 -795525289 -662723848 -695634644 -446971046 -110120643 -278917587 -1105685 -6953761 -379645404 -972063629 -580268096 -672861446 -317955422 -956572618 -233212591 -94694617 -36729587 -244582025 -674563740 -709477447 -173880043 -982294513 -319913602 -277149004 -291190240 -403013902 -194232228 -852239024 -827151954 -216948227 -355261182 -996734648 -444185133 -831842470 -634413970 -560665705 -215498645 -909424667 -533738240 -8288332 -495268238 -979931832 -775336210 -22175722 -206554164 -557669038 -988617859 -587398117 -466100509 -840304191 -422708231 -52737622
-712683299 -599348078 -819049424 -491612771 -626379460 -886325062 -944441638 -225635674 -235927404 -376013047 -572648438 -955150913 -6922445 -171326685 -37742788 -894196704 -309830758 -433625864 -879851043 -137620043 -964504920 -668574109 -546345953 -190239864 -991743416 -869425997 -555870130 -456311515 -804734171 -24213374 -143762299 -436693155 -82438412 -747952150 -590076488 -713586956 -437194382 -984420096 -388508899 -606635851 -103686138 -240132761 -116150539 -361322128 -611920709 -929445408 -969769747 -760494545 -626511352 -867539039 -74343130 -451147915 -853353962 -207483015 -100682803
-757591667 -475117300 -51326442 -447674314 -656918334 -955644786 -49419731 -103115092 -409472153 -590012074 -225549726 -970309204 -87388441 -7544611 -527685918 -730413825 -275684247 -956801798 -420128594 -643650715 -152115388 -31224587 -333243290 -79004094 -874459045 -966542295 -368401397 -144047509 -965954070 -318689897 -629729634 -280440577 -920555999 -474275680 -693220788 -862240636 -34997255 -739702759 -772531049 -153027956 -159786291 -316434833 -574377950 -389838475 -603567383 -93338946 -645798123 -556904799 -980375121 -364099747 -786487608 -498190416 -55654642 -813415920 -708922388
-95999659 -403735373 -528580063 -871336214 -754286403 -949670694 -677922097 -599744090 -91505628 -807495785 -475795744 -899366510 -739089289 -59818387 -958259669 -618005569 -228738467 -605568510 -641584665 -355415578 -814992147 -229251451 -164870947 -475413592 -783795109 -395527915 -663219594 -485112877 -873132679 -806195759 -804289773 -769014589 -237423418 -616330351 -397858219 -678439075 -554105231 -309683418 -879574453 -211988363 -372977634 -153855882 -526001633 -552638948 -279448119 -873188372 -677424654 -567808115 -631551135 -669269888 -961993302 -784250914 -562955488 -454524199 -17515001
-109719035 -738567563 -963028604 -478828210 -319816091 -192437231 -4828579 -319189374 -200593591 -401702452 -938540345 -877648346 -826330582 -715357172 -656746478 -358292613 -993313591 -670694370 -442227408 -312123748 -589528209 -550385226 -473473350 -551884279 -529074904 -58029048 -814008237 -342975327 -107398056 -717066548 -59247929 -656782816 -713136849 -784366195 -140295678 -715841743 -90669930 -280418806 -655588482 -315206201 -41230691 -719059021 -34947935 -420467323 -238853891 -75903944 -194666385 -711829784 -510579311 -973267912 -420226522 -703554618 -784840351 -26960138 -977974925
-436705692 -869483827 -306723935 -813465014 -241606933 -36235079 -368307872 -735083389 -904976055 -277943846 -508229836 -405253077 -159184486 -704644807 -807704904 -552123632 -682343832 -135111892 -283197341 -216030570 -658727605 -907996661 -217394783 -853194545 -146216953 -999893325 -107954644 -937377095 -408081295 -157912140 -593272054 -211117451 -335930326 -790602689 -799993082 -976207664 -780349803 -149082038 -120922871 -680291523 -122454650 -521723297 -563134578 -846610069 -498126473 -876849984 -538556112 -495111315 -514256606 -721004101 -755410981 -425835219 -765614518 -518756029 -105810185
-927108165 -283726080 -299768641 -827959863 -242346823 -8458023 -150792340 -177967458 -754311304 -433520934 -247346614 -298576264 -100605146 -690828998 -433464138 -876270954 -304878450 -232729041 -143078173 -226587762 -588773635 -915738869 -181727913 -230337055 -817733325 -500054725 -580457466 -360672558 -953369362 -895574167 -219040090 -378350595 -668057005 -739637320 -14384930 -804000467 -280349959 -595555111 -858494777 -974576994 -239858860 -528946814 -130555603 -795985050 -881175063 -358877006 -993600471 -198788318 -906152873 -699524211 -666065904 -856407214 -665959081 -871426326 -209016166
-726478545 -516961565 -110489276 -990675718 -534995420 -505126238 -792806223 -227589153 -695446857 -932769912 -624271399 -425828946 -781003144 -618021613 -420685913 -692490769 -388528844 -865439685 -162931454 -681647703 -253196968 -663983424 -736069744 -160068066 -830878908 -753087952 -29466547 -611587264 -113481236 -98527294 -992011545 -37026784 -974845370 -687269459 -475125657 -898193849 -99839317 -6424497 -862645305 -791736378 -434812695 -130971305 -17669755 -553314915 -382625067 -299950875 -917983678 -661189139 -84528745 -864738717 -530307653 -240279000 -737400320 -669213103 -321436722
-968084950 -803098791 -539584708 -796619274 -893369155 -127663587 -426792539 -88818056 -198763688 -676427810 -412409452 -266886757 -71560673 -870896835 -875999952 -584375075 -281406927 -762147967 -736306850 -497633305 -500469836 -962767228 -965562860 -408655513 -280697253 -316666989 -641532828 -818730371 -739065939 -996835592 -144875318 -694357642 -816374778 -506546296 -301488274 -793241149 -168792051 -100417077 -734044956 -545036682 -835798730 -268028932 -62457419 -368136079 -720142606 -299802640 -665598797 -701894375 -457774494 -886370139 -917913873 -417286743 -750905997 -488985090 -570783160
-613798918 -831716874 -539131203 -828751298 -181215827 -808578955 -116936299 -407810249 -881307581 -514217993 -606722257 -332066710 -297859031 -982520489 -348259139 -376576660 -758122865 -776663652 -715021379 -467835529 -788008157 -169170601 -165883801 -230632894 -466565287 -354854181 -878026124 -906041981 -61852931 -839157740 -575123238 -569058642 -345436080 -299840340 -373362353 -147896592 -454452398 -25220894 -924974744 -38493824 -489953344 -510548110 -239120131 -267102230 -138839268 -272209955 -432331664 -681684869 -604873638 -824674039 -674688381 -389262296 -54584771 -961264189 -442234452
-116423973 -819894030 -183282983 -145324044 -238896912 -680835605 -3401334 -661901823 -971006949 -498330253 -667750429 -275420389 -203392011 -101095030 -83612428 -297625371 -205766305 -528099462 -202696629 -856536881 -937198854 -969888052 -975109264 -205280015 -190809620 -470150940 -860924909 -699251888 -128244404 -513838243 -576444520 -654647184 -279455783 -931297236 -674863876 -460029817 -942222320 -710297711 -169165914 -891459486 -993879283 -418952133 -866759487 -993250877 -528795056 -774277296 -380224849 -514878206 -370935975 -628304286 -245171596 -73177382 -726907384 -693016768 -533347928
-654111836 -112926048 -22094021 -777936873 -815890618 -580180298 -329362343 -606919812 -574933508 -185101103 -930056795 -630776715 -144320109 -36259530 -546391287 -772145439 -357581140 -619899463 -101163998 -812352967 -156319401 -744721445 -457704146 -348480209 -694853470 -372315912 -729568532 -643850332 -66644891 -402714953 -917589734 -676776322 -366143938 -307422998 -474797839 -251873220 -472023520 -530913778 -135765738 -26774153 -836745726 -876332642 -689093526 -662220664 -693846723 -113068410 -812593764 -821032660 -169385440 -184599967 -731383476 -274528101 -792026366 -146299126 -323575675
-474452539 -266231788 -73319998 -446190539 -776217383 -249813764 -379739723 -185638672 -298830471 -505624517 -714396030 -754253144 -812235336 -765837226 -443656568 -976510952 -342150118 -185572161 -386997387 -624666524 -385093894 -185468551 -465967731 -860166982 -779051506 -278212737 -270491217 -953800850 -456717552 -362457705 -99332984 -972318911 -137439425 -251210589 -421272934 -149626409 -589719300 -557195849 -442062485 -617627531 -9497548 -750767565 -436349832 -83152692 -423995658 -498084814 -442338903 -188043659 -334435162 -37142835 -843461367 -563407572 -817311333 -487317336 -718423038
-668381257 -78548139 -951610429 -652172070 -45507874 -792418134 -323790267 -332200081 -239455765 -61873470 -698836507 -690048638 -948253456 -97777008 -512637364 -613870626 -312149175 -212126644 -640049544 -876261409 -632650574 -314097072 -392918312 -457449779 -139619497 -18879958 -452090145 -231591980 -823557432 -519172476 -302138721 -794742960 -837623042 -272759419 -564377682 -759506804 -470017667 -525515461 -468846923 -155415948 -733901901 -21577034 -975307133 -782104736 -405913866 -289091650 -514938508 -613366925 -931478521 -106397525 -444227541 -613573066 -876519343 -74384773 -620706581
-205366722 -472830932 -609334978 -999477840 -98346992 -890281374 -44258814 -57490097 -795596857 -292539931 -379627576 -912372625 -13382421 -530295787 -359235115 -604381866 -330271918 -203845084 -208645131 -642390482 -292282131 -101724211 -308844737 -339042058 -119052707 -285106378 -977924964 -341007823 -392853176 -538010476 -242492809 -694631544 -906261151 -474277201 -837863453 -339653798 -13334358 -721007119 -121980814 -458487244 -760278576 -265474641 -692940259 -579707740 -109848256 -72215741 -299694324 -845226267 -735925016 -66787974 -101098862 -29193050 -318265010 -989140850 -788127357
-407794339 -71444018 -78575129 -70018891 -674417680 -151520155 -427928526 -611148229 -157566348 -893109432 -445151109 -833425946 -344073256 -319836082 -117272415 -186979097 -203774878 -941238377 -591575279 -495864708 -820365023 -157964080 -905062298 -434155037 -876094413 -550241232 -641766966 -810009173 -95179484 -877980592 -897508898 -642394071 -650427363 -694038448 -60763628 -605155058 -393578691 -918199368 -941399014 -757313727 -326885168 -446682926 -573901041 -259375887 -553577870 -98272259 -556445791 -227977653 -694926241 -688048824 -401151667 -810099220 -76721740 -228238763 -281252591
-74515355 -826377613 -94450506 -327851889 -955168589 -781384793 -189573356 -794130606 -338700040 -331824979 -199187620 -823801150 -141787556 -763267044 -262529353 -611970182 -639767932 -406661835 -534992528 -639129625 -748570232 -71616277 -984659554 -417454838 -135705289 -994359374 -573721612 -21818372 -308578290 -439300876 -703013368 -263375829 -198813063 -453764693 -935050560 -340603744 -240262386 -137000971 -525624791 -995881660 -250562153 -785938397 -77194885 -9684798 -887785096 -995296073 -375790956 -889808430 -507611621 -960303082 -680101100 -800065198 -803336921 -895197513 -426799684
-512909543 -93471502 -979435999 -466389651 -818945609 -207103317 -926902205 -51599568 -203362025 -847511473 -15509731 -729907314 -18659208 -479206812 -640432878 -729511848 -584905817 -385937806 -125744285 -602987002 -498405501 -173606550 -838335931 -841910695 -512232775 -955449324 -602801743 -314042496 -908385915 -469720215 -623746856 -443702430 -659538547 -5205987 -140629087 -741453573 -386160303 -74354768 -886296045 -781840961 -756273117 -250496058 -799891712 -233725672 -797434754 -419846988 -46149092 -780937661 -20439234 -593088910 -824637236 -900070163 -599551494 -960799845 -720574721
-387832518 -181362927 -97439470 -533036289 -617444337 -818734425 -444990413 -947093564 -533820739 -974021490 -415289692 -605289770 -919014315 -191895317 -699842606 -769486791 -718321083 -603433794 -850724147 -843454512 -39876815 -921265349 -791888259 -313084146 -966925972 -232083604 -902349420 -223742143 -804167685 -96509647 -453446496 -832238720 -506176328 -914124815 -847838462 -72053519 -222085604 -615079984 -283719028 -653421617 -260519272 -880347009 -187133845 -327372110 -341059955 -42383813 -897685428 -114720045 -607791512 -49189833 -985871987 -979496422 -895353723 -926670691 -217918237
-126141439 -707293097 -73367223 -828608917 -119150663 -880117583 -267550659 -539426727 -650394594 -601226102 -819844313 -698105409 -123716227 -119064050 -5135902 -321534665 -72615571 -728749222 -243353023 -904238694 -300660775 -458621787 -42419812 -169867068 -836272297 -126197751 -16590110 -776459097 -965642419 -765579549 -976301999 -530608627 -321691507 -566584054 -862773458 -270073867 -347831334 -996173011 -989902950 -109022244 -203604130 -765207692 -584298722 -664321635 -186231792 -125312649 -256196263 -178908340 -487138026 -526533428 -453859782 -460812935 -903143061 -755294681 -303828550
-829137688 -311994472 -575522277 -124006972 -138102151 -947205097 -602463008 -798379648 -269658740 -288153804 -535023454 -407581607 -678931599 -554535528 -512114694 -971046437 -155845400 -104478370 -879588263 -688477551 -129548086 -608310868 -354810058 -510877422 -55726150 -414889102 -895606436 -741291537 -476591848 -464512899 -6379974 -767568855 -783421640 -456550394 -408836175 -902603205 -129025582 -484854311 -120388588 -28134162 -848388093 -959218979 -331166058 -437447934 -697135485 -996913516 -458199912 -709029225 -358819573 -15772960 -673779342 -553917151 -551189408 -502816237 -174442580
-567202817 -483715347 -206001057 -792598661 -572463822 -645071022 -451322382 -704399576 -931895545 -828046369 -234104637 -156544055 -426276811 -556797637 -347618786 -64634461 -110490748 -629080650 -576378445 -600076671 -619891836 -291031607 -371664068 -507746769 -481152052 -404490562 -876274463 -441555627 -902657071 -361353785 -960102186 -272443359 -665645343 -764452464 -580854126 -370685573 -359503628 -167904143 -242787919 -693438240 -360158203 -169210268 -860128360 -621830909 -491124645 -39925301 -217380619 -204554487 -527348734 -95645284 -447569718 -490170499 -816269616 -942433405 -654810925
-685443187 -910972383 -158326930 -183617850 -190169991 -487192018 -78454013 -562813538 -189436039 -182958784 -294423600 -573089923 -556250918 -856228174 -812622015 -481815309 -513356153 -793372387 -883777190 -549582032 -92709478 -54299988 -703767853 -906515885 -534309236 -306547382 -966197939 -730485424 -40042565 -405554716 -914602106 -447800387 -318750154 -406273252 -798576914 -19551174 -515818166 -966758721 -260802077 -709867323 -545980091 -884351516 -313020963 -564586625 -441200696 -513871548 -305960439 -820470087 -515788530 -168346086 -625330688 -226115064 -571399223 -220155955 -680859484
-887801822 -692319556 -248257019 -549039094 -935404960 -559499487 -16504059 -446840004 -522403775 -238825284 -879986529 -103180498 -900118484 -183066178 -833107870 -504769715 -896730412 -448813633 -825376720 -966461623 -511983181 -111981977 -782195440 -139829041 -654758374 -974419366 -387897014 -651033862 -287507765 -327307479 -442063725 -835478939 -981422742 -815687848 -450422249 -927700690 -535049686 -830896683 -717804301 -305155182 -51092991 -323814254 -127806063 -713270655 -666976102 -722908406 -951410250 -553728037 -107576010 -485927223 -245682434 -14745263 -353512118 -272549076 -183100511
-656428961 -191086854 -177994615 -291083055 -524700910 -239015597 -367134827 -270485770 -295305298 -532784910 -650894110 -479231287 -462453955 -261490369 -891483918 -213646133 -90492915 -93483575 -524044015 -31658157 -908868771 -951946155 -99104956 -84233890 -95829843 -486159934 -859695195 -425751798 -225877532 -55589916 -942179618 -128271158 -727528212 -138829907 -863266872 -791763310 -534053204 -673084397 -466456996 -74469210 -537101625 -206693367 -451989755 -365217491 -124507505 -221576545 -67591379 -133563410 -983502696 -452162047 -282486198 -928065708 -329776141 -89272643 -343008953
-523185088 -195132474 -354588022 -212946001 -745310320 -884672729 -205087801 -237326490 -89125023 -109748040 -976579986 -986832142 -103314078 -656695714 -273508966 -785080754 -315476557 -979818913 -340427302 -67255849 -630198164 -422736299 -511497602 -208721302 -104808925 -766351344 -708823556 -866149835 -260309333 -832627155 -599509570 -91706716 -34100015 -722484081 -856501261 -336787026 -988262869 -619400426 -784126844 -527128863 -81764096 -429823888 -211571271 -268954566 -639581966 -995780322 -36638313 -269340842 -660917214 -280189406 -194426443 -800295313 -151923824 -794729022 -612653951
-202690826 -436830045 -702386816 -506688712 -716326504 -329421759 -914650757 -216320935 -111917463 -20596368 -320795416 -373089538 -978192042 -31098930 -936426339 -636455843 -414022390 -671291018 -729288187 -60731702 -310106491 -388546472 -217037261 -899477198 -303919403 -898702547 -940183037 -311187920 -797444588 -596835374 -743822793 -736909747 -828548116 -86710202 -282724511 -804488771 -750684126 -666061547 -822227991 -237891311 -948112115 -990220604 -696118285 -381671684 -638463873 -807164728 -698605519 -98966437 -227099944 -325345849 -391200424 -316902681 -889079589 -515895617 -302753874
-460987797 -666557996 -203970707 -236294794 -474973252 -352932858 -848713963 -126621823 -803565945 -217235166 -407858148 -878156283 -694538123 -589754800 -874828485 -156503650 -179454093 -403015598 -79981631 -58048940 -441969264 -261224393 -955229577 -834843040 -206790999 -893107431 -779765359 -309238990 -887607748 -424941493 -612812836 -211554751 -131396175 -404556574 -211207516 -675448950 -707771204 -37514421 -149736527 -433892235 -177389736 -675397808 -97561410 -548664629 -901718881 -3780835 -327497384 -595439568 -984309656 -234073798 -338444272 -353201537 -212986901 -609214588 -53811410
-755312205 -910624763 -264107249 -908940668 -31128575 -742970792 -572115718 -944259750 -896417592 -308662360 -698699839 -71230057 -569801553 -870296326 -562925174 -791743397 -315301612 -33476834 -876358395 -154512494 -879089714 -8932727 -813659320 -851883457 -822045225 -283271042 -811279799 -640901505 -994389588 -262887671 -705576476 -839838053 -392593748 -788712519 -781162130 -558619251 -433806520 -91554676 -591877565 -775081718 -279751135 -360099561 -981724650 -954039280 -970865938 -84892999 -611231587 -77683114 -60137291 -126357310 -391269487 -98866417 -962274535 -969037362 -97680624
-170417380 -825859282 -586753126 -596275253 -881227199 -908301976 -121716 -293219181 -993302614 -125988998 -56764436 -820575184 -819222692 -732655629 -782827439 -563303969 -763008748 -460530179 -847156400 -527859360 -846350958 -718708972 -64137851 -988700847 -552159828 -957481630 -610578923 -289422850 -736435460 -268780446 -28359821 -430082769 -371866123 -832124209 -629308973 -571856547 -787745916 -20604775 -19760380 -453399416 -780086501 -413046113 -929853531 -4119563 -322967437 -702472214 -264089055 -808989752 -504586589 -350288357 -692499173 -509974235 -609724551 -831347050 -594802744
-383182100 -618358895 -283565473 -337445348 -255062986 -731432493 -729262607 -718219039 -442883887 -580156304 -637597259 -714244719 -4991527 -36914253 -483292342 -966904181 -387373235 -298042713 -429427950 -119352283 -568886787 -37993225 -818283397 -770724884 -741885787 -169250544 -482063479 -608857948 -513802274 -225174482 -246778635 -224130096 -435630583 -550793631 -998180141 -434472115 -645376308 -500010280 -306817900 -177947554 -973166802 -469130840 -271965481 -279232619 -116172698 -589203306 -271702492 -438382172 -608973730 -486275700 -227768390 -499384468 -147865873 -621626963 -532124861
-722361338 -19046909 -262637795 -23280468 -417968685 -198401221 -160442170 -783051291 -257047106 -543499805 -787295052 -307396103 -305197258 -724279388 -203865579 -827762968 -511883178 -482194919 -117877071 -355935818 -412284782 -304919157 -343370173 -92915045 -687095125 -322715577 -626124576 -526133381 -588842618 -174289958 -780381954 -652089991 -777808325 -724740899 -507615074 -866451181 -862137225 -760393847 -881921641 -501133141 -457234224 -43623864 -948849909 -490948448 -567847509 -780567597 -196107809 -684724158 -145955918 -463261429 -197760357 -723898258 -325739153 -991869815 -844370471
-790437877 -885411 -72826562 -189277976 -121837637 -838231615 -809892258 -895124873 -53686447 -5410854 -750901614 -917904910 -730122687 -223523590 -815460394 -944873629 -259532609 -77977977 -159932872 -723225681 -961945927 -612529322 -613592021 -396202327 -500254402 -920838833 -718250233 -399878684 -54731224 -107034733 -570115687 -32428732 -699164358 -402535393 -37428609 -409714670 -747142474 -750136825 -55610847 -627257499 -565479628 -462116937 -664475153 -904508453 -963672760 -751766249 -236886900 -93452956 -203279700 -640335956 -494942745 -886809389 -71947521 -964470123 -368203717
-250102655 -186788150 -907584863 -467937090 -151353530 -586340031 -666550874 -163387671 -872255469 -521695861 -957296604 -274982704 -580652377 -369045747 -991997365 -785227336 -207680552 -6893937 -514918209 -872187179 -213774043 -497794132 -465551285 -470765450 -984007442 -441400928 -63561734 -274438374 -11585941 -980175797 -354617084 -860304640 -249275908 -508578880 -934855410 -730979884 -252979920 -892802340 -909805245 -371598397 -655556652 -334469062 -679455028 -729024529 -96521141 -166968254 -502968460 -932650822 -918734863 -739939878 -33692222 -522871303 -77800019 -582245907 -740882323
-570314506 -167422021 -352128078 -812156852 -211671571 -310297016 -752755438 -757780853 -719460129 -171085344 -306043342 -417473199 -330424209 -41585080 -526134893 -885344345 -221215270 -796758218 -818134609 -177247610 -6251084 -639257889 -296900603 -925400614 -765064670 -245064562 -85054171 -854271462 -762094898 -872016569 -137477365 -460069984 -61122751 -557628704 -842465607 -813172428 -808356588 -279984376 -443331362 -553873089 -264314806 -383504103 -588951233 -423622822 -113236709 -383593578 -160309835 -128304137 -293396065 -327813351 -494586069 -611638301 -524115751 -583657149 -581488337
-133011418 -812545050 -968617988 -951253123 -814088229 -491765835 -324039681 -144810900 -201756921 -365850693 -84790548 -794512270 -172133204 -214818486 -22942502 -12311496 -90760903 -548017384 -787261595 -153345043 -546660174 -682150979 -753075115 -2770393 -525003360 -211251969 -486037562 -640782174 -889969350 -956030548 -813113035 -559764161 -862921753 -452354224 -561940050 -447423631 -207847900 -758541361 -97708353 -568100993 -444612776 -236410661 -80916643 -165077075 -228709625 -995160001 -982009556 -821691254 -274634781 -805630700 -741037193 -306671669 -34605777 -591893058 -887114447
-384208324 -758689161 -808156603 -272665918 -652622861 -30812339 -43726523 -640736354 -976519011 -931643978 -655436633 -504488539 -410467289 -921530384 -106884251 -265654877 -891922534 -60615491 -441248825 -38127571 -946349560 -529969754 -957719467 -731855955 -60148207 -67746432 -906167013 -52937004 -828103612 -936237445 -319998585 -208884472 -775002080 -640153686 -635992554 -76477268 -204754706 -739153826 -736395766 -376904886 -874883229 -860147938 -138792912 -51531541 -962114951 -853957813 -707100499 -304308666 -651560061 -757792472 -702197745 -187564747 -39775977 -802223095 -873662908
-185797645 -943344170 -456697122 -875393136 -239054079 -887889107 -441001602 -969879006 -402417288 -714953182 -350995855 -169246197 -754817658 -964310030 -381795193 -104468211 -716704584 -499538557 -678457398 -18648142 -464177726 -492041620 -754912421 -361125896 -335374976 -57177873 -678341350 -905414185 -800239558 -24299481 -35006818 -495045998 -532039208 -483631631 -334039322 -554697718 -60756616 -988631200 -227748546 -786091314 -247780326 -103049389 -871191776 -613252925 -395221006 -91209699 -404717640 -583163805 -451511340 -681395312 -964946151 -140226195 -176549694 -922380613 -652426924
-59454098 -531073165 -549171812 -53632487 -647050193 -19207 -763862010 -987633232 -361759952 -98759568 -182724631 -621593031 -752321423 -734085704 -902255362 -136256446 -745829347 -308295548 -843324027 -233939886 -390864236 -552675081 -141802386 -796659810 -820724309 -629531663 -231512921 -855836750 -564978538 -332830025 -742971920 -777171277 -790997647 -181233219 -820026820 -265375851 -201795990 -581858472 -366812199 -347016586 -993565874 -535746701 -877964134 -129234156 -722501046 -185473461 -185445772 -949814691 -267543690 -311333483 -826061134 -443667265 -86863202 -979265834 -682522143
-542518395 -344013238 -173893549 -516424515 -849604823 -372317160 -409392550 -396805910 -185355825 -212702320 -255097230 -655523144 -807070689 -535798049 -378193353 -142003701 -991314888 -802230014 -708307122 -160653519 -478002994 -723248923 -806181395 -28107199 -227901287 -87771898 -887015736 -315778491 -223843956 -297759331 -117153150 -921391243 -263850361 -639438136 -15095426 -46673800 -235841951 -665120452 -762500971 -679068857 -117374229 -506223613 -738780065 -799389194 -107142451 -60484487 -367724980 -158524045 -449542764 -859898281 -378321377 -654749688 -577379809 -841147725 -709584647
-584697494 -505656051 -298444692 -851762751 -720253201 -334668571 -179813901 -412814479 -277287558 -343730612 -314666416 -643532816 -7905067 -213058493 -444717748 -716516952 -986603948 -49341251 -54751026 -181357645 -870103116 -548899834 -217033401 -214179129 -788017594 -999577955 -867607973 -159305857 -204507934 -961655883 -594005941 -967573539 -926345728 -518600334 -538033602 -371106600 -998431198 -810366370 -855277624 -221882998 -724805670 -959602977 -464760751 -348085181 -869259354 -35169083 -94319222 -562818335 -250255217 -105763736 -873259917 -393668304 -98329551 -73036905 -595324259
-68237539 -463476989 -912702206 -651941001 -22119111 -16826903 -83612493 -703256132 -362029316 -259122061 -27871145 -103457117 -541589861 -773169372 -86823676 -388001698 -600350787 -946094740 -348333855 -50101478 -626492109 -21404237 -142733662 -970782213 -493172734 -565115177 -687226330 -612019500 -906033664 -308829671 -55821424 -798067750 -223662893 -289834955 -139067773 -672719510 -174221306 -987926175 -122360526 -880825755 -157166331 -636776676 -125791140 -211577028 -486665599 -176701626 -679631049 -184374208 -39780003 -928145156 -978630326 -113010255 -777537012 -907751999 -411279871
-116948985 -790020291 -659529045 -593906522 -772233470 -362100975 -789647616 -47126485 -917078835 -107430955 -464994171 -153667449 -157539555 -347130214 -301594106 -166808281 -824887541 -172116331 -102503056 -218005267 -670126985 -558347245 -820204805 -870282159 -580866196 -592237622 -898849330 -76957886 -66142014 -639387348 -634013842 -868449014 -830635809 -429461910 -19316301 -347758152 -891743156 -872961796 -139311935 -177180275 -148505898 -454643414 -65241275 -369565727 -719883028 -958765393 -768297092 -521058498 -527050175 -421415717 -888235681 -742911991 -216298739 -64831876 -767236304
-598928515 -612078795 -964143024 -903799347 -728234303 -334997068 -88335039 -659195780 -427140654 -299237977 -213881323 -777104450 -759484057 -789355462 -373120867 -927482631 -793839653 -787696570 -256980506 -893462439 -989080856 -184429851 -204791476 -905316719 -764402684 -45468350 -207703525 -65250251 -634448606 -826846394 -356674546 -633931597 -218531128 -45446881 -788473525 -922395813 -285754151 -845626987 -314018360 -526054800 -17716488 -948812552 -885685790 -710611918 -511907983 -357004188 -396247059 -858664528 -380593747 -866353459 -80652062 -569229186 -720946065 -889275378 -569936596
-299017173 -814425923 -151286965 -359728726 -491219060 -64075327 -929880009 -487378381 -342540157 -903804344 -742479694 -800393906 -591940756 -740853606 -793004486 -614423611 -312293201 -41052301 -120684941 -629430124 -78146414 -953648123 -171276748 -656523239 -413084682 -193628212 -403187619 -797514774 -782026942 -458295672 -983684464 -357928574 -399509973 -86237999 -250899389 -55377999 -574774059 -681199562 -309665247 -20282991 -651039050 -178921093 -621066112 -635653635 -592764111 -63405783 -91220919 -999965022 -781438400 -840205222 -518444325 -720531637 -900392137 -473141028 -875283823
-724371800 -529804881 -487362302 -203863047 -571290877 -840069751 -597583843 -61189651 -678399377 -301518891 -976406812 -25960162 -132869708 -515741630 -700592874 -721084127 -347948968 -797884884 -195157114 -830447465 -147694350 -31563987 -359303828 -984674558 -718225901 -619677764 -719485126 -489468357 -494556115 -307776148 -639112011 -824712422 -144404973 -939348651 -530871427 -157874501 -281768328 -704316454 -368876456 -588780011 -846824525 -848963867 -867662628 -321116663 -188992697 -723363541 -742671561 -707643416 -234636886 -380500319 -975243900 -685049145 -462602728 -539674119 -259244961
-146394931 -831259580 -559598019 -425023313 -262168278 -942387152 -974179351 -531424334 -14672162 -926151408 -411421835 -574557295 -217640112 -87065647 -957925071 -548694627 -210432772 -887995451 -271311940 -963771816 -491890801 -702653922 -382276151 -559981935 -622183486 -610965740 -476007106 -819995871 -863892728 -337717701 -826170676 -74673889 -29844221 -1774502 -809911737 -236259464 -423106562 -450110538 -647625412 -204307485 -64723443 -895252229 -815431313 -752805812 -205720045 -678706846 -612120237 -590267127 -896432360 -833921953 -767610645 -70585653 -707169020 -483755766 -701034031
-828268382 -351812030 -15187043 -105315219 -223053470 -727257792 -134513671 -58830127 -601157550 -207630117 -827800548 -44133765 -915346249 -273509299 -334826933 -847126819 -720505899 -643067964 -836177303 -337542810 -688653875 -509146939 -219591801 -635455034 -324920608 -479343603 -663149924 -179369912 -887641708 -104787740 -867052502 -433346583 -344793168 -849528344 -489885039 -104920924 -601771332 -505564740 -896116911 -34601407 -470266805 -62610699 -715769802 -838528080 -61972967 -618595544 -254821664 -670607713 -551784753 -12679707 -392463921 -399724803 -109712942 -608385883 -362868848
-49957170 -21295798 -904623622 -46897 -164627704 -611669572 -955492899 -669595289 -884803215 -921909166 -132278980 -331760278 -220298575 -923837005 -361351523 -396951745 -15983623 -652033371 -575438251 -939706133 -994141340 -923061979 -94211951 -222590990 -174793667 -721503037 -107054414 -371691221 -556790132 -527959678 -742407688 -750744120 -816561748 -201706072 -249229823 -967300238 -157534452 -262765460 -865156595 -195588604 -910326762 -356105897 -699885411 -201863390 -7906340 -781327025 -502316819 -224963710 -373732691 -992191435 -169101475 -360568414 -81615798 -132436773 -889408559
-946853229 -428005738 -602511159 -778339427 -841765269 -255069695 -256980652 -273407139 -949702119 -583574552 -306698132 -576704664 -310966569 -536218252 -554709695 -326608500 -692329061 -581377838 -185222807 -133243225 -484741843 -505825034 -114271240 -284458071 -1734775 -233758148 -204137026 -389472303 -275140684 -672948336 -244222132 -427808943 -861191842 -805174116 -707741256 -382181919 -508810441 -93463134 -544841982 -845210130 -825246655 -555307129 -653370893 -695091251 -232391384 -712135452 -942018205 -638650239 -320314966 -780867991 -607505000 -477235534 -904884624 -688831599 -54941333
-349892913 -84389012 -29043278 -773648241 -834982771 -36776001 -168531052 -666414843 -45795654 -525071215 -655906748 -534141670 -110518141 -824749221 -16023932 -451446576 -247494188 -944073264 -644341651 -361497854 -547251812 -390966941 -104727388 -368603286 -669774943 -452715025 -691699745 -441197683 -351456916 -816832653 -170974027 -273747922 -647358448 -621167346 -209308942 -352319385 -886416024 -679323296 -921040486 -243218667 -903661083 -358615268 -696820127 -222096980 -440058011 -196074827 -677998664 -219963072 -677308544 -63182513 -460069713 -955146994 -497560888 -106873998 -707939639
-389309066 -460605345 -873242900 -908595692 -635173294 -690663224 -662443836 -750301772 -362387445 -68563304 -647673396 -196057043 -273482900 -470328841 -474225743 -57169415 -38175207 -502546542 -867650055 -971608464 -989078258 -224948924 -493213237 -716885624 -719491248 -652855305 -544504841 -1651655 -332227459 -179864196 -609519312 -427071953 -261063814 -365971735 -641254214 -176734646 -557950277 -937346752 -237775375 -861749750 -969786265 -176636762 -616680380 -169343197 -173003738 -964166228 -15804794 -55151814 -667019889 -277840530 -598283876 -745364752 -938623014 -531425498 -938305174
-968785784 -924280137 -768420046 -409152678 -756733342 -756327860 -711764847 -807843828 -667065409 -469754172 -298910568 -567038863 -953522442 -944914845 -681886732 -686879003 -803555803 -490308174 -102105065 -671175661 -346402711 -861442003 -441850433 -670395277 -25997232 -954403678 -994614679 -812761067 -649971606 -227376146 -812759246 -117333079 -160580806 -919344969 -582249833 -211178556 -101290235 -548358153 -432879007 -572347093 -524862765 -606427795 -624045222 -892104523 -209191816 -798928993 -803151444 -326975200 -312069876 -211503402 -936055618 -340452905 -220922468 -188183262 -168723992
-460837871 -858226740 -319193601 -51364640 -997189690 -902487297 -974448256 -199696555 -640539673 -17616890 -712907072 -307308282 -556946291 -391038215 -441956081 -227061870 -796132494 -762077283 -55923635 -675848761 -527715321 -105017595 -472578798 -902830651 -906192368 -369349472 -734720973 -49224602 -148099916 -911937169 -476978568 -817446179 -723728966 -888871229 -907653969 -885608050 -107539940 -138410500 -125946329 -328207350 -561138559 -759814141 -810605851 -537455993 -513382801 -380736019 -691992285 -249933385 -453621876 -614969552 -549768774 -613842098 -409073223 -579319810 -307418171
