49 27
941942548 -738998629 -34987030 -787048105 -676574930 -933508673 275240416 336776084 154537363 -323133242 -573924761 938590158 295014540 -269358983 -431655398 -488102677 860693855 96076973 -216856538 -373687984 -455382297 -522958150 281806788 889189474 959945239 -665502405 -709853270
-397437610 -461536018 -170774133 -920447353 -412366208 -350970151 -547502350 529455707 656023641 -779379772 -293443184 -357544838 -758380268 187483988 161563513 698935747 -730515507 -232232487 -84799908 893708552 120518463 -207232379 874584725 358302687 6266480 105149920 -540737677
-704238146 910122889 393866350 566288067 838321154 -190522270 -799827743 47166843 618515668 -566555916 482217448 -902406237 861139412 -305738868 -776464277 361685338 -343524163 -392862901 490979604 -952716740 -782420889 576415513 385226579 842494975 172953356 -26536945 -993125046
-67283639 804712337 -401992464 -124968086 -989151188 104309488 -599916243 557716886 553433010 862482665 712105547 -427685647 -754454577 -210343170 868711463 -360940285 900806405 -671848097 398303589 936195036 -378576739 511944788 -296889365 660522464 510605329 -507697560 -279941419
836724186 -774534109 53595201 -156699692 -500013635 184487469 -735823533 981251690 757227404 538752384 68079157 160533969 -496666434 -211668000 272941496 894663445 703511378 661032439 -296432075 647624940 506408939 88427925 -81179399 -912058526 198727395 655581230 820941312
-234742261 89322091 -961886548 593232556 412013218 15241675 -575072776 201977896 -738266449 -900916104 -333463815 928839344 -420418161 -336961309 -351956966 -25983712 -645688956 223372172 -17129437 643819685 859385314 -467141217 506472570 -843925454 817483171 846276859 -509339380
533703385 568642453 656528194 972520914 -633167934 -395663490 14565759 483167199 -20837995 -139594756 80985094 -376743032 972018780 -251315835 -932041237 -768394571 -604146541 -165511040 805082828 -38618184 -811941043 615360443 512713710 754616524 -975535745 999181247 498946095
20183868 -337243686 544720567 76858192 -336321057 -699980386 -850562825 296032241 -215151573 -541715561 498761540 -392637183 -410253518 494773082 849855079 -573058658 698171762 -379828323 -583296792 -813414435 -289533463 289331372 772323884 -484835791 -476147591 893111712 -287889818
269951658 -263269373 -523782101 720224662 -984350852 -920478105 -749298672 -841543664 -504939354 242215232 186510593 -147208493 -585431428 359110879 466093599 -427778766 -809352205 953313933 -141582371 634110257 -491931466 -854516109 724131031 683424204 -725223256 -741012423 678302820
579439436 -244544288 -734584441 690586874 237115432 427418997 -389614850 -810569422 540788856 998163092 311609107 721954230 492690194 800393528 -59446990 332556514 -199553935 975805867 -107103107 -287191912 918613775 -911016579 -15863440 -139202323 678861987 697242982 21342572
392575186 497261007 -70915971 -771933224 -181384745 957530778 400222003 -207902396 678853001 17912810 -825076724 -79841581 -432870930 -749920639 264105204 -467861159 -368881560 594016052 247725363 -950591696 -712478195 900742874 -945861577 240540140 841226847 -853325697 325694975
767082168 -635080977 650925788 -725585888 329271209 -681639595 979008290 -760941667 -983227692 -211982030 264896841 -456778735 -448885654 580516850 212570668 -514242769 -317035168 817442624 -670003604 -483412298 -45457001 416089020 63211266 -624711136 249527582 -908972711 81906779
-353274134 227030434 829428098 -173350562 416685287 997816331 775288295 -333189591 417963942 950186654 631091795 604384144 58541404 -213185521 -560028502 -15169846 739470045 874317602 219385573 -612442452 -700414875 -668711990 728496766 218436259 -256618746 73471399 -369687241
321144213 -824389142 343926689 426984046 481708036 446980012 -707957925 879653618 41872382 -70147779 -789035109 -926749544 671236746 427005138 -411107878 863344030 -378642953 -275072791 -144061036 880691391 -748630382 -949726911 -488983318 -827569197 936185711 -65981552 92016684
281367636 306083190 -918356469 706027762 -724284767 -918022372 -880190131 -791396617 943474297 -668507022 -710530019 710686780 824658510 -289687586 -246158735 715697047 719270032 -989899828 -216074949 204104421 -425152909 351711460 -798865176 109137004 -397187197 764128729 12494990
-192810413 755586772 305534346 -28231536 -752873160 646047870 163148037 -727841498 -946429673 625260737 -108005520 -318890004 479399578 -968548190 -496862519 -35712832 500296392 536721131 81681719 935281642 -944728547 637541362 662910290 179681478 203393366 -233627278 -822846553
198951634 20514363 900570828 -383043242 851945050 889101738 -979195971 -388123810 446383811 -671152117 172811146 726067746 -305044861 814651282 747074615 854368580 497655906 -375955316 -111022320 394813674 352095008 -792778160 671996969 828706433 -120774392 753232959 170413099
-643352162 82038173 778953017 365730828 -874095043 -832156715 -570136728 -806879288 337724948 -833035106 -753699672 -604721923 295679102 -135192840 -338648718 -147949868 -77727533 -331326362 -323217309 649774775 -849303412 813509776 75371239 -799642014 -723524078 313794739 -960732731
-355686452 -707860088 -218954338 -164119363 309946827 497907929 29900604 361746872 -977820972 964094324 455511027 -682163699 -617564997 -815990981 -81143915 738693663 567212421 943350755 -876049427 58652752 -822825154 483398543 641440171 -850130802 -126887408 -527973663 899886795
-679217065 -3329516 290982519 475836108 -575786309 569055225 -871481017 78909185 -351014815 876645136 454302613 307894418 240952896 -647716916 -289773543 -8789357 789882267 -888992122 -406716610 -440478195 -877147701 202477916 -408022034 26960264 447761065 -42281002 -450468528
-665452933 784749249 83719453 -388326477 -443761117 257845788 -157800118 744682168 575330540 748678049 920359454 661858053 -128907855 580818284 273528960 265757219 603091846 726145907 -110467060 -498251731 -226372969 -158250334 -709567242 955128318 581108020 800683481 -320140148
-208312090 682570122 -624410362 310422561 -385987332 683805524 -889271488 -116659683 -983220746 605408026 -923652672 -122733348 442042815 -809393666 -688923897 182359218 23856195 -24336488 -95871452 -456944586 969440024 915798786 -177828792 774534268 -915977313 679151048 -179369759
798710708 -88372133 997383297 850352912 215933276 716232867 -38764566 -570575026 796323723 801801549 -68425284 -467580328 -386798145 -265702014 57048962 -835033617 -224046623 -881123220 244146543 462135973 76053349 982859873 145817765 58745638 -910861078 812677444 -488539267
704567825 -289379111 427386691 -780564737 285261965 722685445 -636919976 -409776156 -688669588 694395186 46747303 487479565 -61624414 -142036375 368111072 -835078702 -539666414 -913048279 712055334 56307049 -466381919 750297719 -252554668 490328180 -123379136 24827475 -758534496
225003460 134053279 311839192 -890685183 -351143000 -652663426 433334409 -415034474 610318181 523835168 -424819398 -484908909 160052790 871096404 124436744 -255823530 570209097 -611650337 -163373373 -897735193 -298000485 279030622 -743281965 772280000 -53223278 -412033774 -311855549
970401046 -579208961 627221957 -650009790 -868357789 -291682029 229719998 699768724 218570143 685003171 -565408792 -281571416 -98733712 -15853572 905175246 -896753678 -678357608 -221859336 -647803260 48932234 -185597415 -270923572 604937928 -769307606 785211013 -136452528 -650284348
614705906 765907683 440338669 636027445 912736621 -783262339 -976824340 -732722870 -699422998 -826754202 -164867503 717407362 978016536 -651740697 -713610996 -582154400 229398323 894157717 150622822 -654567184 -316088218 702257416 808542236 -925131518 844381168 -830918467 300066159
816366596 215665680 -256796005 236603552 -352986385 -492395135 329006837 933763661 -476915352 232261163 -618537567 -155211805 -113195662 652183062 515651914 803563872 334505795 -328679700 24114784 388253489 451004575 -696530385 499131089 -653786514 -355022223 -800139830 -800918869
-589457464 -160108382 284089791 -259751039 800206508 -807548342 919566173 -155633853 -140912290 226549609 199547915 737742890 625664038 -329833653 -290060258 279189445 -107111577 -626160650 -746257828 23362580 728047906 -628330157 215065978 -6946887 16173285 -147836194 -23528787
-69570867 -500587159 -476631977 -411934918 -707849144 -305140416 -408013207 -996173145 -485505788 162794399 576889078 539692254 -295158703 255167665 25807428 -803862163 889406748 216038073 147901108 -829839786 278234022 -960973730 -230864020 -242805610 20919258 -483433721 113900792
276996166 637264669 994244547 874690229 545870462 425160996 647894899 -33916903 814190391 361700238 -521107890 240667759 -245529041 292501636 -380813515 859302625 -83148260 -166563673 598744796 707971548 -639923218 400711089 900261778 -345937579 201284659 -970604366 -93300116
-549200254 -718145081 503214428 318005361 244875461 -317912632 -410312369 569211001 -67342554 419806173 -599833888 -727084578 -920880719 -71686660 -564828384 -105306308 212608540 165226824 -718634561 120801090 -203187022 -210312959 -581716798 637957999 564259965 -855626727 -993038145
-923681707 -913777814 -97499944 571258774 925636231 -403924364 268148794 -629968530 -840799955 993312347 712439901 -638743299 -942365450 -195036069 -570524738 565548880 18174597 -439669953 285304301 -506401903 -135979796 -146016122 370819779 690853068 121688928 956321841 948397353
-932799817 -645432997 568079136 -812806003 273009607 -291570617 184144532 120329702 747071747 -436804289 -914566019 876309616 -970286866 -578075236 -560911037 779341991 943403215 604990147 437403408 -665635137 324340829 23499133 517740991 -537456833 259211289 -980142000 480400734
615963005 -449545833 -986604497 804470595 190601107 -104569760 78852226 849994573 -210269741 -597685994 -370385077 -958681466 -320768188 654719566 569121358 -524563962 -571205845 -756405876 855549764 -455969758 268245202 -661940004 -430787925 -808852148 -602324686 33513012 490670170
-900059366 946421169 -940163113 600781648 -766528698 149227235 -683788026 -829656988 -49919273 230033038 61055622 134623579 847439896 -986003845 348442001 618801681 663368733 377449822 41737536 -25568440 392457813 973465976 579279579 -28038652 584587995 -9788548 -996268034
-650612408 -785449055 427873108 -219045141 -638122089 -868579478 -335058388 -177535888 501501693 -163411555 -342745622 976186474 294549394 217777526 516877837 -907404287 905244669 -153444995 -50534517 932165911 -995786327 266732156 -387245559 748392495 936689152 776888653 -245138920
-252848905 -368658581 -942616838 985359809 -246074896 -561740283 400685880 -479059604 -398040498 430019220 -789720988 507925377 76396775 982625274 278325125 328520898 -54398620 -551548234 -732893121 465506349 841274677 650043006 -904941948 -311171950 830148084 200893041 -277771274
464483195 949978163 -655644243 826698616 500929501 -30943784 -954169734 485340561 -592893230 206509886 38895781 -458440552 -643831991 238818434 -978136852 824381415 -489166952 -547629073 -134161786 -270610727 -74153784 -810353957 903755316 671545334 365106533 -786662370 -67043663
958484616 97053964 319036718 -413195154 -307086559 -849619355 484578813 756192279 64507476 -157566616 892293203 900156159 925243268 547372725 -211121011 -819279990 207613916 658125794 -429255883 766584993 345692186 -784854125 439347423 787970234 -525446845 -213140721 -279837648
-795172254 -698478598 -905945012 -163373067 841481115 -369969340 -320674918 549994861 52102419 -647003059 -998039531 -219460233 -364072700 171052884 -245226692 -104577802 99096208 433572064 -982417929 -402219160 -624541338 -377331448 -986985092 -936788315 377647911 -783155090 816736537
-96667424 967616951 570777454 260909010 -422588386 -588428023 -342943896 -118841268 -344001772 -231878708 873898370 -876967483 -514459088 -969757653 207748720 -333116745 523209041 564367736 397875498 -277692478 643393181 643810609 879553751 -197833677 713953999 520442565 -912880636
-837211588 922635316 -324127185 -793290259 897939225 -199149454 -711351287 165022427 408092798 -433971313 -310089245 394295257 705296018 190626629 -723960665 540143574 90805402 -239491518 172555897 558266824 744154870 -727064820 740957147 413510845 533818662 441813376 163798448
773351907 445817201 -362773292 -813425996 -684705751 12145981 818305585 847144110 -216474891 304306027 -56664180 -436975914 -15397724 -793193453 -824735509 345642099 419546777 -804738054 539270983 679622911 3474882 -448649883 509713549 156960805 -149413491 742418918 934124430
692293056 654843554 65098268 -400186637 13938059 68659069 550912125 -401299988 147131550 -350533843 116562207 596960578 809337769 -61319786 401669303 -100658578 -956005365 -416773180 -344420135 -785825534 847658605 -600604400 725512768 -592348129 603119856 190132778 -950332164
99341150 -942038793 275647661 -331134091 -568234394 18880655 -486142858 953654509 -877687331 -174013759 -945622407 -380397270 -236674875 226541657 602698276 964291042 503477830 586214558 428743988 839676840 -953892643 -608733546 -730137663 -269002016 168383867 -67761305 497592442
720678279 -803441693 -202135929 -620211966 -255774821 -300753664 107788659 811157347 470893022 472706216 215526800 -230353891 552696590 -183279897 682985829 851555317 -977564465 -607062903 -33008587 -321599949 -87169813 661460131 -494052998 -279149327 -394939041 434851081 466402466
-381959336 -483640736 -598196491 589847744 -354181735 8043866 904803614 -828945635 -10261017 -126976582 -515924644 699767113 -309715884 -722421373 -994049422 79509077 623085944 -599883824 -515361371 989340267 284025661 177901964 -946077671 -645095228 792071738 200546601 -597465471
-989759986 781909011 -353204100 -269626153 976731029 596878768 -436040262 474135046 81212566 606888720 -125480571 38275513 -368104533 973575614 991476646 -199907143 694353655 636196384 -737090891 129806435 771376959 637018295 -15531968 -1013052 188918945 60371717 -491239158
