774
71520 84427 60277 85795 54489 84726 42366 62357 64590 38438 43759 29753 89178 5671 96367 27266 38344 47767 79173 81218 52890 47998 56805 39279 92561 83609 7103 33740 8713 64818 2021 36824 83263 95717 77816 14035 87002 87010 97863 47361 79917 80092 46148 52048 78054 67889 11827 72064 63993 58202 14335 53738 94468 75862 52185 10590 41466 47360 26455 18633 77424 73692 45615 21655 56844 13522 1879 32414 61764 14967 61210 22232 61694 38649 94376 90261 68183 44995 35951 61307 43703 90236 69764 9928 6022 96982 66677 65315 67064 17091 21038 35815 12892 75069 31543 60784 36371 32505 57020 3842 43860 63428 98838 95896 10204 65280 20888 63506 16131 99531 65311 58185 25329 41437 46631 47470 24442 62351 15897 33801 11037 67476 65633 31720 13818 77835 19658 94958 36873 66253 82100 1357 9710 62285 83795 67367 9609 97196 97647 87820 46865 50963 97677 5571 60485 45116 73927 1998 3918 44171 28281 97960 12019 35945 29614 48090 11872 68867 31798 88048 41426 91824 6414 21682 69248 56519 56661 86511 26539 50897 52325 91673 9394 92117 57595 8311 92931 27772 31857 935 66742 84235 13179 64718 71633 84139 28941 26473 18319 39782 58652 55283 2010 16494 82895 36981 469 14644 67782 56962 27001 70374 73520 28848 96220 43329 24875 75611 57616 39610 59205 89605 57226 63893 22308 89156 95276 68006 44713 44920 84642 97858 69949 11620 29744 76703 81381 41182 39651 67544 88111 24980 58128 31322 88174 96543 69254 58847 72526 65967 50133 53321 95609 23053 64400 39487 42386 61881 60640 47487 1919 47013 30157 71608 66018 28799 29008 38346 61802 74918 42877 87846 13547 10286 29828 9237 56997 35405 59088 55182 57433 3362 65321 96897 65211 32100 43142 22126 89656 14126 36756 9726 43587 98405 89193 26034 80620 53703 70389 44793 10022 9957 91949 35231 71425 46925 99886 84115 14945 90466 86813 3755 16249 50832 61556 16685 12382 77906 84802 86494 80733 41140 56910 13997 40718 3322 6916 98259 69743 37329 45354 42008 72206 5058 86639 36550 97553 1662 85581 23074 1171 76492 35998 94413 73000 75001 17163 33940 52104 48955 5433 33899 19999 17949 1852 17098 79371 46345 22392 87458 34535 94413 92809 60826 70442 59666 3183 78365 16469 50003 62148 5037 57723 69910 23789 99241 93422 26726 61397 67910 53564 86429 58991 75085 73013 96450 31194 55425 39822 21239 20984 22244 18619 21875 94438 56958 73956 45211 49046 97025 22741 68055 25436 8529 5803 5641 43442 48784 31180 88101 69635 97641 37775 61766 17960 54250 2467 85462 6725 74384 67940 47860 45370 67709 53658 60705 89668 71470 99035 46950 21690 45602 66308 90643 26332 13722 2065 22922 75839 88159 32002 90443 38346 64579 58832 32468 83106 51971 62899 5 87266 31186 27354 42545 79805 88535 18563 67989 95280 45613 68749 48341 21551 78875 94738 22944 73086 88031 25394 31369 21331 95746 51820 47175 2566 71159 20747 15369 42469 73045 37417 64627 46358 21488 27763 18646 58679 80759 86386 74709 11753 67485 51738 27689 13207 17491 71687 70448 39606 46315 56543 84044 18328 20486 14485 16496 48806 12483 35561 72209 94044 3045 76533 74700 74867 9259 90373 21745 8342 74926 55220 73170 58448 4561 96195 20916 29215 28691 24083 67727 10029 6303 1642 55565 92954 924 66992 83305 78516 98434 28173 70350 58641 18163 6395 51240 48563 58045 97751 78755 87651 60648 33816 21840 96158 45517 23170 87888 94933 49227 94139 71557 79921 48616 63045 70855 87430 49814 29302 84456 84895 19434 61788 77333 1323 97427 34723 86232 14814 78043 98184 98504 47837 75358 49739 404 63948 26948 36859 41049 13690 42823 82213 29784 18985 40113 51132 12065 22432 98071 9784 40612 86220 56921 97293 34361 96084 78888 90656 41137 77405 35927 33315 39950 8110 30183 40724 77523 23223 92622 13248 32531 5342 95288 72560 1394 1142 53347 77059 30458 14694 88287 7952 25062 8960 67742 67205 81043 24537 43215 42054 75214 55737 82961 86056 37903 72705 9655 27033 25614 13148 59194 5537 47648 30160 48794 26212 45852 45614 52460 68329 44202 69563 85264 28352 43344 37993 82688 18115 50935 78855 8637 5684 66005 69700 20659 77870 84728 77741 68136 25942 17837 37381 6986 58760 968 27282 89206 37085 13346 19705 77920 45986 92517 4461 71518 79980 49082 7695 46950 51884 88272 30681 48841 57755 41457 95944 17411 64558 47529 3536 78366 43040 55643 51002 15986 53618 14383 68140 64947 27760 53923 12886 32568 39268 14701 95642 15987 18713 12941 90399 57893 54381 9226 45691 91055 88205 8297 45861 80039 72417 87714 39903 9346 90405 42631 69003 47322 69963 58020 32772 71625 75679 2706 63607 73140 24002 76697 16054 976 79640 30829 95918 23286 45814 50343 59099 95373 85773 55782 45723 9747 95188 62168 57576 86303 82077 15763 90885 99244 81553 8500 15941 9445
797
2 1 774
2 491 604
2 49 729
1 347
1 564
2 575 581
1 743
1 276
1 277
1 13
2 144 677
1 416
2 527 551
2 732 736
2 72 391
1 253
1 181
1 476
2 26 417
1 398
1 503
1 422
1 26
1 450
1 597
1 292
1 381
1 760
2 190 759
1 767
1 317
1 127
2 495 720
1 496
2 285 316
1 607
2 224 262
1 530
2 295 413
2 516 756
2 661 709
1 430
1 223
2 547 715
1 347
1 750
2 282 738
1 36
2 181 447
1 726
2 200 766
1 750
2 701 767
1 94
2 187 333
1 82
1 737
2 181 393
2 299 326
2 566 589
2 489 566
1 294
1 290
1 580
2 185 654
1 391
1 230
1 686
2 273 392
2 389 603
2 156 548
2 672 725
2 270 649
1 542
1 750
1 770
2 350 651
1 474
1 521
1 347
1 539
1 293
2 78 344
2 694 699
2 15 430
2 213 296
2 201 715
1 315
2 428 766
1 212
1 751
1 20
1 688
2 549 619
1 289
2 407 416
2 485 581
1 716
2 668 686
1 698
1 256
1 689
1 397
1 396
2 300 623
2 482 758
2 692 709
2 265 590
2 425 732
1 421
1 219
2 24 500
2 232 236
1 289
1 411
2 714 736
1 390
1 119
1 330
1 702
2 7 221
2 163 585
1 77
2 225 607
2 521 704
2 301 302
1 501
1 465
2 456 721
2 709 710
2 540 643
2 531 655
2 259 274
2 712 718
2 343 771
2 297 628
2 71 395
1 640
1 418
2 687 765
2 479 576
1 314
2 422 729
2 390 536
2 420 612
1 715
2 643 680
2 34 715
1 28
1 136
1 302
1 737
2 233 724
1 450
2 463 602
1 703
2 125 219
2 260 486
2 60 318
2 706 723
2 31 354
1 401
1 368
2 143 610
1 696
1 521
2 410 600
1 249
2 3 282
2 365 631
1 5
2 751 755
2 254 406
2 156 195
2 471 565
1 313
1 490
1 690
2 335 496
2 354 603
1 335
2 459 501
1 75
2 266 598
2 637 727
1 308
1 774
2 273 497
2 726 757
2 630 668
2 437 737
2 592 612
2 211 400
1 115
2 49 64
1 107
1 202
2 675 752
1 743
1 91
1 83
2 457 754
2 729 768
1 725
2 762 773
1 605
1 164
1 593
2 147 559
2 668 668
1 70
1 480
2 297 412
1 131
2 666 763
1 210
1 367
1 372
1 394
2 749 760
1 664
1 91
1 210
1 313
1 310
1 520
1 267
2 553 641
2 296 487
1 335
1 476
2 55 505
2 708 751
2 563 631
2 245 303
2 314 671
1 218
1 553
1 435
2 310 361
2 470 495
2 516 680
1 743
2 80 554
2 690 692
1 415
2 313 755
2 617 674
2 148 370
1 657
2 597 747
2 289 596
1 238
1 416
1 213
1 7
1 20
1 112
1 398
1 173
2 286 365
1 434
2 599 754
1 695
1 258
1 552
1 331
2 234 423
1 605
1 582
1 718
1 23
1 694
1 304
2 680 743
2 150 767
2 588 696
1 353
2 498 602
1 283
2 202 277
1 156
2 398 502
1 406
2 91 361
1 181
1 454
2 579 579
2 139 507
2 132 184
2 683 772
2 472 764
1 393
2 233 686
2 322 743
1 404
2 207 617
2 26 304
1 2
1 192
2 247 550
2 499 625
1 345
2 261 554
2 600 765
2 768 770
1 693
2 51 624
2 523 581
1 418
1 599
1 578
2 559 622
1 351
1 383
1 603
2 654 706
1 755
1 233
2 62 645
2 80 757
1 606
1 192
1 29
1 315
1 680
2 335 443
1 462
2 91 619
2 473 754
1 304
2 188 583
1 174
1 20
1 6
2 718 741
2 293 632
2 462 683
2 739 755
1 465
2 507 713
1 277
2 482 615
1 66
2 181 247
1 165
1 142
2 312 482
2 563 674
2 378 435
1 131
1 50
1 205
1 270
2 69 221
2 665 743
2 122 225
1 469
2 90 544
2 662 734
2 629 632
1 45
2 62 97
2 227 640
2 25 338
1 134
2 83 545
2 423 589
2 683 765
2 446 580
1 290
2 400 533
2 754 769
2 4 124
2 530 755
1 550
2 138 676
1 395
1 99
1 482
2 186 729
2 219 604
1 83
2 370 760
2 115 282
1 156
2 494 632
2 696 724
1 549
2 455 559
2 246 353
1 617
1 207
1 231
2 758 770
1 564
1 225
2 448 570
2 188 655
2 267 606
2 746 767
2 110 773
2 281 499
1 377
1 348
1 440
1 481
1 386
1 671
2 486 706
1 242
1 688
2 540 621
1 164
1 46
2 679 697
2 574 598
2 259 599
1 562
1 128
2 580 591
1 759
1 75
1 669
2 439 633
1 238
1 766
2 445 548
2 509 657
2 438 601
1 698
1 430
2 640 738
2 189 211
2 599 729
1 185
2 499 510
1 258
2 78 485
1 586
2 195 367
2 117 770
1 128
2 397 450
2 176 384
1 188
2 566 648
2 241 510
2 304 462
1 564
2 631 732
1 247
2 755 758
2 226 610
1 342
1 161
1 515
2 584 747
2 689 731
1 92
2 608 626
1 356
2 250 320
1 747
1 381
2 56 105
1 681
2 569 637
1 751
2 344 562
1 774
2 153 443
2 59 266
2 236 662
2 399 745
1 624
1 561
2 433 635
2 542 656
1 677
2 646 702
1 321
2 322 327
1 250
1 178
2 393 658
2 179 237
1 399
1 727
1 177
2 525 749
2 713 713
1 369
2 549 672
1 445
2 139 469
1 24
1 174
1 739
1 451
2 84 683
1 616
1 26
1 541
1 37
1 773
1 607
2 180 628
1 183
2 481 727
2 178 744
1 603
2 657 736
1 679
1 180
2 100 187
1 365
1 53
1 731
2 747 754
2 349 498
1 197
2 206 462
1 682
2 35 139
2 246 485
2 253 632
1 19
1 333
1 505
1 661
1 368
1 751
1 206
1 11
2 375 540
1 525
2 351 449
1 241
2 613 632
2 373 597
1 546
1 325
2 5 410
1 426
2 645 655
1 40
2 748 765
2 497 539
1 1
2 729 730
1 144
1 694
2 99 172
1 205
2 755 766
2 566 674
1 308
1 600
1 110
1 749
2 667 739
2 685 688
1 543
2 707 724
2 123 353
2 94 756
2 49 691
1 78
1 588
2 14 549
2 740 761
1 428
1 230
1 720
2 206 299
2 679 773
2 607 755
2 751 752
2 366 553
1 376
1 694
1 162
1 291
1 497
1 555
1 44
2 758 758
1 702
1 632
1 428
2 660 736
2 190 254
1 489
1 773
1 765
2 467 551
1 286
2 590 590
2 154 410
2 128 341
2 495 656
1 199
2 184 614
1 256
1 613
1 84
2 304 674
1 385
2 254 307
1 308
1 215
1 392
1 271
2 547 722
1 282
2 124 274
2 208 396
2 722 772
2 246 768
2 687 696
1 491
1 582
2 121 198
1 461
2 275 326
1 15
1 458
2 338 706
2 282 737
1 232
1 301
1 377
2 456 691
2 545 705
2 302 586
1 461
2 571 598
2 558 618
2 618 722
2 328 676
1 658
1 657
2 192 570
2 719 759
2 251 678
2 706 752
1 622
1 1
1 501
2 521 690
2 222 651
1 112
1 234
1 586
2 266 718
2 666 733
2 232 418
1 425
2 631 742
1 501
2 299 318
1 632
2 626 627
1 80
2 607 691
1 132
2 115 707
2 44 458
2 761 768
2 1 769
2 92 351
2 763 765
1 355
1 587
1 158
2 439 451
1 597
1 216
1 108
1 543
1 484
1 28
2 301 491
2 67 319
1 489
1 359
1 501
2 472 517
1 624
1 454
1 441
2 397 489
2 179 395
1 610
2 430 594
1 766
2 581 697
1 93
2 324 733
2 570 712
1 710
1 201
1 587
2 356 565
2 772 774
2 758 773
2 499 598
1 688
1 495
2 333 740
1 494
2 76 426
1 609
1 579
2 615 639
1 342
2 428 618
1 367
1 523
1 17
2 80 472
1 98
2 159 245
2 256 449
1 272
1 364
1 306
2 262 695
1 297
2 20 544
2 14 516
2 118 659
2 713 719
1 672
2 228 762
1 99
2 578 711
1 726
2 481 555
1 503
2 533 719
1 551
2 42 513
1 442
1 212
2 171 594
1 684
2 749 769
2 426 772
2 476 583
1 59
1 762
1 674
2 160 692
1 744
2 51 451
1 195
2 251 410
2 432 487
2 64 348
2 516 573
1 180
2 408 601
1 184
2 210 494
1 152
2 21 551
1 735
1 538
2 605 714
1 365
1 510
1 1
2 12 237
2 235 566
1 585
2 293 571
2 59 394
1 562
1 76
2 91 562
2 548 571
2 747 755
2 425 608
2 686 751
2 741 767
1 618
2 605 717
2 450 686
2 354 751
2 29 583
1 671
2 718 722
1 400
1 171
2 213 308
