908
72339 31310 54595 57660 25972 42657 9767 87627 48484 25392 14462 7880 76178 74866 92457 41290 82033 58910 33046 2638 14600 95212 791 87763 66366 62387 18761 1703 71656 37798 57544 97881 47002 68134 76755 16099 98108 46060 12859 96675 55052 53471 31322 2461 2795 61978 2934 27122 57763 9884 8291 40291 4392 55853 17288 1704 45987 55905 50077 51121 91528 79392 41967 42355 10778 55345 23091 74202 94542 89715 59516 38004 35534 60164 89272 69462 30057 4327 88110 80077 12113 37743 93824 67024 93770 47167 34527 70235 1754 72434 35304 19157 18081 66218 26607 85133 62569 23557 44310 75819 73632 63383 63704 95514 30056 26025 32388 15428 79815 31212 53217 25796 12738 75684 58673 73312 13798 66969 86872 21638 12927 86182 66941 95658 89682 53161 9812 64938 53024 50069 95810 28356 27794 28615 28107 31342 47005 19085 94771 90193 80102 85841 27118 46164 23158 36725 19861 93909 42973 22237 80791 55355 15230 5449 61706 19120 47229 60403 64633 66219 40349 58100 75983 86961 32101 99342 72217 76387 95967 46509 57925 83394 63457 12038 52480 68328 48595 51834 16854 17806 68755 97294 60618 33844 55289 61543 30643 87860 39449 50669 43320 11513 65749 81875 72590 35321 31295 98308 61474 88383 37038 85346 48521 35625 8191 75714 57868 98634 89645 52632 95342 47073 33464 1466 17012 70021 97665 85849 79671 24746 29318 31502 449 50068 26420 7208 95496 8964 47427 42111 29431 26122 34239 40604 22920 45439 56531 97628 21717 94427 69590 13973 47277 88259 15901 8020 98842 50764 39773 16391 38944 36589 44286 74335 21757 42451 96284 80696 42450 71882 58617 94285 33922 53416 48056 80216 90410 32291 16761 34575 79341 40051 46214 41092 25694 10325 68648 51910 24433 9680 15337 88977 33016 6184 29288 44970 73038 28469 76601 15487 10583 78384 76789 71494 25657 14595 22655 63277 70576 79256 87376 77334 60725 9228 93914 68552 66543 71603 85465 86217 52063 50805 88573 46110 11514 96513 38640 79652 28941 55873 14923 33062 14941 84525 44287 45544 44244 9268 91072 45491 94110 87198 1907 44828 25913 1434 844 61149 88142 99584 53211 81726 16113 61724 83048 91441 7174 81359 85363 49864 1615 59122 45489 73130 35397 84643 64900 5817 55022 77481 35381 44751 98607 66080 42935 76464 48470 53951 62882 15851 9916 40953 88143 7687 56601 68931 67569 95372 92265 79526 64235 38979 7173 58430 8357 30420 56824 54105 11666 30073 4288 73833 38366 25934 97812 96403 54971 66195 88482 6877 45286 1077 93067 99706 2991 22050 71946 31256 95537 20841 46957 92811 25385 65202 65151 50439 38198 55765 33854 31787 35739 61418 41167 41960 45090 19923 16670 65661 67628 37384 84021 78507 73430 41540 41959 50827 16613 78747 71183 44788 5266 96623 50195 79304 94981 82644 35150 95393 73368 38885 93472 58008 11617 69360 60916 67346 56315 95295 49359 28835 51106 29136 39879 91801 13569 79931 21012 20335 5637 57005 83111 74577 1520 35304 22718 43438 84247 57540 91603 46711 32348 75305 68276 593 2649 43463 93868 33758 21175 60917 15009 77597 9173 7614 66889 15806 33224 66509 52690 73841 98275 58821 12508 98281 56927 49946 29138 13629 56062 68630 86973 60208 67340 59043 94098 54586 74332 93911 51029 12915 13872 7319 10376 15411 31962 24499 35569 59295 82073 61243 50360 23260 52083 48923 99719 48206 63396 45311 58315 80355 82827 47170 15205 75837 86084 16648 26571 53197 29169 82411 67716 17771 12116 46492 17943 60908 97012 18477 62683 75677 25397 7899 89976 94643 34956 46822 15472 33612 98033 11680 11585 43260 57300 65981 75008 9448 93140 30627 11003 83603 52781 64619 13251 20637 77205 16091 20429 90449 22670 28702 99845 17950 84520 99997 65054 30919 64052 12474 59807 46176 95212 43435 85876 92681 61073 13420 13663 9113 36876 9298 96156 90430 12154 44937 9916 15060 3096 59383 62249 53763 31519 19840 90274 60304 97116 34023 26466 23837 86646 51040 36468 29165 25361 22214 59689 87973 91268 15576 13511 28059 25074 38614 3704 27364 30223 21071 71221 77115 10273 32902 29917 11251 55297 54090 79114 12549 98922 35752 42617 88184 52179 36916 87293 63251 46858 51463 21386 13772 88948 64907 72937 85604 37694 9321 48763 75369 20184 69022 4544 86667 32329 10409 63409 30570 28272 69430 98528 2201 10131 73408 64505 85799 54620 45331 320 43433 84039 27847 40747 505 51424 18630 72537 97987 72338 86729 79727 26650 11434 96376 96539 36771 87020 29759 88514 15281 65114 90162 28937 98700 70406 32741 77325 70344 22924 33530 85530 10499 49062 39269 23282 55157 96642 12301 92260 81828 71654 49737 54042 23438 36710 59276 88228 79327 77349 32762 76724 70148 50684 42786 4095 96406 55820 77095 84795 35635 50726 1774 74191 65753 47276 19787 55972 12188 4614 93179 31038 99996 89819 26989 30875 30177 45356 16499 56968 45769 76547 86585 24813 70151 7267 84634 85975 22848 71419 73046 77139 91854 17082 28142 47245 69066 45596 40066 50338 29023 91830 96963 99170 34863 3164 10785 18433 38859 84057 44768 8757 75222 97552 94992 70442 81706 1139 93095 69801 47506 30862 71932 50145 30905 13970 6958 60352 36547 21340 69792 28282 27462 69606 86141 19881 79078 28879 19404 8688 33084 60040 82531 23989 24394 88156 33160 59137 34307 22175 80105 728 3703 11674 7378 23053 57846 55252 39711 19305 63289 68271 26646 8877 90959 39973 76095 23659 6774 80287 78391 12795 96959 12060 94245 78153 73549 35179 12359 78725 57608 66470 28423 8821 97022 97106 71749 93048 61077 80185 69509 83838 43798 62052 37274 92007 93581 41579 33193 89343 4143 45828 40084 78179 79035 47560 64847 69722 96218 43264 10620 38120 91156
934
2 1 908
2 335 783
1 74
1 240
1 535
1 267
2 528 536
2 122 818
1 525
2 63 585
2 155 872
2 117 882
2 849 857
2 102 108
1 535
1 234
2 513 602
1 769
1 219
1 599
1 159
2 529 545
2 274 636
2 350 718
2 751 800
2 825 888
2 448 616
1 417
2 793 858
1 127
1 731
2 871 908
1 454
1 559
1 569
2 627 897
2 124 811
1 394
1 860
1 707
2 249 821
1 307
1 796
2 107 125
1 73
2 395 656
2 553 887
1 722
1 35
1 89
2 141 244
2 772 817
1 726
2 5 334
2 244 662
1 469
1 746
1 342
2 553 714
1 883
2 492 544
1 688
1 288
2 14 223
1 635
2 458 864
1 693
2 499 728
1 75
2 432 854
1 784
2 9 265
2 856 864
2 730 787
2 739 885
2 264 531
2 572 604
2 885 905
1 742
2 151 532
2 578 597
1 182
1 566
1 105
1 548
1 280
1 390
1 287
2 64 777
2 85 879
1 556
1 273
1 869
1 354
2 634 765
2 883 907
1 831
2 135 272
1 389
2 663 885
1 448
1 628
2 64 407
1 804
1 422
2 625 681
2 55 484
1 794
2 554 759
1 301
1 757
1 251
2 237 275
2 251 565
2 405 533
1 755
2 259 427
2 357 805
2 740 898
2 703 903
1 669
2 536 814
2 377 501
1 356
1 827
2 899 907
2 288 516
2 159 616
1 712
1 374
1 679
1 371
2 81 200
2 433 649
1 230
2 811 902
1 751
1 710
1 761
1 845
2 515 829
1 182
2 762 825
1 260
1 447
1 329
1 527
2 455 874
2 448 467
2 217 766
1 604
1 889
2 729 759
1 132
2 443 765
1 363
2 70 883
1 37
2 447 561
2 907 907
2 371 627
1 518
2 555 573
2 275 377
2 248 743
2 244 403
2 792 853
1 664
1 354
1 297
2 109 769
1 249
1 834
1 689
1 56
1 520
2 516 824
1 889
1 382
1 806
1 848
1 330
1 444
1 309
2 98 772
1 148
2 683 868
2 692 885
1 880
1 114
1 74
1 727
2 148 249
1 520
2 487 883
1 290
2 765 770
2 72 578
2 515 651
2 894 898
1 562
2 222 616
1 358
1 699
2 763 853
1 877
1 587
2 129 673
1 273
1 85
1 356
2 313 812
1 812
1 364
2 508 907
2 688 756
1 541
1 159
1 433
2 158 582
1 430
1 413
1 212
1 249
1 294
1 2
1 492
2 899 906
1 531
1 83
2 515 725
1 541
1 326
1 432
1 471
2 693 893
2 654 823
2 409 884
2 576 650
2 320 674
1 787
1 353
2 723 754
2 804 835
2 13 391
1 120
2 558 761
1 250
2 395 896
2 170 263
1 393
1 379
2 493 547
2 337 547
1 693
2 62 64
1 37
1 665
2 880 888
2 157 212
2 725 755
1 341
1 662
1 237
2 209 490
1 580
2 475 870
2 29 908
1 664
2 80 571
1 501
2 739 783
1 794
1 179
2 186 785
2 679 832
1 560
1 642
2 196 861
2 9 629
2 233 237
2 894 902
1 457
2 783 829
1 267
1 288
2 664 718
1 103
2 231 631
1 881
1 897
1 169
1 868
2 43 827
1 677
2 99 878
2 134 195
1 521
1 480
2 6 573
2 704 835
1 413
2 835 889
1 670
1 2
1 91
2 331 428
1 282
1 635
1 278
2 548 752
2 642 653
2 358 601
2 2 537
1 856
2 864 904
2 320 524
1 25
2 867 881
1 593
1 255
2 89 664
2 871 906
2 562 714
1 113
2 779 878
1 292
2 508 642
2 825 838
2 876 899
1 20
2 629 682
2 440 558
1 524
1 772
1 192
1 309
1 81
2 707 835
1 395
2 898 903
2 249 461
1 628
2 451 630
2 804 898
2 334 382
2 702 757
2 569 603
2 609 858
1 333
1 87
1 878
1 354
2 267 865
1 656
1 150
2 1 896
1 269
2 320 565
2 607 609
1 159
1 850
1 27
2 92 783
1 832
2 534 634
1 278
1 278
1 793
1 206
1 511
1 908
2 662 822
1 695
2 795 903
2 340 794
2 37 103
2 813 843
1 803
1 123
2 596 678
1 590
2 504 556
2 462 620
2 496 795
2 116 758
2 649 823
2 750 857
1 79
1 428
2 782 828
2 399 879
2 239 546
1 75
2 601 629
2 711 803
1 639
2 360 805
2 716 864
1 254
2 429 667
2 254 603
1 473
2 766 828
2 381 877
1 247
1 91
2 169 763
1 678
2 22 476
1 540
1 183
1 218
2 52 381
1 262
1 519
2 831 885
2 605 865
1 166
2 115 385
2 395 753
2 868 871
1 161
1 296
2 766 863
2 514 655
2 848 871
2 783 784
1 409
1 386
2 214 447
1 607
2 262 417
1 673
1 427
2 73 458
1 205
2 292 371
1 457
2 170 336
2 543 743
1 151
2 508 583
2 5 755
1 309
2 676 737
2 458 795
1 440
1 835
2 339 788
2 692 718
2 847 898
2 417 886
1 503
1 851
1 155
2 28 255
2 180 809
1 815
2 56 711
1 388
1 13
2 886 892
1 626
2 200 754
2 852 858
2 686 759
1 211
2 343 796
1 557
2 698 872
1 587
1 169
2 34 888
2 333 599
2 182 556
1 63
2 560 780
2 433 855
2 481 500
1 598
2 826 831
1 856
1 218
2 570 734
2 901 906
2 776 898
1 12
1 141
2 622 675
1 869
2 180 492
2 648 819
2 155 245
1 652
2 642 722
1 313
2 186 428
2 417 534
1 246
1 446
1 175
1 209
1 842
2 729 733
1 392
2 728 793
1 386
1 641
2 732 846
1 512
1 156
1 722
1 129
2 123 255
2 297 522
1 284
1 254
2 296 774
1 743
2 626 693
2 296 567
2 104 839
1 557
2 96 851
2 618 800
1 286
1 752
2 711 730
2 72 193
2 634 874
2 390 519
2 871 900
2 300 482
1 561
2 280 288
1 308
2 882 899
1 558
1 130
1 343
2 796 902
1 634
1 597
1 847
1 140
2 95 622
2 16 81
1 826
2 622 803
2 114 827
2 76 276
1 306
2 372 830
1 505
2 522 898
2 405 740
1 658
2 623 856
1 658
2 420 836
1 430
2 585 753
1 600
2 515 751
2 239 302
2 343 398
1 232
1 307
1 113
2 422 431
2 876 889
2 631 645
1 620
2 245 358
1 637
2 256 385
2 96 880
1 706
2 49 612
1 8
1 202
2 640 688
1 776
2 666 717
2 408 431
2 518 636
2 623 807
1 263
1 697
1 441
2 107 887
2 768 881
1 25
1 37
2 172 580
2 705 744
2 837 842
2 311 482
1 114
2 527 870
2 385 710
1 395
1 568
2 668 885
1 268
1 281
2 570 834
2 660 708
2 132 535
1 330
2 356 786
1 887
2 348 359
1 768
1 414
2 168 647
2 700 807
1 582
2 333 349
2 105 449
1 353
1 569
1 760
2 80 259
1 569
1 844
2 749 801
1 167
1 208
2 224 905
1 341
2 419 581
1 750
2 433 633
1 730
1 525
2 39 614
1 372
2 815 879
2 575 863
2 147 608
2 583 739
2 62 513
1 689
2 336 558
1 65
1 397
1 720
1 196
1 657
1 388
1 299
1 380
1 578
1 348
1 485
1 68
1 603
2 132 398
1 112
2 539 905
1 821
1 416
1 275
1 405
2 509 765
1 5
2 721 725
1 856
2 660 668
2 358 544
1 847
2 900 901
1 613
2 252 821
1 45
2 705 826
1 809
2 279 339
2 92 861
1 359
1 821
2 305 345
1 356
2 870 907
1 208
2 761 900
1 248
2 740 883
1 822
2 521 647
1 179
1 526
2 773 864
2 674 735
1 618
2 750 819
1 190
2 503 870
1 786
2 11 190
2 818 875
1 900
2 626 660
2 573 634
1 240
2 745 809
1 552
1 196
2 783 868
2 750 789
2 828 896
1 750
2 354 608
1 759
2 423 892
1 798
1 576
2 88 362
2 146 157
2 538 554
2 61 689
1 560
1 110
2 157 676
2 472 730
2 474 762
1 158
1 200
2 788 863
1 639
1 680
1 564
1 142
2 493 717
1 614
2 253 895
1 243
1 356
1 248
2 508 886
1 603
2 477 821
1 561
1 738
1 202
1 780
2 894 904
2 860 887
1 410
1 584
1 596
2 505 837
2 704 776
1 737
2 577 655
1 109
1 710
1 193
1 455
1 478
2 194 197
1 297
1 590
1 24
2 524 684
1 824
2 451 548
1 746
1 188
1 551
1 180
2 497 811
1 492
1 689
2 144 312
2 463 856
2 198 812
1 588
2 423 817
2 226 779
1 719
2 498 661
1 567
2 451 459
2 880 904
1 785
1 556
2 557 809
1 147
1 342
1 290
1 51
1 413
2 80 574
2 614 770
1 743
1 541
1 850
2 75 308
2 511 782
1 723
1 521
1 274
1 284
1 806
2 322 507
2 699 859
1 464
1 829
2 274 656
1 109
2 400 789
1 178
2 741 762
2 609 806
1 472
1 571
2 579 641
2 139 315
1 833
2 863 885
1 470
1 105
2 98 189
1 227
2 150 681
2 454 867
2 285 520
1 26
1 387
1 78
2 293 621
2 270 817
1 215
2 342 537
1 244
2 133 158
2 36 422
1 80
2 553 700
1 771
1 258
2 445 844
2 660 795
2 288 440
1 751
2 542 594
2 853 879
2 114 253
2 655 743
1 148
2 485 678
2 121 326
1 681
2 326 485
2 865 889
2 858 883
2 83 652
2 1 666
2 472 860
1 892
1 18
1 781
1 787
2 175 231
2 37 77
2 63 87
2 55 879
1 428
1 344
1 452
1 898
1 603
1 499
1 720
1 431
1 455
2 704 895
1 280
1 266
1 515
2 125 208
1 807
1 458
1 15
1 247
2 530 773
1 897
1 178
2 189 656
2 226 816
2 560 853
2 581 649
1 794
2 788 839
1 255
2 196 858
1 617
1 600
2 509 870
1 752
2 186 509
2 283 498
2 471 737
1 311
2 276 345
1 839
1 199
2 235 575
1 214
1 51
2 18 409
2 742 773
1 243
2 13 538
1 625
2 428 544
1 867
1 150
1 230
2 788 852
1 877
1 646
2 145 184
2 809 843
2 536 568
1 726
2 873 906
1 274
2 736 853
2 243 452
2 138 504
