851
3019 43015 87333 43126 44448 53120 50240 47065 54005 69800 64555 54183 34486 54234 10110 66722 31838 52239 16814 6213 55614 81127 31803 28645 95808 90166 96574 64224 62013 76388 61750 31251 98539 15610 88729 65147 76508 33708 31359 43024 36554 84934 20126 2233 48715 79431 99038 92430 91216 50625 11835 14418 2519 39624 89865 14897 53717 12274 20019 96392 67366 30342 64423 26668 12208 77110 25960 52832 6007 87300 20986 99986 13230 8028 19323 14308 68547 94311 4950 21130 10185 4493 13417 86037 31654 7357 29875 96185 25506 76029 75054 40442 99803 6511 53398 71162 94421 56984 39661 15138 10668 62735 40878 65731 29613 94543 49341 45784 65705 51249 46105 90855 93517 24640 88477 26335 70198 93012 48969 37345 13168 77164 39701 33984 70441 21813 28488 30882 10398 50697 90791 22178 70906 73001 61528 7492 79251 55332 83565 57666 48346 31567 88120 4446 91643 51231 27155 6382 60755 84807 52659 94938 53795 26496 93767 10137 30519 28673 98344 19664 90214 890 45873 89131 81746 78902 76905 30288 67790 64483 31983 97042 19645 78556 67153 74898 84298 60763 1625 36994 64281 58464 44287 15728 89810 3776 32147 39275 47419 15413 51477 15274 14044 47983 71290 17693 83048 19988 5791 57514 29139 45706 3804 71813 95655 46305 66717 30731 96421 63587 53150 48263 80208 97759 37441 24777 35382 67506 37827 98738 65787 92600 35945 25257 90038 71948 98329 38654 3042 75950 19362 12570 11225 97311 4236 14950 22774 69954 44680 34551 83700 18694 22182 39086 49395 97137 92963 11476 66722 3309 79809 79612 55100 82000 98048 48580 58867 96094 4551 62772 19798 59100 40477 83295 60128 111 77194 19670 41309 28714 71006 44674 78988 12379 31726 85973 97928 71563 64966 77100 88101 9112 55594 50147 74161 11972 77055 27404 90826 92056 15035 77263 55829 77206 42838 75309 92317 40464 10509 8695 98258 93089 87546 69440 7382 77825 49097 79162 71757 82335 73816 38234 90650 93479 79987 46959 31093 21596 49844 51463 70179 64400 13843 31942 19399 10680 48104 45687 29825 48780 86257 77141 58628 7242 34867 67044 84884 14799 80489 68112 99837 34198 84732 84509 41446 45637 12750 23371 84065 76253 5975 97866 35027 63365 91975 13443 96078 20437 64057 37966 68865 49658 4245 2014 51448 48171 54687 47489 34010 43588 6859 30866 22891 95695 35798 66601 43514 78764 59093 51560 72240 36615 31763 37121 32895 27338 1969 54697 4087 85415 25782 3920 74025 75130 62832 78377 76980 39473 76893 74380 85658 38929 72033 31539 97902 23548 89883 80380 58672 2908 58816 23910 3426 30136 99854 60764 13157 42582 74035 66307 82102 14306 37306 34345 19685 52931 9876 62257 74861 26960 45266 26117 71372 4638 91542 82272 14658 2794 91918 36064 41163 17990 30527 50177 94307 98066 99066 42099 19889 58563 65684 59118 10649 5699 65092 72114 82732 77643 68450 73377 41733 14674 38307 45388 39312 39716 58972 38576 88158 6829 92908 79031 5353 492 18162 16326 11222 69683 19333 22743 34661 84703 50653 60163 62947 75327 73215 22581 89012 75139 98910 83606 66286 54202 84537 2740 77805 32997 30753 59115 87570 93810 4276 21750 36 4371 27373 59599 46210 54101 63837 40649 10177 95357 67302 8428 80182 95111 18531 3498 41513 53895 51999 94565 45181 46176 79984 11024 96053 96870 79896 45159 7799 81562 80494 68158 6659 40579 23597 98242 15309 65715 19752 75748 52832 2166 67170 60918 47032 94520 95971 24201 24029 25030 76315 85020 87019 94533 56207 37130 45622 67576 59619 91566 42881 9512 55520 48494 41694 78080 40047 64850 69535 12651 9285 86004 16654 61808 85121 95067 77108 60181 28145 81459 37727 98739 92604 78746 81809 49138 61435 58848 22149 57325 4425 4945 43126 38529 67263 42228 82849 12963 85270 4130 3277 474 24416 35681 33909 24253 18873 55539 80298 92394 76747 3904 51684 43527 98294 66765 14406 8420 89966 61197 11646 36910 16318 76528 69623 24761 10957 12349 56585 10704 42024 49477 72848 56207 90068 21878 76988 55080 84970 71786 3294 24980 31020 1016 51544 83107 41595 84369 23125 37768 30787 93825 94544 82680 29418 31737 35390 59820 370 40412 84509 11686 15484 41248 20414 84367 25526 52311 88463 60841 20645 35987 79753 17580 80806 57004 92703 55178 11556 95614 21728 935 74290 89816 19600 92586 28633 24062 16674 4567 17269 84887 48156 16897 10968 39689 32170 45320 42660 32500 2454 42653 38833 31125 9412 52523 49358 4001 82575 59097 81843 15288 8044 97641 60123 64561 83459 791 23797 3906 76193 26973 89077 76394 80613 9226 10730 66207 906 55158 19172 43653 27048 17733 61619 3271 38427 51237 70341 51461 35308 1490 15442 64258 31269 36137 88433 48131 95854 45909 20751 69760 78848 50625 27335 37005 88714 19649 16554 2988 66597 22618 8421 62181 97390 25814 70064 67870 84182 93760 56667 25657 47680 77384 62189 65616 52874 39959 46939 70633 75946 27967 17820 29938 17117 40049 43184 42370 32075 55229 7412 38338 84448 85549 77161 63294 54393 91392 97933 36628 7260 98468 76668 71132 26637 76825 36860 57808 21928 87920 78905 9792 14424 77983 84002 65210 66158 84100 5902 87922 81099 46488 62776 96242 90499 81398 74873 86910 56112 1287 83656 94752 27805 25465 54695 63024 29362 45660 96821 61180 22619 58102 1573 77130 32585 55155 50251
519
2 1 851
2 25 514
2 186 768
2 600 847
2 789 849
1 816
2 702 826
2 823 837
2 12 403
2 534 848
1 697
1 290
1 130
1 668
2 634 646
2 247 776
1 473
1 87
2 412 788
1 371
2 226 414
2 734 842
2 431 563
2 511 531
1 291
2 332 429
2 594 812
2 689 717
1 172
1 591
1 664
2 418 681
2 123 278
2 406 803
1 191
1 460
1 843
1 549
2 80 219
2 342 601
2 96 811
2 114 671
2 100 160
1 410
1 387
1 179
1 296
1 387
1 737
2 813 839
2 500 806
2 518 672
1 779
1 287
1 363
2 339 361
2 125 802
2 654 698
2 713 823
1 811
1 98
1 694
2 573 605
1 120
1 735
1 217
1 567
1 696
1 517
1 815
2 604 642
1 416
2 48 625
2 683 810
1 698
2 609 809
2 636 700
2 233 516
1 468
2 600 677
2 194 600
1 756
1 597
2 59 312
2 665 718
2 243 813
1 219
1 498
2 791 832
1 229
1 111
1 51
2 490 761
1 32
1 659
2 385 635
2 79 628
2 471 845
2 382 680
1 580
1 89
1 645
2 418 482
1 702
1 13
2 390 835
2 161 202
2 524 736
2 424 492
1 621
1 519
1 158
1 6
1 8
2 453 550
2 304 657
2 608 725
1 504
2 706 724
1 747
2 648 668
2 462 578
2 194 553
1 311
2 723 823
1 142
2 471 641
1 686
1 674
1 699
2 588 668
2 802 840
1 640
1 334
1 169
1 826
2 219 291
2 615 639
2 704 730
1 802
2 614 630
1 738
2 357 719
2 292 651
1 440
1 483
2 457 812
1 148
2 745 764
1 714
2 54 384
2 674 700
2 133 478
1 548
1 428
2 691 748
1 795
2 312 447
2 515 534
1 188
2 718 740
1 136
1 355
1 364
2 229 473
1 229
1 415
1 453
1 820
1 576
2 164 490
2 770 850
1 129
1 139
1 98
2 248 763
2 299 483
1 82
1 537
2 660 732
1 487
2 838 846
1 548
1 360
2 407 765
2 655 770
2 81 835
1 338
2 513 697
1 695
1 622
2 192 349
2 804 834
2 199 386
2 655 702
1 615
2 257 286
1 795
2 216 843
2 816 816
2 217 303
2 399 640
2 98 364
1 136
1 163
2 468 724
1 716
2 424 592
1 191
1 249
2 684 803
1 348
2 442 754
2 70 198
2 24 166
1 117
2 142 487
1 590
2 698 754
1 122
1 740
2 431 673
1 630
2 600 803
2 146 354
2 601 747
1 524
1 501
1 189
1 158
2 407 537
1 210
1 497
2 220 761
1 474
2 772 790
2 364 803
2 172 543
2 830 837
2 633 795
1 823
1 353
1 303
1 38
2 157 510
1 442
1 552
2 235 565
1 569
2 699 720
1 69
1 599
2 551 669
1 25
1 371
1 773
1 349
2 283 678
2 368 679
2 312 617
1 606
2 432 729
2 785 850
1 351
1 126
2 342 445
2 150 150
1 813
2 564 719
1 40
1 395
1 583
1 459
2 488 733
1 275
2 20 487
1 607
1 836
1 365
2 750 848
1 127
1 778
2 833 838
1 212
2 237 344
1 402
2 517 707
1 672
2 707 814
2 568 685
2 359 418
2 814 839
1 69
2 462 512
1 460
2 739 740
2 521 821
2 561 645
1 829
1 732
1 780
2 17 276
2 341 491
1 723
1 539
1 459
1 98
2 460 645
2 713 845
1 498
1 824
2 819 821
2 699 776
1 397
2 758 808
1 672
1 653
1 490
2 495 616
2 543 731
2 476 621
1 453
2 550 616
2 372 648
1 523
2 58 600
2 190 539
2 682 838
1 200
1 95
1 238
1 471
2 386 676
1 375
2 10 781
2 159 825
1 186
1 36
1 452
2 810 849
2 851 851
1 259
1 281
1 765
2 419 821
1 303
1 820
1 679
1 301
1 725
2 546 750
1 62
1 5
2 236 416
1 570
2 685 846
1 330
1 585
2 847 849
2 624 769
2 67 492
1 817
2 240 363
1 718
1 593
2 312 724
2 168 539
2 608 779
2 681 703
1 659
2 346 590
2 677 726
2 224 334
1 782
2 492 814
1 151
1 239
2 496 841
1 626
1 519
2 809 848
2 410 611
2 274 737
1 442
2 251 685
2 833 844
1 768
1 45
1 775
2 455 689
1 579
1 231
2 220 528
1 835
1 360
2 278 510
2 171 544
1 581
1 686
1 572
2 360 477
1 595
2 505 816
1 357
2 776 840
2 814 837
2 709 810
2 248 302
1 835
1 210
2 605 837
2 97 458
2 208 513
2 39 130
2 843 850
2 394 638
2 362 449
1 104
2 523 812
2 235 412
2 426 525
2 287 305
1 201
2 88 524
2 624 850
1 136
1 640
2 245 296
1 141
2 533 760
2 692 826
1 797
1 121
1 221
2 364 695
1 792
1 107
1 628
1 466
1 390
2 641 709
2 787 793
2 357 579
2 194 699
1 649
2 785 803
2 324 771
1 342
2 341 850
2 198 693
1 402
1 417
1 15
1 196
1 402
2 251 430
2 317 378
2 431 737
1 440
1 662
1 105
2 396 800
1 483
1 549
1 239
1 263
1 425
2 484 581
2 403 519
2 125 717
1 639
2 245 606
1 155
1 199
1 770
1 338
2 727 792
2 755 789
2 11 37
2 484 662
2 756 848
1 20
1 452
1 175
1 46
1 500
1 658
2 660 679
1 508
1 224
1 26
1 94
1 596
1 759
1 47
1 240
2 340 520
2 761 801
1 702
2 240 277
1 394
2 5 656
2 204 819
1 30
2 795 848
2 103 371
2 774 831
1 725
1 757
1 752
2 767 769
2 413 558
2 791 841
2 128 597
2 566 771
1 477
2 498 711
1 670
2 131 406
