611
44858 36991 43207 91002 89946 14289 64502 61694 5335 20291 5508 28881 63209 44506 4796 54723 91568 17537 8590 59553 5686 60725 72837 40854 47162 20072 18794 33393 35069 9803 59363 74484 5756 1461 79627 33179 1671 92435 44063 18752 64762 52352 87959 14924 42250 94978 42108 82059 41507 31263 95041 75195 59246 56736 29136 22165 37854 13438 35219 24924 18875 62900 51293 95478 53364 77688 12038 90347 37854 19408 59621 91460 42740 8468 82561 94420 98334 14121 24572 36153 22057 34556 29086 32986 86459 73662 93894 83948 43488 57048 84374 54608 33650 26131 88698 90333 30172 56478 34233 41131 85677 55950 40970 10446 78338 11143 95521 92729 4794 21855 68088 27028 22832 55725 10575 48686 34170 55574 42407 36543 25007 40522 33082 16880 28773 49702 37450 42296 23703 94009 50966 12978 26850 61575 61043 96654 26057 9796 74053 72112 57036 86552 86762 33223 95680 56937 67914 8963 1652 33706 56055 24883 67403 68537 54688 5568 92082 48323 6350 55385 40564 93126 58267 92113 53859 659 51392 58104 40880 39979 43020 53626 58859 64961 49489 27438 78174 76116 28197 92053 3095 88879 87428 75535 86356 52446 15760 48520 3984 74501 40220 77274 52605 1211 19694 3782 44117 47756 17889 86636 57575 21500 45989 14357 9024 93317 25574 89112 73260 26867 82234 84029 27825 75702 48717 99540 12767 16337 80231 89740 14703 5698 64042 67307 64798 66916 24571 91570 43702 22787 8023 17163 41194 51351 18863 95258 97955 27887 55222 79667 19454 31994 78999 25512 57490 68411 67752 77141 89160 1306 69353 58361 19966 53091 95444 38901 85836 78533 50170 35592 64038 54403 73376 42786 82535 44805 19961 48562 49391 15618 65651 80347 98827 29059 18451 51630 13437 27307 6321 85929 9416 83170 85364 95063 3161 36426 80542 88696 11458 85887 23850 57381 59232 14757 81424 70415 89347 94480 88142 81931 7031 7653 7910 2252 45793 46064 65852 91302 90070 72237 5768 99940 36040 62730 90565 88224 77476 81203 82050 53861 23555 9045 68328 13083 59104 81549 64789 36937 35993 60265 43057 29171 88294 89154 33210 91601 69123 95572 46309 92865 39133 56402 53473 60188 45708 96226 5489 37264 11262 63084 68606 43972 77406 34472 61547 92945 42631 56965 71561 46511 75233 5412 87727 15549 38882 54075 19773 99463 22019 45944 65442 62520 53073 85170 74868 91841 7188 36613 38548 16359 68483 97131 74111 52749 37582 88579 2964 29851 14206 8866 332 87841 5774 41656 70356 44058 40735 98355 62168 40884 37690 57368 65842 73730 91811 22520 50004 26970 17970 73883 82146 80715 22487 20059 1439 30874 33575 872 72380 38483 32542 90112 99005 40134 50557 75902 7253 5738 30769 58790 30785 95405 54832 98439 8250 57841 94985 1431 41488 83990 95717 73472 94001 2468 27155 75667 29260 71950 63618 9659 38476 53638 33065 54888 65110 89486 23945 44312 20318 55916 29938 55095 59682 51938 18550 85317 9158 94664 53117 91493 60985 19645 25954 86801 76709 31775 6996 1281 71307 53313 40019 9427 40502 49931 47457 73978 97922 84578 79469 32281 19435 83881 17670 5713 73942 61563 32157 34957 79155 54876 52766 19195 58339 23123 23058 83639 34488 79760 26071 85434 82820 47839 36896 66214 86621 45819 94921 24912 43755 619 83101 91982 95566 69711 30373 78184 63110 7411 86640 88292 38577 14673 56388 84305 17115 76473 98505 73882 49053 68720 44235 20250 52933 65780 53992 10859 77611 85963 69473 20037 88694 43961 76521 90605 4384 79543 23315 3812 68419 48851 84453 52515 48529 83529 72278 59697 52096 6592 39463 41973 29751 66021 5354 98804 16140 38409 30576 98460 43695 54886 61117 46376 14643 41544 66444 57934 13582 42854 69430 38348 91414 97818 22288 49451 32317 78020 20747 50630 6175 23193 27723 94838 50452 88132 26141 14193 82685 88499 271 19701 59422
647
2 1 611
2 126 578
2 345 572
1 242
1 291
2 594 607
1 362
2 172 308
1 485
2 251 333
2 100 374
1 52
2 196 492
1 567
2 160 535
2 590 610
2 137 365
1 224
2 220 594
2 313 513
1 238
2 414 532
1 151
1 317
2 350 417
2 152 338
1 90
1 531
1 69
2 86 225
1 26
1 307
2 59 552
1 75
2 283 360
1 244
1 569
2 38 533
1 453
2 102 399
1 404
1 28
2 153 367
1 92
2 7 261
1 357
2 288 298
2 557 564
1 331
2 266 386
1 279
1 136
2 207 512
1 402
2 142 551
1 251
2 499 600
1 513
2 34 338
1 510
1 137
1 231
1 427
1 519
1 293
2 518 563
2 457 610
2 553 566
1 359
2 33 476
1 322
1 606
1 425
1 119
2 70 440
1 214
2 437 533
2 243 486
2 73 85
1 498
2 458 517
1 584
1 366
1 576
1 349
2 129 364
1 228
2 120 528
2 120 467
2 1 215
2 507 518
2 580 581
1 130
1 366
1 516
2 381 452
2 340 468
2 455 479
1 530
1 306
2 565 579
2 273 423
1 55
1 19
2 535 538
1 29
2 384 585
1 187
2 548 557
1 285
1 372
2 133 541
2 578 581
1 336
2 371 608
1 323
2 155 199
1 276
2 95 166
1 237
2 189 441
1 147
2 410 496
2 558 605
2 317 402
2 195 377
1 330
2 18 418
2 595 605
2 610 611
1 29
2 334 575
1 262
2 483 488
2 609 609
1 42
1 158
1 183
2 291 403
1 230
1 483
2 553 610
1 373
1 37
1 223
1 183
1 97
1 85
2 139 232
2 441 484
1 593
2 63 382
1 281
1 500
1 137
2 292 384
2 251 317
2 334 574
1 183
1 12
2 47 373
2 354 521
2 266 329
1 348
2 56 546
2 541 544
1 116
1 180
1 171
1 497
1 176
2 46 380
1 414
1 64
1 169
1 178
1 74
1 299
1 176
2 316 603
1 484
2 106 536
2 361 539
1 554
2 266 307
2 77 450
2 167 211
1 49
2 172 527
1 151
2 511 570
2 268 569
1 233
2 331 522
2 237 505
2 434 608
1 12
2 566 568
1 182
2 124 555
1 529
2 495 525
1 110
1 515
1 560
2 273 529
1 269
1 590
1 594
2 569 593
2 353 373
2 325 347
1 291
1 293
2 339 447
1 61
1 591
1 582
2 498 532
2 304 369
2 274 284
1 285
2 290 536
2 434 481
1 489
1 246
2 59 129
2 420 425
2 438 586
1 112
2 566 606
2 427 486
2 155 352
2 206 385
1 312
1 19
2 518 531
2 539 589
2 347 446
2 601 601
2 357 511
1 228
2 226 523
1 155
1 301
1 578
2 2 441
2 179 475
2 321 550
1 393
1 455
2 134 233
2 494 526
1 141
2 166 183
1 252
1 447
1 575
1 136
2 161 221
2 132 231
1 216
2 402 513
1 290
1 22
2 588 597
2 87 517
2 535 540
2 427 452
1 594
2 571 572
2 246 352
2 1 272
1 497
2 422 610
2 82 235
1 420
1 94
2 599 603
2 405 453
2 273 541
1 63
1 273
2 24 469
1 465
2 565 573
2 342 361
2 114 192
1 559
1 36
1 562
1 70
1 551
1 225
1 483
1 241
2 448 517
2 341 483
1 246
1 242
1 35
2 10 542
2 19 265
2 93 142
2 378 527
2 290 606
1 443
1 405
1 134
2 433 500
2 12 304
1 492
1 517
1 265
2 589 611
2 205 384
1 186
1 129
1 334
1 385
1 230
2 452 515
2 454 524
2 383 534
1 121
1 24
2 151 553
1 161
2 413 526
1 485
1 246
1 160
2 527 555
2 98 341
1 545
2 213 223
1 252
1 242
1 461
2 347 591
2 397 574
2 461 590
1 428
2 230 388
2 552 559
1 533
2 312 330
2 77 570
1 418
2 48 289
1 582
2 252 285
1 160
2 162 537
2 444 452
2 211 232
1 318
1 404
1 598
2 378 605
1 534
2 569 601
1 152
1 458
2 271 339
1 359
1 120
2 40 169
1 561
2 470 483
2 336 338
1 526
1 555
1 590
1 353
2 268 278
1 91
1 317
2 418 572
1 49
1 165
1 450
2 283 517
1 593
1 430
2 258 328
1 561
2 331 535
1 72
1 37
1 137
1 257
2 408 506
1 518
2 512 541
2 205 536
1 22
1 158
1 154
1 55
1 119
1 421
1 85
2 427 569
1 357
2 335 563
1 230
2 501 563
1 316
2 469 558
2 153 252
1 113
1 404
2 203 502
1 414
1 590
1 474
2 562 596
2 501 524
2 255 463
1 594
1 300
1 483
2 142 347
1 509
1 552
1 521
1 122
2 294 482
1 393
2 236 408
2 480 533
1 372
1 328
1 189
2 52 521
1 449
2 367 384
2 277 300
2 227 451
2 597 603
1 599
2 268 589
1 214
2 327 554
2 371 450
2 6 261
2 180 355
2 67 287
2 256 371
2 103 454
1 551
2 430 610
2 240 320
2 480 566
1 258
1 30
1 251
1 18
2 582 610
1 95
2 556 608
1 352
1 106
1 582
1 115
1 79
1 222
1 266
1 598
1 339
2 493 572
2 151 336
1 46
2 74 421
2 409 583
1 212
1 509
2 550 552
2 407 586
2 114 561
2 467 475
1 493
2 353 542
2 232 440
2 366 533
1 429
1 158
2 302 392
1 494
2 430 438
2 610 610
1 41
1 235
1 566
1 139
1 258
2 393 400
1 28
1 568
2 599 610
1 367
1 355
2 511 530
2 200 276
2 259 282
2 466 573
1 516
2 80 520
1 281
2 65 464
2 44 549
2 75 411
1 214
2 186 290
1 5
1 196
1 522
1 408
2 226 282
1 294
1 485
2 152 551
2 572 609
2 69 590
1 300
2 26 329
1 553
1 490
2 307 413
1 23
1 597
1 308
1 437
2 152 458
1 166
2 219 329
1 79
1 26
1 70
2 183 257
1 414
2 72 197
2 76 411
1 353
1 115
2 453 529
1 524
2 591 607
2 574 598
2 158 323
2 313 404
2 283 371
2 489 548
1 326
1 449
1 533
2 351 420
2 521 563
2 458 475
1 340
2 592 601
2 465 593
2 161 264
2 484 527
1 506
1 63
1 419
2 395 515
1 311
2 595 610
2 376 382
1 431
1 332
1 151
1 594
2 132 588
2 308 380
2 48 580
2 229 503
1 408
2 532 590
1 186
2 165 408
2 187 253
1 516
1 526
2 347 447
1 580
2 27 164
2 189 437
1 507
2 356 472
1 1
1 527
2 15 511
2 598 609
1 573
1 192
2 110 213
1 131
2 141 214
1 103
2 141 383
1 40
1 148
2 160 391
2 398 601
2 457 589
2 23 106
2 546 571
1 483
1 140
1 373
1 165
2 144 263
1 177
1 369
2 438 591
2 11 496
2 374 507
1 554
1 419
1 256
1 354
1 78
1 100
2 137 317
1 525
1 558
1 245
2 359 535
1 59
2 446 487
1 426
2 295 597
2 280 366
1 459
1 405
1 532
2 471 496
2 609 611
1 592
1 42
1 566
2 53 122
2 160 517
