8851
189 8634
4733 8634
5464 4733
4764 8634
4195 8634
384 189
6632 4764
3783 4195
4794 4195
769 4195
7154 4794
2926 5464
6827 2926
3853 4764
1350 6632
3562 4195
2357 4195
1424 4733
7314 7154
330 189
1218 7154
3958 5464
3541 7314
1158 3783
1936 1424
7881 3853
5582 3853
6904 5464
8363 2926
5792 6904
6469 7154
4293 6904
1731 4764
1476 6904
2112 1731
5138 1936
6968 2926
6841 189
4633 1731
363 1476
856 3541
7904 3783
3480 330
1658 3541
5371 7314
7961 7904
825 7961
6472 8634
3317 1424
8717 1218
6739 6841
5458 3480
8813 3853
149 1731
6891 6968
2010 363
2163 5464
5999 5138
2441 8813
6367 6739
8521 6367
3129 3541
7569 6904
3298 1936
1495 7569
5407 8813
3250 1658
6873 5464
4442 5464
7752 825
8396 4293
4234 6827
2636 2112
3745 5582
8662 4442
4412 384
4002 189
129 363
8791 1936
4413 2926
2446 7904
7977 4412
6983 7314
6819 6632
4760 6367
2146 6632
8086 1658
6913 8363
1711 2636
7846 1350
5466 3958
696 3317
4617 2441
6389 4617
7829 2112
2095 4764
7234 8717
4765 1424
5968 6739
4425 4733
6200 8662
902 4760
1644 4234
3535 5968
3435 1658
4092 4195
7032 1158
1043 4764
8532 4092
4668 3480
4810 4760
8110 1424
6363 2163
4571 7977
535 7904
6001 2926
659 2163
7999 6819
874 1424
1909 8521
416 7904
8793 1936
6104 8634
8298 4293
6507 3317
7239 4633
6761 2441
3466 4234
7703 4195
3146 7569
2698 6200
6175 2698
4518 3129
519 7703
6429 6873
7818 6001
8603 7829
3900 4571
4298 1644
3624 2010
3522 2163
8408 3298
3645 4442
6953 856
6120 2636
7988 7961
3497 7881
410 8396
1787 3783
7292 769
7445 5407
968 4733
1351 1731
3946 6200
2471 4234
7540 8396
7812 7032
2105 6827
4936 5582
4985 1658
1768 6761
4501 659
2918 330
1896 7703
1190 5464
6737 6389
5215 3535
8052 7569
1127 7818
4931 6968
1792 7818
2279 6739
262 410
320 8408
594 5968
6564 3129
6195 4760
7291 6429
2397 6632
6780 4760
8436 4810
2556 7818
2229 1792
7717 3783
2053 825
3042 3541
3697 4985
1589 4794
4767 1792
365 384
674 4633
3574 1476
6102 6873
7902 6819
2257 3298
5573 3466
5042 7032
6593 8603
1415 4425
2546 825
1108 6200
73 7818
7340 5407
5757 8791
1007 3298
999 8052
162 519
37 2010
8076 5215
4580 594
55 7999
3947 3900
777 6104
7653 3146
346 320
2191 3146
2328 7239
1760 4518
3830 7846
7684 2191
8653 7540
2413 2095
2245 73
1312 8521
6296 8603
4928 4195
4190 3541
424 4195
3397 6593
3110 2191
4414 6593
4970 3745
1378 1711
121 5371
4898 3466
6560 6507
8148 4794
4659 7904
4590 6560
6236 1190
3547 4293
6853 7881
1435 416
3019 55
3068 384
2269 3068
2824 6968
3051 3562
2769 4414
488 5999
2497 4928
5435 3146
1709 3129
7269 2397
249 3397
8781 6737
4108 6904
6620 3397
1501 535
5429 7269
2276 6632
5971 4928
6613 129
2448 1760
6355 1127
3473 1589
2158 4590
6528 363
6054 2546
5776 7239
7392 4764
5319 2413
6573 3958
2658 330
3650 5407
8027 6195
7864 4108
7991 2279
7722 363
8821 2546
3747 7269
1749 5435
1596 4108
338 6737
7145 3783
2973 6737
5852 2471
2165 6891
665 346
5344 8110
8393 6469
5098 2441
2811 2165
5650 384
4877 6367
1060 3900
5989 6363
6435 3146
6930 6200
5239 2546
730 8027
1311 1792
1541 320
2398 8813
5356 1350
5388 5757
5559 6472
4570 1909
919 5466
2114 2357
1904 5757
6567 8532
5701 4633
2673 6841
1490 1312
8800 2095
3568 4810
6202 665
2833 5559
49 5319
8125 5968
859 7239
6381 519
3667 4442
5890 488
4834 4414
1529 3051
4745 4794
4685 6739
2801 7977
2156 7145
3489 4745
3862 5098
1006 4970
8478 7881
7029 5371
662 7977
5525 4760
3402 3480
3424 4928
1297 3535
6246 1529
2632 7717
629 410
586 3480
1289 8781
2977 2112
844 7829
5421 6953
3330 2158
2691 7684
1641 2357
2783 7340
1202 1311
5004 7829
5588 8027
5948 8408
8028 5042
5037 3424
7664 3783
644 8110
6278 2191
4999 3862
6241 3862
5092 2977
4615 262
3540 5890
724 4877
4700 6278
7160 7664
6017 6435
7848 2471
8509 5792
5666 4590
7831 1644
6753 3667
2394 4412
4608 2783
2362 5138
4774 3019
7608 3146
7970 8298
3295 2811
2871 6278
8040 7664
4995 999
1588 8509
8428 6567
3296 262
2904 365
3201 3535
7101 1589
3992 5588
5336 121
2621 1007
1942 2446
6989 5792
645 8509
1115 6989
427 7314
881 2973
4361 149
6154 6296
2400 5588
5741 6241
8666 8052
795 644
134 2871
8552 859
1266 6202
91 2691
759 5435
2258 1596
8503 769
5553 7999
1235 2556
2329 2636
6985 902
4062 488
4393 2394
7268 902
2992 4615
869 2245
8160 189
7604 874
8112 777
7918 1235
5124 5559
7343 902
3553 8086
2390 4580
7025 5421
582 2276
7596 2390
7511 7918
3626 8800
3232 5464
3636 5559
3084 3697
510 7608
2072 320
2664 2357
1383 3295
6726 2258
4118 2329
8798 4195
8166 1588
269 4995
5320 8436
6914 4108
5469 5968
512 5407
4428 5776
2086 3947
2212 6296
7103 7881
2742 4118
2392 8821
6697 6904
2495 6780
3883 1904
3230 1792
7661 2072
4033 1596
8586 4936
6386 189
3494 4092
8082 6753
2911 4767
3788 795
2614 2824
7223 6381
2094 8160
7670 645
7379 5999
7204 8603
4603 7343
2954 1589
5672 2146
8416 6613
7479 6841
8689 8821
1154 7160
5644 6914
3602 3697
6738 1792
7891 6202
8712 7684
3945 1154
5310 4234
5512 1589
4714 5582
6707 2112
2793 7445
5232 2556
3207 6985
3698 2165
6473 3698
955 2614
5528 5138
4 4442
3035 5582
8123 2926
4435 1896
1938 4985
4911 8793
2028 8112
3904 3636
3890 6367
225 2871
4914 856
887 7234
8828 6726
5884 3636
41 8112
8158 8666
2549 2448
5973 6913
8749 416
6399 3890
5550 2698
2081 2556
8187 3110
2696 582
1590 384
5013 3035
2676 3201
7289 4985
2839 674
6398 5429
8157 3830
5861 3201
4755 8110
8215 8123
5619 5559
1797 6363
8464 6930
6962 2691
2110 6241
4536 3547
5201 6473
1272 5666
12 6102
4128 427
6832 1312
1035 856
3422 7991
2978 8028
2290 1596
683 8076
511 4985
5593 4
7414 4999
6690 6819
842 6202
6808 2546
3356 4928
3983 7314
3430 7414
5404 2146
1765 4999
177 8634
8301 189
1959 7904
6638 7540
7462 7223
7143 2398
241 7902
4184 5852
5983 4570
3102 6853
5561 3788
650 3522
2538 1235
4672 8148
7275 1383
3744 2394
6728 3947
3943 2279
8573 2229
6197 4298
5576 1127
3839 3042
3370 7846
6227 5435
4451 6017
3375 6728
3277 4118
8848 3298
6277 5989
6870 6175
8302 7988
6317 7902
7780 8166
5804 6054
8829 8573
523 3947
3108 8829
7674 1731
7996 3626
35 6560
2936 6317
4352 4425
3453 4570
7748 2793
4199 6780
150 2911
5263 8040
917 2621
1405 4
1531 5124
7473 1235
4391 8187
1517 8215
3928 363
2336 3945
1160 4898
3475 2212
832 2110
6012 8157
4626 4195
3202 2497
6752 6398
3335 2636
6610 6246
1568 2114
3973 7670
1854 4580
6091 2824
4545 5559
2700 1787
2679 3947
3531 269
3805 6697
3793 1297
4330 7670
3160 8158
2396 2691
7843 2392
4679 1517
5281 1272
6817 5138
5759 4092
253 582
2437 1007
8357 5968
2339 1378
4374 8052
5213 2396
3412 2936
4116 7154
5208 3356
8762 8848
2761 1218
5008 3497
8547 5201
5801 8110
7896 586
5417 7670
6322 1289
961 1641
670 2977
1107 410
3868 7289
2877 1312
6686 7340
4380 724
4725 5407
9 2621
3746 1644
1706 8428
507 2105
4441 4928
5784 1854
6662 8302
1100 6246
2058 5650
347 5971
994 6200
1024 8157
1470 6120
5276 6017
4049 4774
8823 1006
7190 4999
2490 1541
8368 2191
5051 5417
3446 8634
3174 416
7324 5263
6523 7103
5846 5528
555 6399
3892 3102
1081 1160
588 4413
808 7145
776 3296
2261 2163
3314 6873
2960 8532
7605 7818
6958 8552
7207 3174
8801 5013
8671 2614
208 2081
8095 4608
7498 4668
4334 1641
1191 4679
4675 8040
6525 3129
3447 3295
4271 6968
732 7291
4507 869
1023 8368
4686 3992
3810 8095
2655 8821
1124 6686
1622 7314
183 338
2563 6236
6754 5973
4568 162
3046 4936
5500 776
3917 696
8192 5968
1669 6202
5697 2769
1530 5801
676 8712
3059 1124
8421 2833
4991 8028
2493 919
8487 1190
6095 4501
5202 8689
6025 4745
1941 7604
4897 1297
900 4570
2485 5884
5938 6197
46 6054
1608 4536
1923 3904
8365 8487
4200 3868
305 6278
3819 2904
1174 8829
7873 6707
7662 5371
4170 7608
4604 3174
6534 3356
5820 1568
5622 6200
2236 3746
8303 3602
6301 5213
8268 6567
821 6983
6654 4545
7382 2072
5893 1706
984 5804
8150 134
4924 6001
2653 5092
6929 7479
1193 519
6396 1589
3966 5801
3763 8653
2004 8082
4320 49
3913 7662
4600 8521
8495 8428
80 5042
2758 4374
8067 1350
5770 1644
2729 1476
2740 7831
2015 6753
2975 3747
430 1435
5279 3535
8185 6301
5387 3129
1104 7382
8247 6953
5241 8027
2508 3298
2239 4679
3182 7343
1183 7414
4282 4608
7490 4234
7401 3966
6449 8813
4043 338
4211 2112
1702 1476
5726 8586
6320 7864
1504 4361
4500 2191
2057 3746
1328 1350
4886 1470
4251 3046
2513 1622
4792 900
1544 2394
4383 6753
8346 8302
7505 55
3479 1608
2285 1529
3832 5804
8833 1405
6881 4116
3241 3430
8360 8158
1736 4911
5975 2839
7342 3697
7693 3568
3932 6929
6191 5776
4161 7223
4821 6930
8719 7752
140 3746
2535 3335
947 2105
3143 5051
6092 3535
8612 7505
1673 2833
5735 6632
3096 2513
5631 5213
7138 6320
1513 6989
2240 5466
2474 6819
8748 4500
5965 1190
1479 6398
3157 5435
5649 5138
2863 1190
6060 3160
2131 305
7455 4330
2861 2191
2844 5804
2300 555
886 7324
7484 7818
5875 1959
6026 7340
413 2538
8849 1193
3926 7918
4618 3446
3413 3230
3493 3645
1046 2441
1679 5644
8049 6469
8770 5820
432 629
2915 2485
2746 1517
5953 4792
7444 4441
2303 1174
2666 5735
3952 2761
4160 1415
5378 1115
6538 3207
1241 523
7236 5528
1996 594
5397 7674
7442 4200
1813 8040
329 3830
8139 5953
4594 759
3571 919
1866 7190
2260 2057
799 1218
2404 4914
2040 8532
297 7703
8243 2260
4407 2918
1310 8503
8096 2485
5216 644
1808 4991
1780 1043
1469 365
4806 2146
2589 1311
166 3983
5689 424
4438 2698
5431 6686
7129 1241
4152 4033
1106 8166
918 1813
7706 4774
4327 7505
2338 5464
1026 5138
1722 7462
1757 3042
8319 5735
5744 4792
2443 3883
8650 1378
1770 7970
8468 4435
7671 3413
4645 363
8075 3019
770 984
610 3805
4537 8268
8320 4914
1781 4714
6689 2960
6402 6962
5260 1266
7046 4407
7764 5619
7433 6832
7056 1709
5391 2448
8105 1781
4674 2095
7399 676
7809 7670
5984 1383
7548 3747
5157 1115
7669 8319
8250 5216
7593 1435
8656 4897
647 7703
1817 3096
4353 1936
8315 5689
4017 7843
1014 4211
6836 5561
3725 4604
2387 1501
7249 1479
1155 3744
1467 4924
6581 2926
4456 7829
8042 4251
6745 555
6230 8801
1758 5559
4612 1495
395 968
1840 6472
3708 3992
6153 177
1825 5500
1805 4334
6771 1590
7630 2394
4256 2758
3082 610
7925 6200
101 140
5535 5559
8216 3783
7400 2546
3341 5464
1907 1124
1452 1711
4812 1996
614 3763
6057 4438
3739 5201
4481 6968
3253 8833
193 1504
4431 3739
6084 662
5881 347
5293 8139
1464 6686
1489 7160
2395 3059
1080 55
5695 7780
587 6195
7034 6469
7727 3763
3501 4062
2025 4298
3172 6754
2689 3946
996 7433
2379 7727
1605 7593
6527 488
8543 6363
1347 4794
5501 586
5836 8049
7552 8139
5589 5820
3881 4618
1044 4413
2624 3725
7060 5984
72 8791
4964 4431
2561 6227
7195 3084
6379 101
1969 588
2128 5561
4538 4700
5841 1044
4563 1768
7424 3446
2192 6317
989 1817
4927 5388
7644 427
8154 7379
2449 6195
2223 4964
218 6753
5749 6507
896 6320
5363 842
161 5216
5992 7569
2870 3335
1105 4812
8675 3626
6043 6386
833 3562
2514 7424
4705 8428
5237 7669
5419 80
1910 5124
4404 2863
3513 1904
6193 5749
6234 859
3774 6654
5398 384
6885 8110
5373 8612
3796 3475
931 4626
42 8829
6196 1770
3437 1808
5457 8717
8588 6381
5621 2833
3933 6962
4707 732
8036 8603
5413 3562
8231 6953
559 7818
6393 3182
4492 5500
2347 6962
2198 3805
5290 8396
3021 395
4773 2165
2536 3129
429 1347
7412 3174
4177 4898
2402 1490
4589 7046
1806 6929
2103 8675
530 2094
254 8689
2386 917
4511 947
6010 5553
7751 7314
7927 4604
3328 4821
155 6010
2945 7569
879 1351
3798 3356
8562 1758
5997 4536
3677 8689
1231 1235
5289 5363
1429 1160
307 7831
2725 512
8577 3725
7437 5407
723 3108
4279 37
7065 2446
6731 6025
2519 4924
7007 645
8505 4
8081 4767
995 3202
5350 2698
2818 6739
765 2563
4605 2441
7599 2915
4815 2158
2772 49
5829 7414
780 5953
590 7034
5152 2057
6716 7873
5681 6534
7241 7670
8797 7722
6181 149
1547 4603
7481 769
8310 8612
2531 7727
7909 8028
7100 254
6514 6200
1017 590
4221 644
5305 5152
7983 2057
7937 8075
5018 5553
6615 8801
8640 347
7723 5407
3338 6904
4784 2004
1244 3708
6855 7195
7419 72
5340 6196
2547 5525
4188 4668
7086 8712
2045 7379
3211 5279
4614 4810
6294 2978
5329 8243
7284 1722
7036 3562
6493 2379
7483 4017
4948 947
3125 4755
7459 6322
3511 7103
7429 6567
2623 6885
1558 2655
8477 1383
5887 193
428 1770
930 7032
3423 8123
941 523
4371 6855
660 3540
1800 4645
4206 1017
2525 1218
6323 2095
109 6396
4147 5320
7672 7379
6284 996
1868 3832
4183 8315
1259 2513
2342 413
3018 410
2752 5983
786 262
6371 8797
1678 4147
7587 869
5315 8112
126 4745
8687 5784
2367 3501
725 8247
7772 363
2381 1328
499 5965
3124 6191
4974 126
7916 4033
7078 8829
671 4501
5105 6771
5885 6538
2855 1800
5347 241
1296 2285
3384 2614
4753 842
4125 3531
4106 4116
6282 7902
153 510
2231 8650
6256 3501
3845 2156
6415 4679
2829 428
4110 1160
5070 3574
5945 8301
998 8509
562 3042
5390 844
2201 7831
5766 8468
8465 1476
1997 347
3713 7160
4520 3571
1635 4927
6442 2381
3107 4371
2799 4924
4574 2300
6253 6620
2716 996
6749 2025
2880 8687
233 7604
4007 5861
5505 4612
3265 3480
5166 5621
2545 2245
7964 795
2067 5989
6040 2758
635 1938
5186 4017
6616 2497
7633 4481
6520 2621
4142 6873
7018 3774
5318 6930
6314 6832
3929 7154
7551 6092
5022 177
8431 363
1419 2519
2762 4279
7396 3745
5891 6853
4963 329
4088 6191
5816 3051
8437 1479
2426 670
8415 645
2002 5391
7466 2392
4826 2067
3856 2824
785 2285
5981 5237
3192 2379
5954 262
4244 6662
5520 6753
1755 4425
8100 3201
6505 8028
4572 6505
8847 4963
2983 6754
598 7988
7645 4492
3077 4320
6570 5013
2785 8100
1443 8421
5618 1936
7610 7904
2220 2342
1692 3051
788 2114
2352 2623
962 7190
5580 4481
8803 2269
2369 8360
4950 1107
1862 8588
2881 2945
8189 1383
7691 8849
6257 395
4005 859
6273 7490
6046 5887
4945 5582
8374 6200
2709 8431
4800 1596
4401 7396
4787 6323
1423 1127
394 3370
8353 3892
5833 6989
237 2394
4109 5237
4483 6738
8818 2394
3815 5363
774 4251
6852 6386
6568 5289
8061 8408
939 3697
411 8393
5937 7239
1837 7829
2479 6314
2136 1904
7810 6989
4528 4633
8232 6060
21 5576
4859 8543
4426 7569
4474 6771
3544 8075
1444 3082
5251 3330
8326 2328
4920 347
1095 1780
6070 7490
5032 4589
6756 4190
1286 8509
4132 2833
849 1218
7250 3946
2982 1470
5001 3839
7640 3952
6776 1805
5661 1378
5955 7691
7549 91
741 4002
3260 7462
6047 7444
7385 7459
2718 6472
6722 1923
2739 2975
2804 3928
6096 590
4054 2025
2919 5001
5925 7864
5258 2395
2868 2220
8144 999
8850 1596
124 3535
5463 5350
1199 1530
1439 3277
8395 8509
8387 6191
6823 7549
1090 4931
5499 770
4712 7810
6643 5881
8510 6520
2211 1429
6387 5499
6099 3035
1744 4963
5384 5391
4713 6054
5453 4383
2680 2870
3145 3489
2182 7419
1228 3473
5551 8157
6152 1464
1914 2479
1145 7552
3281 430
7168 8250
2343 5816
1425 1043
5460 2829
5038 6728
4715 8415
3711 5037
4721 5881
6565 7195
1028 6091
4376 2746
4824 7396
621 394
7513 3341
5072 1090
5369 153
2405 338
6720 2563
3456 1470
5911 1006
1740 7843
5156 5890
8619 6236
2577 3201
2753 5251
4314 8603
8736 1517
3632 3745
3057 1060
8193 5001
2638 4142
1436 2245
8102 7429
2037 6593
2121 2479
4728 3815
2976 2095
8742 1692
3161 8436
1111 2752
8072 7268
4650 2563
2949 1706
3209 4787
1137 7145
7370 3744
1091 428
5808 4110
8836 3447
841 5887
8533 1347
8114 262
3898 4160
4840 6154
5517 5792
877 8505
7320 5397
7043 3636
6789 732
1210 6402
7427 586
2068 2110
3601 4563
866 989
355 3805
1542 6227
2993 7864
95 1415
3150 3413
7677 5968
4164 153
5506 7961
7815 5138
7362 3356
58 5576
8746 1405
2130 5989
1094 7644
7420 46
5858 7204
4250 7964
4261 7168
5677 1347
5909 3160
1536 2369
5514 3146
3283 2258
6879 2121
4329 8095
3922 4184
8692 5241
6275 2535
6423 2493
7384 647
1157 1781
5970 7236
4357 5460
1700 5460
705 1558
5377 3145
3112 73
7441 4733
54 3211
1205 6181
6126 2379
576 6808
2393 6819
70 2338
4694 5677
7928 5373
7688 6832
5755 1476
3668 6689
7337 1596
8058 3096
8467 1700
5362 3745
922 4256
6000 2936
6563 3112
3069 7466
3736 7046
7686 3736
5586 1596
7833 8437
2282 58
8217 305
4465 7723
506 8748
4862 5968
6546 6528
8609 3698
829 1605
957 8675
295 121
8473 3375
7113 2709
8618 4920
6166 4190
7500 5350
8802 262
975 7551
5656 3626
8657 7843
973 869
3558 7703
356 5649
5629 5506
2648 4618
5385 6570
8512 4116
5823 2982
596 7569
2358 725
6224 3815
4585 955
4960 2068
3279 2740
8126 4773
8168 1424
2875 8040
1117 5407
3753 4733
5868 4792
6031 849
8516 8797
7801 8216
669 610
595 669
5284 3202
3243 8823
6837 3384
1085 4334
525 4787
174 2367
493 1817
8589 7928
6712 6091
2905 7818
3554 8823
7570 3890
4488 6654
6185 2880
6207 3650
6316 5208
7800 8081
2104 995
5029 3068
4734 7065
6466 821
5026 3922
7413 7540
1801 4054
1878 4675
6297 8315
7417 2949
6089 5759
227 153
7423 7693
1651 6185
2406 2110
4761 1868
6417 5453
3910 6091
6845 5310
23 1467
2424 1107
4076 2904
5409 955
2878 1024
925 162
2314 1415
7301 3713
1320 4764
1838 2211
1888 2229
3450 3082
5531 4773
2523 881
6085 7419
7720 5911
979 5505
6592 4391
8294 4376
3392 1740
5578 2110
8013 5887
6944 4244
920 2094
5628 659
871 5098
758 3059
1207 6836
3382 1768
7627 7462
3120 3966
8526 6284
4107 6060
579 7342
6421 2057
3170 2861
5392 2303
7381 5156
179 6256
3771 7385
4915 5971
6093 3535
6782 7025
514 780
7945 5937
5568 6573
4026 5385
7172 3763
7956 5398
4387 6230
2794 8158
284 3973
7257 2875
6589 1531
7179 2131
3587 5820
4390 2342
8287 1936
51 3744
7135 5661
6684 4376
4259 7902
1648 6396
5537 5884
3836 930
1816 305
6006 3900
7184 6421
7715 6320
7480 3645
2082 4435
3961 1635
31 5551
1004 4005
7008 7645
935 7569
8796 7320
2521 1837
3152 8797
6150 6738
8135 4734
5147 7569
4697 5293
99 3636
5727 786
4138 8467
2076 3601
2315 665
33 4928
2890 1641
4149 3281
2784 3881
1396 3211
1958 887
1714 8428
5952 3558
2204 307
7531 5846
477 2729
5763 3698
8832 5216
1318 586
234 1504
2232 4794
1166 4970
3369 4128
6412 4442
7066 4626
7541 6881
913 4244
1968 511
8672 3211
6721 3160
966 1183
4525 6697
5673 5551
6349 7833
450 4271
5109 647
4287 3725
2014 3207
5609 1958
6704 6616
2744 869
1891 2369
359 7340
3971 4626
272 2811
860 7677
4642 2561
6807 1351
7578 3157
2473 3338
5611 1476
4655 2058
4461 5363
1633 5749
5625 5429
2867 6807
1506 5453
5059 8793
8018 8166
5401 1091
4548 3146
8682 35
701 2002
7431 6154
6530 8139
4399 4898
8502 2239
2789 2395
5437 35
6685 676
3073 3489
6960 4642
5642 4945
2091 2446
4676 1813
4763 3892
4990 4234
8280 3146
82 1347
4168 1651
3576 8216
8593 8396
26 7831
4869 6046
3751 8473
441 8736
7638 8746
3941 5589
3569 917
2078 6754
2170 3077
3767 2904
7714 3423
6877 4713
1422 1174
617 2877
6461 4049
2368 8075
687 3568
6018 8193
6235 2497
7898 3739
1804 8749
5351 7831
213 1805
1774 4287
8269 5202
3075 31
1276 5029
2171 2091
1074 2725
3956 7437
6918 2474
3959 1804
4179 2975
1406 6904
4949 73
2039 877
1352 7269
7872 8436
3308 4604
1119 7640
4354 2282
3619 4728
7893 6877
684 3839
8087 21
409 3819
1674 2833
7312 962
2913 3317
7668 3810
484 7433
541 2485
4976 4898
1473 5051
8311 6684
7788 2648
3924 3971
456 3853
4687 3277
1890 8298
3976 3375
6206 1424
4640 7236
7922 7996
2289 6386
5724 2191
6691 7684
6411 3330
226 1544
7647 1787
2119 2658
5487 860
3695 4390
8206 1464
1486 1780
434 2689
4156 8123
4187 7340
6226 7400
952 832
6345 5952
7509 2279
5958 5186
5604 3695
7487 874
981 3422
914 3073
5781 450
7035 1714
1217 1531
5376 8588
3572 3862
2101 3057
4851 428
6854 3402
796 2223
1438 7815
700 2547
4566 5216
1725 6891
7566 4570
5584 6776
3461 6638
8463 3447
8481 919
2543 6756
1708 7593
5448 1501
4956 249
767 6514
843 7714
7059 6855
6667 1757
4025 886
8567 5724
3014 3424
2061 1673
1420 5576
5353 7751
8119 7627
147 842
7986 1673
8606 2495
3615 2402
5769 3447
4665 2424
2372 3051
5110 8821
6709 3182
4096 535
6203 241
4902 8232
3100 8311
6066 7320
8407 1633
8536 5469
5922 3774
3416 7647
4746 871
1222 3096
552 8653
4471 2156
1150 7551
768 968
6641 8802
3648 1702
4020 645
2250 2245
2000 2258
8805 6091
1861 2261
5821 941
8047 7605
6443 7034
1416 8126
6344 2232
8392 3279
7913 1104
8669 2067
322 7103
7806 1854
2591 26
4424 193
1683 8719
7130 2993
4338 6181
7265 3853
5450 741
3222 7413
6308 6709
6452 6207
6022 2198
8681 6421
4294 8018
716 5804
5374 5289
1563 3746
7835 7809
4842 8428
1512 3572
7321 7988
5304 4456
2149 4615
7666 8086
3974 995
6626 3810
4663 4928
2059 4092
8177 3356
3155 4096
3777 1276
7181 3501
1477 5397
764 101
7331 1641
4664 4043
7553 5026
8068 4412
366 2010
664 1774
2218 3112
2781 579
574 1648
7062 1117
8384 2131
3792 5792
5132 1241
6862 4391
1719 1868
8701 6070
8452 5628
8344 2495
8501 2696
8761 4282
1821 4563
722 2636
7994 2091
4034 2212
2819 8681
1343 843
1738 3541
6332 1218
3520 6944
2430 6885
2302 395
5949 3774
313 428
2284 1755
6346 7977
5855 3952
5030 877
7755 5649
4876 1838
8663 7551
7166 3392
1690 3553
797 595
7567 8464
7309 3541
5534 7570
6833 6567
8788 1111
7073 5098
1480 1318
3251 3845
1445 5276
5691 2632
7074 2081
1826 109
1036 8075
7910 8781
5583 7441
2375 5528
2629 7301
6587 55
4769 5373
6233 2112
340 6756
7900 6514
6433 6234
2869 2329
3191 3341
6463 559
326 4842
8033 6560
79 676
6912 1422
8379 8068
8382 3615
278 6282
8056 1343
2457 4188
6044 4655
7775 5820
536 5460
8164 4764
4216 4234
5725 8793
4798 5695
7421 2479
4035 7693
8202 7204
2821 5026
1252 2231
983 5535
7028 2531
71 6983
4089 7645
5317 7717
5966 2343
6555 6345
8786 233
3684 6256
969 2758
415 427
1326 7593
5874 4520
6300 7964
8654 5501
1256 1199
4992 488
3523 2250
3603 1825
1685 4612
7685 101
6903 91
3861 1683
2376 37
583 2061
1361 2091
1236 4580
2921 4206
3693 4590
8108 7977
6015 825
6621 2393
5556 4116
5807 3281
1954 6092
3398 2231
4209 7036
7304 8126
964 1787
3353 952
1998 7633
1441 1719
1478 456
1559 3281
1125 1252
4003 1706
1603 4170
6261 5948
8051 7672
4958 7671
3621 8850
7535 5001
2011 8509
7529 2624
1906 6332
4706 5770
7615 1486
358 4571
7316 4659
490 8516
3085 664
3081 326
265 6202
7361 8689
3270 284
1292 4414
5324 3416
7175 1996
948 1435
3011 7400
7562 3523
8264 7239
5036 4334
7317 1816
5179 3576
4940 147
3481 7321
290 935
1771 3437
7719 684
2806 1145
1567 2729
693 6780
5242 4374
6758 6689
4616 6753
2208 4160
593 8363
36 3253
240 5237
4267 6615
7564 4728
3573 3480
3870 3966
5368 8042
8016 6104
8238 4940
235 4287
1109 1804
474 5551
1874 849
3689 234
5906 3120
8286 2806
7841 1106
3056 7540
6878 576
6198 8193
2823 7615
1079 7441
6237 8177
2853 2328
8173 2870
2152 1757
4212 1252
1591 4250
4214 2338
1964 5186
7322 8818
6515 1476
7774 7722
6333 2314
3939 6589
7109 8593
2434 2119
1151 4003
4660 7234
4466 7640
7495 4815
8651 7073
2645 1588
3419 2623
402 8805
1141 1415
5969 645
5597 3513
6889 4005
6863 235
8590 5609
2265 768
7585 429
405 7567
7279 4216
7879 490
7651 2632
4367 8503
5713 5881
3418 2536
8041 4746
6636 1094
2161 8503
198 1469
8107 5677
6848 6449
5600 6198
1652 4687
6584 3511
3682 6754
1188 8663
8622 4821
8789 8431
2616 6749
4628 2430
1162 6848
4044 1043
3451 2443
6946 235
4257 55
7532 7382
8404 4017
7449 5801
2857 4043
4162 6085
3639 6684
6966 3082
6034 795
4783 3446
4965 4995
8837 2245
8680 2977
8053 8125
6959 6435
3259 1296
7637 2208
1897 4033
7626 2336
6542 7424
455 6411
2773 5784
6605 3932
6673 6690
3640 1205
3477 5022
686 2658
8584 8463
3706 4424
6941 3815
14 2546
458 1868
2166 5385
7773 4152
6744 1292
6658 5289
2510 7100
4729 5784
7665 825
2403 5525
77 3904
2931 7748
2288 7129
6109 8464
8460 7780
5976 7615
4509 7382
4599 8416
4392 4190
1769 7427
7197 4911
6860 4800
2107 5770
2634 4660
4866 670
1275 4714
7212 8847
2459 4520
3770 347
5114 8836
6485 3150
2951 3904
6270 687
1247 3209
7489 5884
7631 844
3817 7412
667 7956
2022 1109
7890 4605
5058 3904
8314 1651
1554 4714
619 2880
633 329
6125 5836
2540 5520
4377 6363
789 8786
2640 1542
4591 3059
4984 617
2671 7570
4210 1558
4649 4792
4086 7670
960 4990
3208 2192
8161 2443
4923 4761
5436 5051
5337 2691
5761 4665
7550 4617
2907 5421
580 72
7287 6780
39 2208
5478 887
1496 5976
8557 7773
388 5656
5130 8202
2777 4088
2113 3481
4487 31
24 4589
7655 208
5998 8193
3542 5208
1756 1709
709 664
8483 3946
2311 8269
5809 7891
5445 5351
8772 2201
1905 3547
1852 4509
4820 650
2221 8487
1255 3120
1675 8651
3584 7181
6495 2076
5011 4221
8542 6771
7606 3892
7690 1272
3198 4438
3510 768
1465 8392
1073 3836
5189 2282
1777 4500
8747 5404
2427 4404
7042 1231
1270 2057
5411 8231
4321 5597
7849 7129
6882 6761
1934 3976
8741 8848
2812 941
175 1347
4065 1445
4831 1210
4994 4162
3504 3547
6683 8609
1592 3830
94 2829
1514 7370
4253 6346
750 5846
4012 2666
4860 6527
6818 2037
6967 7706
5871 4964
4475 6109
3153 4481
736 6873
7150 7437
7771 8421
3429 455
3442 4005
4455 8382
8341 1749
5939 8301
5091 1435
8444 664
6286 5983
760 2624
8256 947
678 3774
6996 329
7358 4401
4584 3793
4533 233
1418 7473
8628 4026
7325 635
5632 6560
2796 4244
4553 6316
6208 6224
8493 7362
1670 2149
3396 507
5688 984
6231 3172
8500 1080
4937 6667
6011 3338
4814 5656
5764 4106
1192 7893
2262 3232
3801 722
3060 5808
7348 6632
2906 4536
3692 4407
601 4199
6701 587
2183 4160
3072 5816
6302 886
3013 2397
3470 1406
6370 7627
8389 8849
303 2523
3351 2112
6774 5156
137 5059
1335 2113
3781 8110
8134 4604
6324 4320
5171 919
6321 696
191 2890
7098 3470
2151 902
7519 2223
2572 4033
3655 6709
7966 3295
4278 6253
7245 6017
8575 2086
467 7541
1303 8126
61 4327
7859 4380
4742 2112
5775 842
4554 6662
2277 596
2882 2870
682 5092
5140 1757
8284 5981
7051 8762
2750 931
2432 37
6357 8154
7199 6782
8272 8653
6856 6433
5244 510
6255 5816
4055 8848
4427 4442
3612 535
7942 4937
831 975
271 8269
7196 7665
7224 4471
3175 5976
2723 2614
2317 2904
5908 441
6299 2053
4771 7483
3319 2911
7044 3270
3787 2183
6457 2911
2790 5429
7582 4970
5246 235
7698 917
2979 8848
3373 4330
3768 5407
3023 8392
6665 8243
689 4034
1401 3725
5694 8746
5768 2789
8602 7442
1366 7703
1846 6832
4135 2495
616 8651
1227 6985
3495 3308
8699 4424
531 6807
657 3572
7616 6841
8537 1236
5100 2068
5684 1465
1003 5258
6307 4287
3887 7841
7598 4580
6659 3947
6994 2282
4462 8663
438 3124
3623 5347
3061 3442
5791 3574
4871 6707
827 5628
74 8823
4639 8102
5473 4672
8440 7945
6373 3412
4709 7291
6972 6573
7861 5011
2917 7835
5862 8588
784 7893
5484 2037
7165 8640
4894 594
5736 1719
2670 3124
2477 6443
5131 2165
6772 6589
7555 4675
7389 3450
4196 5392
4838 7810
8143 8532
592 1095
7497 7199
4582 189
1029 3279
940 1669
2157 8173
6239 7582
5703 7036
607 5319
6696 8584
2041 416
8283 72
5780 2740
1054 3945
5869 1158
8325 7184
8559 588
7597 4639
698 5531
199 629
7082 6667
8228 4298
3631 8662
6192 2081
2124 2258
3293 8681
4356 5351
2541 5744
8445 4840
60 208
2140 7086
642 562
3743 5906
8248 6398
5294 2718
1063 427
5880 80
4519 2868
1879 2379
3991 5984
5434 5460
2998 7567
997 4580
4971 8036
813 4267
8146 1770
75 8387
5905 5318
7263 1837
566 7321
1961 2372
5942 5032
2731 2279
3742 6314
5206 3917
390 253
7504 2867
69 7562
6524 174
1034 2347
5307 6546
1099 150
3843 2881
1257 4025
7938 3461
7264 5684
3094 859
2420 3157
439 6889
5269 4612
6926 3787
7701 2911
6204 3697
167 1199
3005 4753
4621 5955
4517 1035
8842 7207
4562 6593
5352 4810
6500 410
6784 5766
6634 137
136 6150
1075 5318
7137 2114
5995 5098
8383 8392
7436 808
5330 191
6950 4435
8274 722
7832 8567
4409 8146
1948 4665
6746 225
4333 4810
7114 1909
7461 5171
156 8473
5789 8268
2047 1108
8066 155
8574 2302
3891 555
1304 3005
6318 3429
2925 1079
1665 6060
4205 8437
4889 2493
7161 4931
7151 3966
6106 2358
3597 5505
328 6367
6403 7605
2838 6707
7159 3745
5936 2614
1484 2352
4502 788
4013 5434
1498 5642
3140 8575
8695 6473
2887 7677
4978 8712
7577 189
568 6689
8600 5501
1631 5514
143 6191
7393 795
5370 1948
4957 8040
7280 8268
1877 1207
3034 886
6955 6185
7499 4017
8212 3631
7443 4936
8846 7835
2088 2793
1951 582
637 7631
852 2082
5412 833
4549 1942
1377 3398
311 2427
8648 3883
6496 8415
3766 1951
2263 2949
5394 4188
3067 6018
8010 8428
4818 6371
3391 5997
6633 1486
6062 5681
681 7384
120 3192
7851 6373
6265 6728
8141 297
6916 24
4429 8314
7520 7150
5623 2113
4024 7674
1431 7715
4735 6318
807 7431
1519 8095
5663 4152
4139 6546
5439 3295
3237 5347
7040 4142
865 8382
3091 7424
1604 3830
4839 402
5916 6275
6518 5949
883 4327
7941 2131
2 4367
4350 6226
1011 5981
8101 7715
5161 687
7623 2261
8136 1631
3691 2784
6138 1591
980 4640
2203 1781
6747 6665
57 6613
4301 5703
1143 8552
3288 5391
8674 493
4895 4293
5652 5948
7213 2342
6065 5404
8472 42
81 2839
8535 2400
1925 3396
3016 6643
1664 7078
443 3892
2884 4088
5187 2039
7368 2014
498 1665
8386 8472
2055 3926
1955 5258
1884 6836
3500 5874
8632 6278
1986 2709
2606 4520
2683 6204
1587 7670
7093 1227
3142 5862
747 1297
4864 1218
8787 2680
8288 3603
558 4712
3849 8536
1627 6643
4680 6841
5830 6025
2255 4
5268 4821
7410 7065
4947 240
4975 8272
4856 6433
7476 1162
7696 8053
6974 2392
3467 5868
1960 8651
5287 6891
5257 730
7572 1247
5748 7701
7121 4128
3622 7145
2873 4221
219 3259
5012 3237
8156 6040
6548 7396
4942 1210
3616 558
553 2300
236 6941
1962 6749
301 7442
7905 5966
8077 6138
4699 156
1346 4645
3361 7651
5433 7691
8388 1081
273 5906
296 1401
1389 3051
1521 4156
608 3018
5498 241
3916 4538
4512 5505
425 5629
1268 2785
1460 8468
7646 6204
5481 3051
2304 4049
487 7396
858 2211
185 402
2401 7382
4559 4024
3975 6534
7468 2058
3578 23
5627 2906
1308 2068
1387 23
7108 297
5229 7204
5737 2742
2391 4787
3427 1464
8764 553
5765 583
4228 1678
2965 1054
8153 2925
3762 4287
2649 2240
8422 6411
2817 3535
8718 5484
854 8718
1213 8828
348 3584
2527 957
6460 896
4343 7670
2456 5370
2681 6841
6559 7159
3590 6882
7251 3603
7071 2545
6487 8216
3812 7552
2986 7994
1693 7722
4227 5953
6911 4665
5782 3356
8366 2535
7075 774
6219 5186
1881 7343
2942 3774
8115 5257
2743 592
5265 4800
8038 6006
2644 8692
7230 3283
3022 2400
2940 913
6392 5487
504 1435
2150 2245
8840 5953
6796 2806
7494 7487
2579 8787
2635 5208
2847 705
4865 6833
7707 5337
63 973
2139 5011
1113 5583
84 6782
195 930
2693 3250
1752 5600
4235 3412
942 2873
2060 4471
3031 6324
6049 5514
3180 8016
6847 1423
8539 5098
6657 3429
3176 935
5414 4994
5706 7815
5325 2521
6604 7199
7885 4475
8338 7195
6337 4108
2371 774
8233 2940
5678 6542
7516 3711
7526 3069
6161 5269
5193 3424
4854 3145
8591 5051
2953 5229
2701 8650
5488 1484
178 2762
882 6345
1650 4889
5960 4391
6999 8547
7367 4428
6544 2982
4641 2088
905 8041
4355 7494
1356 2772
5844 2817
1411 6845
798 4712
8050 8153
3726 4461
578 4132
509 4612
4158 4608
7453 1244
8035 120
5536 4672
1899 4774
6008 831
8151 2010
1694 1664
4922 3317
8275 4327
1189 8681
5624 5457
5121 4773
3119 5464
6601 849
3934 507
8629 905
1339 4876
3128 3277
1827 6207
5730 2285
1703 4614
8750 1158
1428 2358
4019 4615
3831 5966
7214 1877
8763 4826
1853 5958
159 4287
5783 7130
7128 3917
7860 1117
1164 5419
3525 8086
3872 4798
5865 1797
6660 5694
6803 3830
2957 4483
1561 4034
2454 6197
6424 2114
1775 2847
1171 2357
3514 4614
3156 1722
3093 3198
59 7988
1682 2014
8209 6387
5946 5846
5097 4697
5080 1517
6115 3392
1642 1780
5348 7900
3791 8718
5033 2993
7403 1004
3262 3382
1987 5908
1922 6530
5428 3424
4708 7466
677 676
7681 7322
4344 3176
8131 4922
5214 4451
6051 7893
4468 2761
1939 6412
7208 4707
6816 5246
1294 6542
5128 8072
1499 8629
2331 2082
5118 8444
4254 7966
7791 7688
6068 3293
6382 5937
8583 1846
7349 7449
8544 37
7012 4582
8839 5629
6453 1119
8291 8586
1447 6563
8561 1090
2021 4798
3070 3910
1250 831
3137 4582
2451 8628
3053 7445
6992 1665
123 1650
8597 6782
2499 5437
3699 3265
2504 6473
3248 1948
8845 558
5127 2441
4304 770
3755 4261
8039 5830
1033 7801
5048 3684
2779 1429
3307 562
6350 6318
2389 750
7990 614
3127 2311
2321 827
1935 6836
2489 7476
5200 7548
6080 3277
6076 7859
5113 1389
5291 3023
1016 1792
2017 5239
1317 1936
8725 55
90 2067
3838 4940
1412 33
1390 6070
3679 74
934 3708
5275 4948
6124 8311
581 7615
2492 8521
7825 126
1505 6568
1194 2915
3292 4234
4192 6592
2410 732
7850 6253
247 2917
2832 1521
4042 7861
6645 5506
4029 2890
8308 1961
5099 7441
5566 1476
83 5887
5220 6054
2445 7755
7418 1770
8178 7550
5754 307
3652 1817
5346 797
7193 934
8252 2870
3821 1942
6155 2519
8224 1104
2897 3392
7102 798
1625 5391
8679 2673
8015 930
3408 4942
2108 4024
5160 5764
6588 5517
4146 1441
6676 4663
202 2773
5951 240
5170 1154
4552 2454
373 7289
2805 7368
569 4970
1077 4205
7501 5109
6711 278
3989 2221
4888 798
6331 7263
7839 5244
6131 1443
1720 4507
169 7651
845 1401
707 2010
481 6615
1000 1111
1065 1422
717 8228
5963 1356
3987 4353
976 3520
3205 7495
8568 5791
5657 3341
4255 6349
4115 3523
1293 1111
210 6237
148 7269
6666 6316
5671 6006
8659 8836
6861 5251
4469 3952
612 24
7031 4128
292 5755
3672 7977
599 8233
8714 6106
4762 6402
2517 3640
3660 5963
6347 3677
4169 1567
6886 6632
3015 240
3840 5862
4074 3283
4929 4914
342 4017
4776 5013
3865 4714
7761 3746
2659 4964
5655 7128
5451 7916
260 6115
4751 4728
675 684
6554 7519
5424 5004
2324 4199
3404 4713
3948 5588
6838 6691
4166 6555
8617 4461
2345 6150
3410 6054
5155 2045
1018 7498
7826 7902
4588 6012
4830 961
6612 504
3676 2525
4283 5290
2312 415
5563 2535
4925 4914
4450 6442
8117 8053
7601 5619
2065 5356
1953 7358
5367 6457
6797 6485
1200 5622
861 2880
6718 8567
2637 1289
2080 4794
8249 580
826 525
406 770
5490 797
5814 6363
6119 4915
2409 1470
3841 8436
7227 5561
1102 4507
7870 7991
4296 8460
362 1938
8190 3375
4310 8212
106 1648
5482 6115
259 2037
748 3676
537 179
6600 1171
7369 340
7652 3093
3748 2437
7678 1192
1399 2818
2327 3843
2217 4184
7283 4774
8109 5098
1686 2833
1492 1905
6765 6658
2064 760
8361 5781
2024 5809
2586 169
275 1953
3264 8699
1747 1665
727 4582
6787 6615
2834 4404
1581 3270
5977 7662
7776 7661
575 36
7409 5954
7246 5611
7985 7197
5172 1935
5111 1445
5805 4854
3194 686
1729 2158
6892 5348
8518 6080
7968 5627
68 5678
7226 1004
7248 2683
6535 5868
7356 5397
7580 4582
2016 6967
1349 295
1142 363
8425 3059
3474 6185
5079 1294
2609 7707
6056 4517
6921 4763
2235 6593
6311 7223
4080 2951
7069 4096
1704 7761
6117 5463
8208 5445
483 4212
6549 6587
5149 6753
4023 8368
1120 5951
8766 511
8130 3430
5719 4686
3539 8153
5386 6472
1069 7304
3080 7393
1483 784
4516 2882
3935 7321
1403 7414
4813 5725
8063 1968
8569 58
7603 6060
1267 4603
6899 2047
171 6560
172 2857
1871 6817
1832 7714
6552 4762
364 6818
2005 5051
2054 4425
2840 3369
6607 8144
704 2535
2205 3514
6212 136
884 8086
2399 6967
3548 1797
8020 6818
1388 8076
306 3987
3214 7623
2822 5434
459 6985
4176 7317
6134 1094
6111 5821
6706 3695
2605 4329
4892 2783
5659 2371
3465 3743
4573 6080
7581 3612
7545 6246
8221 1936
258 2563
7332 4585
3703 6084
1613 7103
7611 2397
5866 2485
5603 8081
8234 8185
7920 6666
8034 3991
8169 8468
1836 2653
3988 6040
4738 2951
1762 4301
5633 569
1924 7420
7347 3743
6245 8840
302 4694
8576 4391
3411 4256
518 7392
649 4721
1313 7056
3378 7909
2415 5650
573 2002
6743 2716
2470 842
2256 8463
8745 7275
3657 7312
804 3562
7297 2347
8623 79
6935 5604
300 4559
3242 7230
5020 124
1795 1188
3942 5623
5510 5147
5196 5603
173 7367
2026 1127
3761 363
2775 8577
4917 1222
3779 1425
4185 4917
5175 8828
7290 2905
816 5481
7782 777
3914 5975
5516 3761
8732 6089
3765 329
4141 2781
8201 4594
3087 6877
620 5294
6353 1658
992 8066
321 6006
6140 2182
1487 2119
1197 5011
7235 4898
815 21
1566 6096
5438 6026
7365 5816
7472 5955
8220 6255
8830 7461
1562 2521
6390 7304
404 4640
5306 6311
3010 3562
2888 3913
4497 8634
3566 5688
8570 137
2924 8687
8838 1505
276 8750
3972 1424
5870 5435
8578 6337
4300 8846
7067 1787
1818 455
5334 647
870 4924
8057 7999
10 4830
8335 2644
7936 4516
2349 4251
5718 4571
3409 7806
5924 1268
5357 4947
2601 6415
7271 2269
5286 5691
5923 1174
5851 7226
7219 77
6348 1954
2554 3207
836 5378
3223 7358
8660 7121
753 3281
7802 6754
4916 7690
1991 4023
3220 4414
6850 7567
2461 608
6618 74
1875 8134
5017 2918
5095 2485
1947 6817
2562 8389
1872 1205
4422 7936
8713 413
6405 6548
486 3494
3024 6363
8000 5869
5162 2957
6705 4096
7465 617
7030 7317
4277 7401
4477 507
244 7166
1772 5724
7565 1504
679 8591
6188 8374
6805 7780
4419 5501
1273 4279
3824 3375
4220 1125
8811 4002
2093 4500
2418 4442
8817 305
1382 6667
8375 559
8406 7651
5967 3161
2939 3616
3886 8066
8475 6567
8044 1464
1761 5424
1375 8050
8466 3597
4448 1145
5312 4923
655 6718
2281 6967
7528 7043
3300 1387
6732 5652
7749 8056
6128 193
1971 2342
6945 7723
4967 4089
2106 7540
7874 137
1932 234
7333 3042
1903 8475
7781 8849
5014 8123
452 3375
544 7074
2384 8190
6809 4235
5174 3014
1301 8404
2155 8109
2116 3059
7769 573
3048 2700
7134 4254
192 5989
6434 8148
3688 1275
757 5792
5864 161
4052 5033
6675 8143
3728 8256
2488 7129
6360 1924
6831 6154
2518 4572
6876 7012
6436 2806
4202 2998
8636 2871
5068 2039
8754 4570
3440 2150
7335 5433
266 7553
3567 21
1359 4383
6702 6241
4870 4471
1448 6771
2246 1102
274 7652
6698 1774
7079 512
7759 4700
6939 244
527 1420
8432 4387
446 4582
207 2616
1360 7599
7205 5068
8774 7717
6793 6855
398 512
4822 7497
4349 3622
4127 2824
1146 4185
7559 2698
6680 5880
6883 5450
6380 4429
229 8161
5539 6154
4782 4755
3426 4649
3226 219
3394 1105
7794 446
5335 1692
8097 8320
11 7154
5044 8774
5544 4985
6628 3243
3518 7251
5010 1301
7823 236
2007 7370
7220 8056
2475 162
1271 1744
7211 7810
1319 4007
1285 5356
2184 7362
2507 8319
7282 3051
3955 5429
6342 6128
1707 2095
663 8148
4569 7040
4530 4361
8088 1592
7099 272
7407 2094
2177 4469
3362 4922
344 6876
837 4645
4198 5244
3901 8754
324 675
4389 8801
7711 7925
2874 6457
2737 3706
6868 5916
5860 758
5326 2979
144 4729
7819 7473
8414 5193
3874 1877
5083 8408
8456 6524
1059 4177
5928 1244
6775 6282
2594 8754
215 7035
1393 6911
6250 3091
1600 8105
2029 7774
1602 4329
6982 5186
8598 2497
7088 723
4932 7800
7334 4538
52 8135
8266 3411
6598 121
5824 4450
2452 5490
3506 2492
7377 5325
2006 4166
4302 3279
8254 8131
5585 82
6174 6380
87 2510
8191 5960
3138 5928
5979 689
3389 7401
3249 1878
4148 1692
2435 6705
4281 4628
4225 14
2898 6891
2728 6698
7096 5805
7163 2973
4962 6615
3866 3042
2027 3493
3239 6999
6418 1964
6101 2285
89 4261
4748 2201
5221 3751
3538 8612
76 1464
7514 594
3515 7030
3376 5439
8809 780
1437 3046
7285 6198
6458 2805
648 90
4299 1505
5542 7465
5831 1428
1908 7429
7721 6774
3930 290
1215 8100
5222 8298
631 1633
8737 3587
4692 7608
4297 6709
7667 3819
4809 6721
2309 6860
2423 7601
7302 7669
4710 1272
7908 2709
6474 5884
270 1708
3965 8346
7077 2508
6445 979
719 727
4265 8379
6619 6389
7430 1350
7178 7224
6211 5022
100 7465
5379 8832
5834 1816
6597 6996
6072 7966
3867 5517
615 1024
8001 1215
4606 2045
1427 7245
8581 87
6835 2449
7982 439
65 1109
6087 215
4919 5730
5443 272
4514 678
1178 6152
3285 7535
5557 8568
8188 3198
5262 265
5278 2257
294 5304
2176 2510
5296 63
1472 9
2412 6665
6724 3461
6692 1141
3448 7806
5264 4035
5569 3279
350 1113
643 7179
8179 4932
7808 1393
3312 6855
1885 7442
2899 6239
5442 4141
3857 6060
5255 4109
959 3361
2167 2208
7744 4187
6624 6863
1911 7043
1844 1986
4638 3703
8142 8234
1989 3849
8621 5038
7654 8379
521 8818
8686 7580
7747 2495
7642 7462
6306 3288
6777 7782
7021 544
1851 8020
1545 8509
8715 5414
2592 6421
6410 7688
2335 3691
2571 647
460 5429
4595 7999
3534 4043
4930 4355
3894 3081
1575 296
2186 4745
8257 583
5717 300
3738 6331
2736 7154
6428 1908
5935 6855
835 959
5106 8689
6760 1335
8560 1590
7005 3108
4075 2819
1767 499
2937 3947
2803 4812
564 8166
5301 4963
7792 6025
8540 8407
2995 5411
2202 3801
923 1469
4095 6324
954 8157
6173 7102
86 4007
4272 499
3337 707
1373 1844
1993 2177
2013 90
7261 225
5274 2606
5590 7250
880 1111
4799 4650
672 2150
5065 2673
4309 2461
1849 322
5667 4212
4395 8086
2233 4461
6866 2110
8743 4387
2835 1998
1848 3408
5243 5891
749 2324
7242 8597
181 8618
6785 968
5230 6921
3379 2231
2889 7172
2453 955
5515 6096
2003 6102
5700 3308
4290 8016
929 2182
2901 660
2590 7159
2570 7325
5423 4948
2275 8621
1662 2446
3737 3961
5168 6235
8149 6434
7123 2082
466 8503
1859 4135
7539 7664
2075 438
8655 7860
4833 2975
1663 7776
3825 8833
7658 6879
2848 3914
5185 3870
4586 363
7692 1777
2210 6382
8111 1289
5472 4507
3611 2497
5081 1662
3111 2041
4347 4963
5704 1650
4701 5829
7785 7317
7085 8117
4737 1157
6867 6193
8278 8035
2827 3956
361 1411
2956 4902
3168 1252
916 3887
6644 443
6481 7513
343 4301
622 6604
4855 849
3188 1719
1570 8539
8103 7008
5675 8798
4410 8657
2560 54
3436 3112
6157 7701
4890 2824
8635 930
5474 4665
7883 6886
5837 1813
256 5281
6849 4621
4850 466
4629 8168
1750 576
403 4746
1557 8682
4059 1590
2227 5070
1950 4824
6340 1467
5270 6841
3533 6314
6007 4054
3563 8761
289 3748
5978 5966
6176 2937
1471 7193
4647 1658
160 1964
1153 1771
733 7549
4319 6837
4193 5534
4070 7382
4961 5290
6009 8326
4358 6051
168 6460
27 3422
4252 6000
8017 2601
4041 2890
6063 6878
3895 162
3076 8796
1329 3568
6741 7396
6189 2449
3414 4590
4532 8797
7967 4139
3754 998
1453 79
3352 7611
8782 785
7097 767
5107 7771
5041 1877
7625 5246
6313 3737
641 3223
461 159
6384 1405
2633 6845
2564 6466
1730 77
3371 7514
230 2445
6456 1480
7987 3429
1045 2277
5680 2571
8138 1125
6118 8017
3197 7208
8491 6231
673 7462
5522 5971
1482 767
8359 6879
7992 2817
8607 2025
7387 4573
1170 5749
3074 330
2135 3308
3528 2623
7170 5439
4611 3584
5406 6861
6561 3292
7953 4216
7076 1761
186 4606
589 6796
7762 1703
7997 667
7463 2507
6648 3243
6821 1832
4716 484
5888 5460
3040 1069
8369 1501
3301 4584
3346 7839
4796 4549
7217 2570
6806 7283
3184 2275
4085 7459
4103 4755
5523 8793
4835 3948
1873 7340
2388 21
2792 7347
2148 5482
1653 3576
447 7513
4236 3542
4303 660
2422 1544
6800 2863
1395 1470
8037 2635
3445 4380
1221 3453
8729 3562
7233 6881
2361 4389
4909 1781
1287 2211
5468 37
7865 5128
605 6974
5355 684
8356 2186
64 663
7183 2863
1572 5789
3233 6645
1122 6962
7107 3612
944 8635
2083 5450
2063 598
7911 3916
911 1011
8546 1986
551 4572
4546 8311
4218 7387
1819 2761
1778 649
3109 7021
5300 6118
7142 2803
5696 140
4578 8035
6290 7829
2741 4448
494 6296
1398 5391
5049 7086
4204 2887
6977 1925
5532 7846
6408 6926
2852 6634
1701 4787
8030 7651
4222 8274
1864 8737
8706 6301
1668 7540
304 2729
6922 3788
5485 6396
1974 4821
7221 1377
5078 1884
3994 6102
4006 8828
5440 7794
2955 1678
5592 5586
4825 487
6358 2880
7783 7483
6356 7445
3012 7623
3236 6200
2174 3102
2830 3295
5579 7292
5266 3424
5400 8742
7232 5916
3266 5255
496 662
5892 1320
8608 4824
5692 328
4285 6528
4527 4877
7052 6771
8676 8408
4884 5851
7155 2152
6073 6473
2050 2040
3007 3711
2948 7073
6640 6321
8402 1412
7840 8772
7592 4528
5813 4156
3287 635
3795 4139
6214 4697
2764 8018
6543 1443
6271 7587
433 1854
6895 1770
4022 3892
3303 6641
4499 4859
8579 4414
6829 4800
3776 1844
8026 1758
8708 7082
5455 3801
4808 7078
5774 2368
4852 7040
5087 537
8459 5775
8443 7499
1789 1471
5430 647
4643 4826
3297 866
1072 1183
7033 5692
591 5371
1573 7698
4717 4950
6 6150
180 2309
1242 3412
666 5270
2756 635
7544 175
8323 6926
4861 8659
3960 5891
6969 5371
6727 8243
1172 8154
2646 346
316 4487
2243 290
7726 2518
4097 6777
6148 6380
7533 700
7675 3691
7188 1690
6059 8568
4789 3881
3000 2497
2675 994
1369 5379
1364 3161
3054 2106
312 6610
901 1644
5986 3725
8448 1686
1061 7577
248 8584
8261 3110
4472 2586
7743 5936
3492 2993
5040 8838
2373 8680
8649 799
4921 2166
4079 36
5856 7275
1459 1903
4444 5018
1970 5011
3749 4199
66 7175
7917 2243
6699 2205
4644 6360
3178 4714
2073 5955
3687 6916
423 3824
1156 6691
4189 8357
1031 7367
6268 1061
8333 1297
2237 4361
216 3007
7171 4582
1216 8540
5877 8338
5708 3975
4863 3739
4524 4350
7673 7381
1321 8432
1643 5287
958 3744
4691 4716
7376 1484
6215 3500
2359 4519
3842 6598
2602 631
1621 5037
4417 5821
5698 1436
1198 8782
3846 7114
2484 833
6394 6271
8545 259
3313 410
4181 5726
800 8636
971 7100
7354 7581
5941 2170
154 6771
928 344
2283 1989
7055 2792
6162 2255
8226 1942
2660 2192
3003 6886
4841 6921
4505 5340
3671 1361
7682 2789
8696 2183
3582 1514
1850 4650
3551 5588
396 2130
4153 7179
1234 6716
5331 1760
5640 1792
6791 2163
1552 4538
418 2772
7847 5202
1647 6628
6562 5718
1601 7059
2340 2361
4223 7644
7995 6855
8735 3574
5254 799
571 7881
7950 5051
118 4869
6880 4516
3869 8789
868 887
5900 821
5790 4361
6508 3815
5647 5884
4564 3976
8691 8034
8391 2409
5452 1974
2230 2492
7932 7685
2199 3824
3342 4708
3709 4179
654 2161
6688 1837
8508 3943
165 4059
387 8772
5420 3422
6799 254
7122 1303
3908 1819
6627 2245
4010 6350
4938 3817
3876 7421
8194 7801
3482 5763
1967 2897
6045 1236
6223 1199
3757 4462
7828 5068
5931 6946
5261 4930
8309 3080
7595 8676
4408 7137
5751 6072
252 227
4941 1706
7973 3743
3280 7581
6828 2050
5256 6381
317 5450
1811 6722
8263 311
1039 7970
7824 4606
5454 1465
5050 8254
1619 564
6310 6161
802 3542
6970 366
6735 588
8457 2397
152 7896
7185 2870
5896 3419
7590 6342
3326 7062
3848 7102
3347 4509
6973 8818
3517 6989
6512 7413
7375 7747
2185 2504
50 5860
1724 4588
8564 144
5845 5012
2735 148
497 833
3196 1347
7976 7122
5932 6546
6163 7166
6909 5325
7978 2805
8485 8185
5209 1850
7104 1566
2416 2736
119 4487
1049 2992
7041 4924
7855 297
6471 8436
4242 1004
6571 6771
8785 7812
872 5590
636 6458
1394 5874
3980 4135
2481 6219
3696 958
5745 4919
2099 2435
6887 1416
7887 7652
6606 919
282 574
7510 8460
7571 8102
7192 2150
8423 7570
3086 6348
6114 8220
2127 4097
2641 5036
3653 8311
639 4748
5712 2
2291 645
1123 1356
7341 5200
4307 2446
5396 4716
8336 7802
4342 254
6590 8557
7894 1903
212 3352
7274 3652
2836 2675
2478 8674
18 5469
4037 8096
135 8472
970 7909
231 1194
8779 3300
6274 7801
3083 2361
2618 5830
7115 2735
6361 2633
287 514
532 2803
7679 7396
8244 247
8380 2204
756 2028
1134 7178
7634 1276
8756 960
7949 3384
8229 189
3981 4034
6288 1694
1184 5870
4090 5792
5342 3652
5605 428
2012 1231
3149 235
6786 6765
1354 7994
5927 3120
7228 256
6050 1174
4601 72
3380 6018
7310 3576
7118 1514
7094 1566
1657 181
6961 1424
5867 1157
6770 1633
5339 7285
567 7135
5987 3687
5188 2758
6703 149
263 5281
5714 5127
3420 916
2001 3408
2771 6861
1281 4183
7482 7358
5153 1679
1338 4242
5750 639
5425 5453
1058 7749
1263 6728
5006 3317
6715 6301
4131 7565
5511 7781
2528 4035
1291 7872
4986 8135
4464 6417
5993 6087
4280 919
2704 27
1654 1938
6579 4784
2972 7623
4324 7501
5272 7572
7816 4502
7229 8657
1214 4210
5137 6658
3476 390
6915 8589
2708 387
2501 3237
1949 2982
2981 1444
771 5977
2612 958
3859 4525
8014 1492
7632 82
293 361
7613 54
899 123
7203 3201
7057 4950
5427 1335
2567 7473
7048 6507
1240 6473
7947 8575
8678 5633
1238 6789
6190 358
3968 2679
4770 4290
2642 8075
2295 8606
809 4441
2600 8161
1265 2827
3794 3314
6492 8649
6635 8512
6948 7046
4602 796
5366 7142
335 5111
1636 306
640 3541
4372 6153
3185 5078
2959 2949
8085 901
8520 1125
739 622
7517 7290
2802 4196
6439 1435
2234 8177
1130 3738
3090 7611
3756 2281
4508 6996
6763 2636
2791 4211
5658 6095
8703 3562
4522 5149
4305 7859
4182 149
8826 722
7355 5757
6024 2412
6110 8468
5247 7605
3017 796
7704 405
205 4806
4670 8798
7318 6692
2932 2202
4968 7819
2450 3742
8083 441
400 5037
1414 1932
1880 7885
62 4659
3357 4835
4973 2183
6908 2473
4061 8678
1233 2919
5668 2314
7712 1771
6121 6784
6839 7673
1982 4691
5519 7996
5073 2006
8439 7801
4396 2621
2583 6862
1620 4166
3820 5578
5904 7229
3752 3357
4274 6424
5991 49
8078 3691
4907 403
5513 5460
2460 8042
1990 1758
1798 6895
1809 5880
6319 6546
3999 8672
4583 484
6541 180
1371 230
2247 5820
4593 328
1645 5748
7799 8742
38 511
285 3000
7491 6763
5502 5428
2754 1369
3844 8635
421 7335
5085 7077
6708 7449
1539 1817
479 4570
5212 7251
3710 795
1226 7501
1710 4889
4495 816
3855 3913
4857 4344
945 2737
2085 5193
3527 644
6312 4055
4634 6590
2134 3582
6979 1844
471 6300
4191 4590
8684 1652
8411 4371
6757 1875
921 8161
6376 2836
2584 841
2480 8217
2380 5014
2348 747
1691 3287
4749 4304
3047 2139
1556 7341
4887 1808
8370 2570
5089 5755
142 6662
5540 6089
4335 2410
5389 8319
2248 4160
1564 3994
8799 3120
8462 3517
5126 8298
6906 4139
1507 2368
904 5781
5548 3021
6925 7593
6917 4773
8305 2637
8710 8459
932 8444
8092 7983
3305 6654
4478 4195
7656 5649
7924 8421
903 800
3043 5523
4526 3040
3658 642
5134 240
1101 3853
2843 7549
2333 2644
6937 4814
7405 8537
3730 7977
6536 693
1610 5726
2516 7007
5494 1953
7255 2016
5093 7229
3822 1947
7745 6616
5982 5339
1599 7324
8327 4985
5496 2265
3789 2139
5167 3766
912 6523
2544 2681
6444 1017
1232 4564
5117 6345
7336 1352
5225 8178
2215 3087
1112 6720
2745 4441
5034 4234
1782 490
3030 1938
1500 4302
8722 3640
3674 1521
2987 7235
1456 7991
4420 4236
7899 4924
6519 6735
8006 490
7009 1272
2111 701
793 5869
1626 3619
8773 4080
7391 3326
8728 1389
4286 2174
5555 8144
5077 8676
1167 6481
7778 4642
8093 1530
742 4676
820 5970
1071 3347
6733 3410
1614 3248
5449 8728
5796 6056
8752 3069
5526 1100
2109 5569
3204 940
7842 8134
8019 4290
8337 1479
2699 4497
480 2303
8524 7285
5665 7082
5465 123
7612 2064
3882 4095
3235 7166
407 8764
385 8535
7901 4205
4331 6590
8241 1235
7758 747
3610 4431
4918 8415
1434 1100
2727 8143
5267 8229
3122 8026
1180 1736
2598 2135
8162 3999
7836 4483
130 3392
239 700
516 3520
1126 5862
7589 4321
1508 6563
8563 2954
8306 5229
1689 8365
5843 355
2160 7762
2293 4455
6578 6754
6569 6542
8329 922
3115 247
1548 7873
1211 275
7695 3709
4463 2451
5889 6380
4910 4876
6013 6739
7765 5012
5181 7846
5613 5097
7299 3440
1528 3973
7948 1772
6551 2427
8489 282
7503 2523
2765 2563
6642 8301
1898 768
694 8710
8733 6711
3583 6512
1870 5124
184 2761
1628 8040
6890 8491
7141 7747
3063 1154
618 4330
4071 1547
8643 795
2788 7214
2341 4324
8454 9
3663 6699
7793 3012
6503 2072
1182 2445
3055 5448
7162 4603
4793 7881
1159 7603
2366 5984
2964 698
7512 2134
2697 3762
3512 2803
3949 7285
2565 3214
4362 6673
4063 5949
4816 6562
726 3209
1593 1117
4768 8247
7919 61
3045 1588
194 2430
7173 3110
3106 5262
7372 4784
6533 590
170 5759
8525 6829
4224 615
6467 3356
8074 2398
2144 5411
5115 4549
3526 7896
2703 6050
5797 5941
2509 5911
1754 3031
3552 2130
8755 8525
1096 2333
2187 6982
1493 2257
4172 1313
5480 6191
3374 1904
7063 8811
4847 748
4966 8341
5158 4629
5682 1517
7892 2746
6061 7409
8222 507
4896 2415
7867 7214
1793 7057
8644 4003
8688 384
122 6152
3246 4520
8227 6645
5674 1285
4576 2965
8321 2602
8775 8268
2365 5890
7237 6099
5507 8346
5313 1318
6717 1142
1086 4784
5322 7571
8726 8747
7993 7510
5788 4991
8611 2793
5767 4583
8348 4290
3131 5325
1186 5386
7254 3737
1607 984
680 1346
7276 1102
5123 5673
4402 5864
5096 7462
3519 3874
1822 8439
4678 2065
5917 4924
354 1465
8497 4764
1021 7503
1341 3391
8815 7246
8253 7135
7886 8524
5591 7031
243 3303
7446 8123
5606 8033
6130 4966
1630 7749
8069 3526
2815 5681
7939 7589
8441 6604
2374 6485
2850 2693
8670 1781
1485 6839
4430 4271
1983 2863
5253 5833
1391 7239
2988 4576
7013 2881
4632 8314
2994 6925
6639 7514
1584 152
1025 7861
2498 1757
6287 2868
685 7829
2428 2151
5283 7414
6279 8557
4657 7520
3816 8234
2985 3106
3530 7257
5723 4664
6441 5111
8113 6542
2089 7625
2928 2192
3642 3418
4201 1827
8490 5460
7912 3053
7641 8809
6172 2223
6142 1063
6365 1495
2558 8361
5961 61
6225 2184
5000 2006
4779 4606
6083 2964
3609 6518
4388 7808
746 3777
6713 3143
5382 1782
2597 911
2548 5837
53 1213
5408 7420
4926 6323
8690 2281
5690 8640
634 4200
310 1827
721 2629
7735 7242
5793 2901
8426 7726
6222 506
2179 53
7568 3391
6740 3763
437 5906
8223 1874
5190 865
2297 2257
15 3846
8507 2890
8059 617
3316 3890
5184 4834
3786 5041
283 2450
754 6941
5101 4190
7406 4773
6484 5206
3545 4281
5277 2918
2296 5966
5702 2728
217 1996
6531 2136
4060 2884
2738 1853
6177 8748
5943 2027
6328 1182
5607 1304
4558 8337
6005 2232
113 8836
8420 5342
2678 8660
7852 2975
6082 7572
2322 2498
1020 344
399 6091
6678 7193
2559 1287
7998 2592
2922 8194
7754 780
6205 6829
6742 2441
3723 7184
6242 1366
8614 7893
78 8190
360 8655
1131 1755
3731 1029
4167 1294
3345 6541
7880 6531
3613 4210
8401 4327
8522 7100
8182 6728
7700 2054
3675 639
3278 3466
4364 3576
412 5100
7844 150
691 1420
1404 6639
1457 8217
5217 8786
3732 3061
8553 5000
1410 1564
5705 1081
1288 6922
4038 7902
5795 8263
4064 5837
1791 4279
6779 3108
7561 6161
8777 3632
1208 7109
4145 1155
1118 3961
2617 6191
873 8735
6145 3081
4677 1479
3113 1124
702 2696
8065 1465
7959 1849
1882 6353
3902 75
6179 1959
7493 4572
7960 6417
7506 2317
4269 3197
7164 5078
2712 159
6936 4649
4872 3831
3729 4734
2787 6396
3722 1531
435 3083
2714 5037
3254 2880
5800 3544
6923 6716
6927 4265
950 7562
4845 4216
264 3971
3919 7227
7620 8850
4373 215
5343 8444
565 231
4786 496
7256 8588
4613 289
3896 4850
3570 2167
288 3396
414 1683
5154 4465
3333 1356
7186 5488
1140 8678
4515 3426
6413 2762
1718 6690
5898 3312
7556 2140
838 5528
5636 6219
690 3081
2552 2953
3549 5852
3458 1143
4955 7949
502 3172
1345 6819
7201 5336
7182 2937
3564 3612
4579 5942
3468 252
3271 2437
1245 2331
1858 3308
1337 3440
7209 1910
1579 8393
5926 3236
1305 7704
4489 1954
8196 1942
7110 1448
7402 7406
1052 8657
3864 6634
2530 6797
7092 7410
4943 7312
7784 8717
6003 7552
3136 1429
7038 165
4581 4227
7857 5391
6513 5544
2841 3901
5178 8233
2610 446
3673 3710
4724 7046
6902 2230
4036 3235
1449 169
1553 6960
4087 8308
7862 410
7350 7086
3065 1294
2677 7137
8461 4581
6165 1675
4208 5706
1609 173
2797 7758
7084 5692
2252 6415
5169 6665
7929 3188
5491 5696
3485 5269
8170 8583
926 1752
6112 759
6976 6461
7534 4753
5142 8636
1392 2381
4306 5371
3299 749
5205 126
368 6923
2865 877
830 8066
7091 4156
2008 8404
5197 647
4656 816
5912 3892
3274 1934
3931 3817
4486 3517
4996 6941
4011 5197
3537 4519
3349 5906
1327 832
6557 3361
7940 5887
2582 8096
2984 8177
4171 6110
245 2013
584 4918
3403 5431
7975 2075
7458 2565
3009 8722
4905 3077
5683 4396
699 4668
6900 4715
489 7433
8332 7063
1551 3590
1918 1423
5295 5352
3372 252
5798 777
4445 725
110 7318
2344 2095
7579 3338
6448 1137
3802 152
7415 7655
6170 3074
7081 2677
5734 8786
102 226
766 4782
5192 1567
2377 675
6464 4471
3769 5607
7053 7078
1828 1208
2883 3440
1831 4191
7586 1389
3828 4422
7750 7005
3807 8144
4901 2753
528 5981
2468 4478
6545 5296
4752 1719
357 5911
2096 1782
4292 7665
8514 5391
5345 8415
3215 5757
7795 8608
1246 1350
1203 4938
6391 394
3079 3770
7127 8460
5047 5312
4440 660
7006 7548
4513 415
3294 5430
1083 7565
7607 6398
2588 1018
8665 4254
1440 2994
6934 1291
3276 1124
6933 2083
8698 402
6244 2262
3654 6340
3401 5788
6637 7141
2122 6331
8730 6152
8313 684
6094 1849
2534 3821
7705 7059
5497 1080
5806 1241
646 1757
3712 6373
3355 2279
3923 4996
7868 4999
6595 8730
5815 869
2524 8360
5929 7052
6116 8101
2129 5510
1468 7193
8127 3671
3717 7035
7971 1186
7777 4737
1660 7166
1638 130
5721 7655
5311 6463
3008 6050
6232 4307
482 181
2440 1075
876 1218
145 1115
6778 2977
2668 899
550 7793
88 1670
986 6179
8753 5689
735 354
763 7874
3785 5083
8519 5339
7133 4277
8271 1504
8716 1551
6149 3510
3167 7204
7979 3513
1283 7375
5756 6569
3772 5101
3284 4892
2115 8386
3002 2673
7330 8338
1734 2632
4332 6457
4104 8609
7306 6166
4240 941
2267 4420
542 6786
3020 4659
7515 769
7447 1025
1407 2223
5297 8191
4908 3420
1309 6062
7001 1252
5533 178
5045 1561
6141 4471
2798 1256
6843 900
2650 3590
7244 5488
6802 8733
197 6727
2767 5682
8435 2269
3486 7025
8844 6290
2656 4770
3997 6472
2330 6051
6420 617
200 4222
6585 5276
2249 6321
3332 5324
5025 935
1532 3728
3702 5208
6591 5267
5136 8746
103 7839
8541 8311
3884 1272
3311 5362
7639 2454
6910 1369
7786 4604
2466 1557
3462 4043
2194 1288
7624 1846
4379 6936
4781 7276
7822 2602
2483 7599
8645 2549
3813 4379
2825 6082
508 5369
7307 7645
8784 4760
8760 821
5282 6760
949 3747
7845 4486
933 5414
8071 3819
8620 3722
2319 5092
2526 357
7787 1267
8434 256
4795 3280
7266 6056
7298 5865
4681 412
1921 1471
8652 1240
6401 3910
5616 690
4072 3895
1985 6911
5057 6321
8843 7642
2657 4198
897 6449
3218 5659
1165 2466
5027 3047
8128 8799
6339 3308
2944 6756
2071 1710
4843 6939
4496 7556
7090 494
3036 1626
8099 8087
2502 60
2035 1831
2760 1935
333 1918
5778 928
6762 8441
1400 8634
3001 6089
8155 143
6614 497
5882 2297
2690 6191
3245 7468
1225 5320
3782 7233
2200 6443
196 7217
7095 1817
4636 7406
47 5398
924 3352
1973 636
2946 1122
5031 7143
8276 433
603 4190
2837 3793
6820 2514
3918 1090
6751 4500
2782 6676
6755 3287
2438 1638
7933 3373
4797 7630
2569 2024
4560 3392
1087 2644
4081 8591
8469 1192
4688 5792
862 1007
6540 2995
5456 7898
7952 5973
7877 5304
2927 7916
1902 7343
3529 2517
6603 4782
3979 4738
4722 6463
2092 8190
898 579
3159 8078
6264 631
5552 8327
2353 7350
8479 6461
2031 3900
8159 1638
6874 1872
606 2324
8046 7006
695 7102
3154 8332
1516 1351
7210 4407
8334 6092
4341 5222
3291 5912
5930 634
6750 3468
7345 3035
6501 8441
2846 6286
2228 4679
4913 4181
6020 6800
893 942
1284 7417
8702 3849
7797 7118
7575 7246
7733 8522
2515 5917
2719 3083
963 7816
8694 5044
834 5911
5842 1378
6812 8182
3344 750
515 5297
6247 7966
2310 2112
4384 4642
4906 2521
3718 2953
8630 5666
7789 5866
5529 5158
4351 3397
1727 7685
7502 4937
4289 6360
967 7879
279 7092
5238 4293
8352 3916
5873 5705
6736 3859
2044 3517
2048 4063
4997 3836
2974 4355
3814 957
448 3639
1598 5171
5316 1604
6766 8663
4460 5092
3135 394
1742 7192
6804 8224
5144 1429
5271 7669
5054 5170
8171 2564
5567 3429
6649 5197
2049 2653
5075 7528
3340 4486
7617 5025
6004 4103
6156 6774
8242 234
4933 7081
5819 3328
5947 2567
4683 2176
7278 531
6014 1378
953 7287
3565 1844
8496 2671
4561 5780
3875 1440
927 8359
2385 5528
238 6142
1355 1904
7126 1241
3457 809
151 7794
2891 2510
8778 2942
1243 1939
3331 5254
8604 1601
4105 1478
5432 3153
5850 1028
3670 8329
6599 7950
3577 2322
1887 2609
4853 5267
6498 1596
8176 5904
1295 3615
4040 2057
3953 5804
2206 1338
5314 2798
745 2252
1510 8652
2214 6056
1615 303
6123 1528
4359 3748
1745 7885
7315 746
3114 5080
2070 8715
1721 6061
6844 4161
8667 8221
1367 6692
1511 2163
3509 4037
8230 8850
7663 3895
706 6779
2630 7495
7416 6389
5248 8597
108 2202
4875 6915
5060 8653
1509 2376
4203 2784
3433 3266
4503 7912
4470 8431
8340 1484
4849 83
4980 994
7388 1241
1698 7466
2581 2158
1066 6484
626 5896
4868 929
4780 2992
5711 1203
7530 7555
2710 3016
7311 6832
6480 6373
4284 4389
8668 5597
1976 4678
331 7913
3784 521
3759 5650
6998 282
4754 360
3600 7630
4719 5491
4819 368
6646 7993
2469 8069
214 1192
2813 5951
5447 5343
1659 4361
6898 7028
3217 2554
7525 1985
5747 4206
7072 4468
8527 5833
7139 5534
5164 8036
6942 2796
3649 4497
8290 8206
2137 4373
1262 1016
7931 5196
6477 5636
2963 77
8342 6513
6842 3777
3354 6196
2786 5339
7450 7776
875 4545
4534 7769
3240 736
751 5576
4039 4657
3985 3703
8697 8695
5495 3015
4653 8526
5802 5992
5581 71
8279 3084
8258 5255
4648 2223
5383 3898
4757 5485
6980 2064
2674 143
5654 6570
67 2617
1820 4786
2238 2880
1177 1727
3982 6590
8613 2526
892 7424
7457 3518
5826 4591
2100 2402
7798 7038
308 8577
4100 1468
1796 3812
5333 4037
8484 6939
4124 1031
4777 5851
2980 962
5662 8668
8345 8519
6859 3693
5709 8541
4114 1490
5572 2871
1009 4996
4565 3355
5990 5149
6509 3693
1671 7343
1132 6892
7305 1971
8429 3744
5508 6633
7803 4281
2810 1004
3327 113
2472 1141
3151 6645
261 6235
6594 2530
397 3240
5940 3813
1538 11
5023 254
3421 7639
8738 5930
8385 119
2934 841
3625 512
3099 3613
1264 2865
1368 3564
3425 6208
2356 6270
4375 5001
2669 6360
4720 5516
8399 8669
7328 1281
6795 8489
6168 8176
6655 3738
386 2565
2056 7526
3358 3533
8184 3278
8555 1897
1323 6131
2337 8656
4893 5536
3315 1738
3177 3316
3847 5798
3256 8578
3386 8675
3560 1134
7080 7059
712 7879
4112 2829
2726 259
5476 7901
987 7735
4067 4124
1893 1570
4311 8742
7770 8065
6482 4745
8358 6480
3905 4488
2862 5189
314 2256
1050 5004
8693 5938
8381 8518
4802 1805
2914 2201
3503 1029
4155 6906
2961 8497
1634 7783
6553 7846
4882 4694
4048 7075
449 7110
2142 1804
4415 3413
7742 2926
6343 1627
4288 3839
6272 8309
2216 5214
7070 7450
5972 5819
8601 7298
8595 4913
2938 4282
3363 7501
5240 3254
2755 2655
4671 6174
547 2899
2511 2170
164 8230
3238 2071
1546 6740
3967 7985
8225 964
3228 507
378 8694
1979 1054
625 4812
4213 5505
7636 7021
4540 1890
2866 8392
2916 4149
1845 3156
2436 4783
775 6062
228 6176
5822 5581
5562 3372
3599 7066
7805 1009
6608 8283
5746 1339
2023 2203
7319 1359
3144 4540
7725 1879
2271 3601
7508 3747
3646 3673
3927 2157
8792 2501
3058 7661
6351 3408
4744 5419
7394 608
4433 4388
8433 8541
5039 1888
720 586
6450 2285
4689 1045
2717 4528
2512 4138
3190 123
2209 2571
6336 238
4031 5668
5195 5284
6229 6553
6940 2131
7951 8113
5062 4384
3234 2349
5338 3058
7969 4574
8410 4854
3681 707
6928 5239
2733 5624
5009 3058
2363 5465
7024 3570
878 6424
1076 555
8205 3426
367 290
1013 4492
6159 7232
4944 5658
828 1579
1062 7942
5910 7052
5028 8843
937 3017
3780 5188
3454 2211
4805 6101
2467 6318
2033 1141
1300 6287
3778 3769
3387 5572
8004 4638
5933 2806
1474 411
8350 2881
3367 6191
6788 7698
6069 5373
8048 4526
8724 6880
1582 3918
5250 3157
5492 681
6729 1485
8292 7085
505 1091
2463 1107
2603 3650
5598 219
1324 1852
8582 7289
2173 6619
8367 7859
1637 3568
2566 7362
1966 7552
6526 854
688 312
4014 633
2316 5528
7814 3796
2098 7234
6132 7051
3229 8117
6947 5856
5125 5225
1181 837
5405 5371
4637 4851
7594 5704
1032 5284
6700 6598
5459 7566
6537 4765
6679 2489
1764 2424
2759 5975
4094 5401
1 2583
2620 5457
5897 3353
5854 3229
3561 6310
8339 61
7440 1444
5742 238
2496 1190
6291 2703
8312 986
7152 7870
557 8461
3863 3351
1209 1419
2757 6985
1030 1541
1168 2000
7045 1604
1152 774
3365 8247
5150 3973
1432 7913
2505 7995
5444 3539
3038 2850
5219 8760
4045 7998
819 3082
5074 2569
3210 8817
4828 7861
1397 3577
3641 1921
325 1825
7708 882
4597 3362
8235 2031
7351 2794
1068 361
6694 5663
286 862
910 2492
3377 4176
2120 6803
3608 8252
6052 599
5645 8714
1856 8581
2178 3646
2576 8414
7546 7399
6295 3266
5120 1075
4323 3000
7273 4380
7866 286
1358 2825
503 193
3740 4190
4766 1291
401 5081
3851 1960
8812 4188
1646 4373
3320 8676
3835 1317
6539 5522
1732 1911
3661 1483
2272 5797
8513 1593
5354 2616
5919 4590
4136 259
2292 7436
4159 3312
1067 1575
7373 6219
7149 6424
810 7664
3899 6955
653 3612
5879 272
5055 7341
5630 2430
2125 6222
951 2890
2845 6234
3092 4720
5720 6791
4711 6948
7194 3999
7869 7084
5920 701
6427 1054
5974 1538
2308 7468
3322 3392
4230 2080
3588 7798
8707 5382
5426 2785
2935 7669
1336 6649
3478 6255
7339 3059
8768 6526
5173 8078
7542 7762
6002 1511
3267 1968
4556 8019
6127 401
1334 6288
6931 8489
7454 5892
3909 5020
8771 7493
3944 7751
5899 4380
4836 5386
5133 5943
4231 8078
7353 843
6368 4713
3444 480
2019 7983
7817 5481
2036 3242
5787 3865
6767 8496
4610 1641
2090 5459
2713 41
7395 6512
3938 788
6220 6011
8504 4850
6572 6200
6330 5586
1386 6992
1847 208
268 5873
1515 5213
8199 6382
4130 2420
4731 4574
1883 3910
2455 3214
4718 467
546 7387
5082 820
8354 435
2682 5792
8032 4205
6491 1553
1322 6487
2920 1968
1746 2825
188 4532
4381 3353
909 6492
2482 6261
220 4782
6437 1622
2722 619
8556 2697
7027 7788
8240 1778
8390 8103
3852 6382
204 2871
2748 7341
8343 77
6135 7321
7609 4838
3318 6284
8376 4808
3685 4202
5722 4943
5962 5396
8470 5133
5739 5680
176 4420
182 4097
7923 1030
7023 8645
8810 1170
5119 399
255 8601
4881 2518
1173 1285
5332 2638
3651 1976
2688 7443
1946 1039
6143 1153
1786 5366
6369 3544
778 2847
8744 3640
6483 3503
4695 3890
1677 2406
3799 7872
7854 5348
1889 7103
3893 3799
6653 3868
1737 1411
2062 2495
2364 6809
5733 1832
3498 932
6798 3240
7253 477
3969 2007
4405 4835
6248 129
323 7212
6377 6163
5876 3588
1237 4600
5245 8393
1381 2545
5015 1822
5145 317
8819 5460
6468 829
6617 6294
4382 481
4015 1819
3532 4928
1799 5487
7738 331
817 4650
2370 8326
6077 2446
5857 854
8647 2142
4194 2708
5148 1588
7158 7505
661 1026
7729 8422
4946 3480
2532 7942
915 5105
4867 4285
8831 2582
7547 4655
6522 1235
3680 100
6375 3177
2626 3474
7689 1512
2663 2589
894 6860
6669 7036
6074 4648
6647 5263
478 2044
5135 3444
4032 2428
6582 904
6081 5253
7019 5675
1175 1786
8627 8216
5950 6001
773 1085
652 1216
1583 7948
6103 6638
4243 6612
5210 7317
549 269
6364 7559
1943 4338
2117 4297
4150 3756
6184 3292
8751 1906
7452 33
5758 4975
2141 568
44 3138
1206 5800
5064 5460
500 3675
1842 8562
1926 959
3666 6738
4363 6867
7439 4451
1357 7613
4232 676
3105 4488
7574 4546
8124 6010
3165 2029
451 2758
6432 5507
8009 652
1578 1061
6406 1559
2929 6493
3431 5170
3912 6161
1944 1389
2145 8640
6430 4234
4646 7399
7871 7101
1595 1311
5988 8618
5626 6099
3496 5888
4551 7424
3811 3402
7313 1099
5651 1423
2143 1059
4053 8842
5227 1893
1442 8799
5280 5651
3348 2366
3139 7137
2407 3672
6773 335
1661 4333
5470 5775
2447 3067
3455 4992
7650 8352
2587 2812
3823 4825
1129 4142
5288 6505
3126 506
5848 5137
6978 8278
8265 1584
2639 10
3247 5858
7804 3280
5777 5821
8394 979
2084 1905
7147 6555
3095 6336
16 1397
6038 8411
4727 8569
34 7235
4276 7143
1260 2664
7011 7994
277 8560
5088 8521
5648 7920
7390 7208
570 6275
7954 7118
7811 1698
1385 4114
4979 5202
8498 3239
1815 6976
8834 4402
7888 4301
470 4572
4493 2745
8133 6979
6276 3233
3227 1109
5471 6892
7131 5275
7600 3565
762 1648
1726 7528
6952 2125
8631 2099
1103 6332
1843 3435
8031 6679
6147 3578
3199 6211
1331 4191
6995 1633
7730 3672
1728 4307
1841 171
3071 7316
3643 5240
3850 7060
8790 7034
801 8257
4091 1143
127 3584
6187 876
3273 4835
4021 7186
3879 4733
5503 4672
5980 5871
4175 5568
1463 3565
2355 4752
4504 3626
1895 3150
8594 1036
4120 5702
1666 3702
5835 4537
7486 8525
5594 2031
2766 4087
473 3267
6629 6880
8029 5133
7187 1039
5019 7748
475 776
840 5767
3133 4591
5558 785
1299 7307
6794 3528
4844 7670
3212 4944
336 2948
7064 6312
1794 1727
1766 4495
6611 2731
2651 4188
3381 7686
1008 7577
8685 645
545 6758
3760 7885
2879 7197
4627 1273
2132 7179
2222 5513
6194 5200
6372 479
1450 6415
4453 416
2193 2743
3962 6370
2334 4796
4662 1044
2500 6302
1540 4061
3996 865
1927 7534
8025 6396
5729 2222
6768 8092
7621 2679
4874 494
6285 4094
2032 5720
5393 8292
8121 8345
7821 8674
3163 7924
3339 4962
4736 919
1940 159
3704 2339
4485 8490
8451 4059
4494 6742
5575 5188
6021 3671
7522 3916
7015 3182
891 304
4807 7601
7878 2229
5102 6686
6228 679
5372 7729
1249 8124
206 1203
6764 6923
8571 4945
6576 8156
376 7917
1269 6355
3225 7825
7252 6718
3700 2095
8430 4076
6023 1553
7485 3875
4883 3567
7156 8343
6556 2170
6404 1358
4134 2488
978 3473
2828 6068
3415 4185
6517 2559
211 1072
5915 3996
476 4089
8324 474
1128 1493
7404 101
5122 4307
1012 2666
5818 6794
96 2605
3604 1864
6672 7817
7527 3914
3690 2624
8260 2142
6133 6480
2872 3896
8070 4519
5021 409
560 6106
6963 7147
5641 1024
7451 1870
2066 5507
8549 151
803 6541
3321 6191
8625 5463
4458 5960
2860 3274
1912 2710
1230 2823
8450 8570
1201 898
4369 7320
4848 894
125 8365
806 8692
112 5106
4411 2199
7591 6044
6651 6125
5772 110
3806 7335
3936 8125
4229 3083
5878 8194
8565 7342
5847 7454
1681 7044
1577 1927
6851 2819
7573 1297
5365 7774
6055 8845
4370 5044
2695 2401
6263 2003
5812 866
791 8142
7002 7603
4801 2117
7222 136
8646 2901
8835 4234
3130 1009
6053 537
3484 6649
4953 5456
393 1233
7112 1500
7231 2507
711 7936
5710 1154
3915 8031
7106 8797
2306 3347
5199 3658
6280 6302
445 6328
7697 7879
8282 5657
2578 4286
6924 8578
3263 2623
4743 2691
4365 928
2593 4545
3499 6457
3103 6500
7408 5174
408 680
4219 3915
7741 4420
7477 8346
5486 6771
2383 5692
8587 667
1867 1339
577 4585
2912 4809
5151 5318
3906 208
6865 7727
5545 8379
7853 5209
4295 8049
600 5270
6893 8432
4539 926
7830 8805
522 6883
4476 5510
1451 7149
7768 1285
715 7747
453 4876
4173 4679
8776 368
2274 7578
1148 2839
4575 4288
3064 7232
8197 7073
4788 7410
2611 1745
5817 4843
5524 1668
4084 3228
3252 5451
7469 2844
4129 1007
7737 7399
7247 4411
7914 2582
8091 8716
5163 8036
4207 1291
8255 4155
4249 6573
1900 8537
6338 6665
319 4045
4987 3285
7838 4610
4891 6707
7496 7824
6440 5482
4266 80
4904 3413
5565 1148
5799 7100
6476 1158
6814 6096
5686 3051
6064 559
327 200
1384 4677
4318 1073
4047 3495
7293 6700
7643 2847
8073 2562
1735 2119
8355 3942
1672 1194
8780 8352
4157 5512
5328 2437
267 715
2831 3071
4122 3542
4723 2836
8079 5625
1676 6485
2970 5929
632 3509
25 7485
3508 5663
6566 1762
8757 3691
1462 5097
3310 6063
8673 8708
2354 5411
1139 8247
3664 6923
602 2982
7915 3357
4418 5055
3169 5173
8523 7688
3951 7526
4983 121
6954 7949
8405 7647
8734 7069
3735 2235
468 347
6178 2791
1002 5356
1042 7365
8060 3476
8727 5370
2270 8071
8140 4519
5617 1877
6988 7062
8106 59
7058 2334
738 5971
3638 4505
5007 2344
779 3209
4137 1459
991 7917
48 237
8211 5312
2607 8483
4952 7501
6414 4118
3524 1882
3006 1046
6385 6440
3350 1642
5076 258
4666 3821
2439 2081
3104 7499
4730 429
5361 3685
6325 3370
7543 593
2842 5747
8572 2709
2268 3386
1163 5058
6058 4613
7779 5065
6086 667
8418 4812
3937 1090
4339 1780
6894 269
1097 1210
8322 8353
1481 1831
2020 8189
5090 4157
2686 5048
8580 4020
7329 331
7974 2091
374 60
5422 583
3804 3692
4652 7911
6783 1843
6137 2565
5956 4994
8639 7060
2251 4922
3101 4320
3546 5134
2465 653
7827 2435
29 4065
3213 578
7180 5576
391 6441
2226 1849
6858 6074
3773 4724
2820 2353
847 1638
6479 7224
8214 4201
1379 2988
3714 4095
5236 4985
3221 4257
6035 6735
4912 4905
572 5561
5024 8516
2529 3313
2051 5367
867 4744
8709 6351
2628 6624
3029 6004
2622 7231
3556 4522
5211 2145
5602 2012
6039 5674
104 4595
1248 768
6146 7412
543 5718
1138 3504
3990 2964
988 5855
6409 8157
5728 2451
1571 29
8658 5613
8186 2471
4077 5206
3502 1591
1040 5597
4531 7075
8550 518
4178 1961
936 4049
2123 5209
638 5730
1963 7582
3790 4904
7471 5107
2859 6845
4403 7735
1810 367
5341 1662
8024 7742
5104 8604
6516 795
534 2985
2154 330
3329 490
8277 6009
4982 8238
3871 8725
6289 3114
3393 2998
4885 978
6494 8634
4246 898
1251 4138
5577 3013
3116 7504
3596 6168
2856 7133
8219 3802
5762 8387
4459 3752
5934 7520
1344 4080
4326 6300
2350 4464
4446 3987
6028 7960
201 3014
1980 3654
114 4513
7243 893
3216 5806
7934 7721
8373 4912
1421 1155
6252 2045
7926 515
7521 7142
6488 8609
1697 4664
246 3553
5298 3447
7448 815
3117 4833
3399 8178
6431 4146
1952 1267
6964 6653
6041 5672
1114 5378
1253 566
2908 4037
7270 6789
5732 2818
4316 1948
3903 2563
1136 7517
381 2035
3635 1589
2038 4564
3665 1976
8043 7940
1534 4499
3627 3060
3359 2927
3134 5155
2030 3038
1790 3274
5183 886
7488 5267
6986 3249
4811 7112
1655 6157
6714 5726
5016 3798
4066 331
6462 4777
7083 915
495 1269
1717 786
5223 7727
3255 3377
2429 2387
8236 1685
6664 4895
8637 258
5462 6385
7434 4538
6098 1471
3336 745
1733 2644
2419 4359
5664 7241
3620 2191
6871 5330
3206 5790
4325 6156
7216 2446
2807 572
5849 4963
8007 3798
823 1670
5883 5353
2941 1268
1994 1021
3716 6655
3920 3475
1408 1032
6846 678
4056 7091
4623 3648
651 3564
2180 8047
4542 4779
1488 8834
2608 7369
6792 8128
2958 192
4829 2712
3957 2310
4510 213
1089 6686
7357 483
422 6528
3417 2405
5608 6022
5327 3710
7000 8065
4759 4243
6470 7582
2886 1036
4491 6286
7958 3504
491 7747
3471 1637
6327 7564
540 1990
5176 5565
5771 2696
4336 1925
1038 6591
3662 4170
5902 2657
4416 909
938 4780
2613 6112
3800 7936
5203 6386
1219 6788
2661 2638
6671 2004
3118 4255
242 2198
3383 986
3132 6196
7308 478
1956 5665
8711 5167
1834 5230
6825 269
8551 4610
1527 6545
4747 1283
4791 8240
352 4822
3618 5439
3049 5185
5403 5793
2074 8135
2273 7988
1147 4974
2687 4023
13 1724
2809 1467
5002 5586
8638 2155
8 8325
4180 5797
3628 4722
7943 2099
56 7658
6677 7812
4119 8786
3585 3496
4479 8689
972 3168
1723 8258
4378 4148
111 1464
787 8771
4702 182
4447 2304
6668 7402
2615 6157
6790 8583
6811 5270
2159 3904
7177 5621
1743 4002
743 4811
4837 3070
1915 3625
4262 1538
4000 8821
2079 8334
224 5128
1314 8519
501 7048
8273 184
2346 2590
7895 8655
3272 220
8210 8187
2947 2957
761 2965
3970 2827
8438 7112
8089 2676
3606 8744
1975 286
7523 7145
7657 2179
8304 2891
3123 7271
3550 5420
2902 7891
2950 2530
5418 7151
5779 3489
2707 2146
7760 1531
604 5030
8531 8215
5292 1349
5141 3080
4988 27
457 2001
5863 6766
3472 719
3368 6995
6652 7644
8808 114
526 4041
4658 4094
32 60
2952 5929
5461 2100
3878 6944
4998 3119
1254 4
6171 2020
1576 1478
4069 2603
2795 2769
1223 4475
3195 3912
2494 4435
3364 1337
6956 4921
1667 4147
209 636
3715 7829
6558 6012
6266 6372
8767 867
5541 898
1455 14
6067 2998
3282 4469
1133 2683
5224 1052
3025 4392
8446 8369
232 8058
8480 6235
2774 295
7039 6750
2241 2319
8664 2881
132 7331
623 5058
2147 7886
5349 6094
7583 4534
2627 7395
4529 5397
6997 5330
4340 8097
5832 3881
1055 1269
3954 5036
3656 3845
7267 719
1829 422
517 172
3911 6373
5913 6187
3586 8847
1574 7302
7659 1654
1894 6056
5086 3643
6455 6595
1688 1734
4473 7578
5226 3583
8816 3220
7386 1114
464 1299
8011 8288
420 325
5918 320
345 4975
7558 8255
2522 7331
6869 4901
1763 1188
4237 6767
7004 7396
2715 5253
1001 5269
2244 4512
6490 3519
5637 1039
8195 5588
6388 3848
630 7672
6451 6839
7557 3620
5129 5190
977 3989
97 2576
2175 1350
2533 7211
8347 272
28 2456
8592 4371
2299 5575
7397 5913
351 7212
5838 3650
6315 5871
8615 8577
6037 1866
7260 6610
5643 450
5679 1254
4264 7372
4880 4944
6030 2825
1753 3011
5676 7441
538 7830
7327 3520
7622 8379
250 7473
157 7961
8152 2494
5615 7019
5231 4926
1543 4019
611 3300
7200 7762
1380 8263
2730 4668
4550 4810
2895 8294
3171 6074
3827 3851
1739 8503
4093 6280
1611 5838
4322 1331
7807 7497
6029 1168
2126 3484
1920 8105
8721 6560
4144 4025
4654 8015
4434 4680
6090 8119
1022 5539
6036 3489
5483 4766
5 322
85 7471
5957 5199
131 4281
4317 4980
7474 3266
4879 6865
1015 1975
3803 507
6506 3822
2069 4765
889 2203
7174 4658
3889 2251
1992 6746
8045 3429
7739 4369
3750 6582
5052 1940
4625 5798
6446 1991
3121 7442
1933 8232
5234 3058
7524 5800
93 1131
7619 3522
6663 3260
7906 6704
5596 589
1116 4208
5467 5022
4903 4998
7132 6997
8758 2427
1078 5671
5530 1157
6478 1230
1917 3404
1196 7886
7946 5430
2537 1962
1402 2856
4939 5121
2213 5420
8492 6619
116 329
4756 4923
2162 5926
7635 2675
5285 682
3323 1232
4935 3005
6981 4461
4739 5327
1776 51
5811 8776
1037 6231
6078 6999
7460 3274
5825 4837
8371 1102
3066 2448
4386 7631
3594 5517
6920 7488
4609 2066
3052 1724
7054 7282
5108 6140
4111 3641
251 1701
5669 7250
6335 8025
2780 6861
6262 7312
7728 8459
6723 5403
1751 4372
6857 6524
5574 3031
7957 2622
1814 7807
3302 7260
4275 3066
17 8360
1413 3470
2599 5688
4117 587
3406 4095
5358 7001
3400 4428
8022 7054
45 1996
2195 8669
3189 7261
1812 4329
1585 8340
5063 3819
2971 2107
1306 2256
392 4868
7366 6891
3261 4210
2486 464
6416 5528
4846 7386
8807 2234
6259 3169
8455 3941
7003 989
4154 1544
1623 6443
6139 5643
1185 6902
1010 1250
7753 8560
8841 4654
8084 7985
6949 5675
5964 5798
382 6307
2378 7204
7470 7472
6213 7417
7225 5819
697 3922
7884 7414
4437 2222
8558 7745
3797 6751
3555 6125
3027 3167
2705 8802
1417 2931
3324 6163
5402 5770
4457 4920
7740 7221
2286 5965
1565 7381
990 7764
318 6727
5803 8422
1687 1323
3557 118
7629 6280
8529 3909
3304 1400
5323 2712
8447 8644
6465 7064
2969 3209
1807 2987
7716 3954
2190 2696
8765 336
7875 8196
2604 980
2254 1066
2264 6038
3258 78
8218 3409
2462 876
5204 1689
3275 4841
1916 2640
5546 3283
3589 231
8120 8337
7876 1921
5670 3455
2966 4189
4732 3968
5859 1511
2923 5850
2169 8043
668 3167
8515 7695
6840 927
6136 3561
2087 8247
890 4549
8661 1360
3004 5260
1612 6712
2425 6934
6872 2435
2351 2203
1302 7977
8175 2495
7972 2891
6670 2690
5069 1373
6486 7960
2181 5326
5786 5261
4241 5448
5635 7420
6932 2901
781 2525
1712 544
1220 4615
2360 5038
8412 482
332 5855
8704 6320
1988 4358
6984 1225
5543 2719
3897 8493
7478 1982
3669 201
2318 2772
3837 1300
2864 809
7507 3846
1376 6937
5914 7072
2287 6096
4804 4554
6216 5607
4541 8221
7649 1209
6254 5311
6383 6970
1494 4293
956 1252
4308 4431
7037 1453
3173 1065
6397 5574
5321 1626
2224 4324
4698 5436
7856 5750
8482 2576
713 817
6834 3695
7176 1090
2900 2610
1857 4784
3443 7366
5056 7463
846 6363
6407 4305
4046 2347
3877 3955
1433 4789
146 7952
2580 820
5071 956
4328 5435
5299 6142
1340 3101
6693 4786
431 7066
7383 6177
597 5900
8449 7503
6674 2450
5827 5394
3441 781
6129 4618
138 4854
561 1107
7858 56
6167 3753
20 5590
5903 3489
6183 1208
8132 7556
1430 3069
3521 103
585 2359
6901 4169
790 28
6238 580
5707 127
3483 285
2034 7102
3593 3899
4345 2741
4740 7679
442 457
3460 3532
1869 5917
6201 6638
436 6607
8064 7394
8267 5514
8530 4743
4313 1216
2168 7594
8331 7417
5886 8152
3764 5104
3490 8524
1876 2483
8400 3542
1594 7308
1680 7994
3164 6132
1053 5412
2776 6805
6260 2030
1632 8733
3694 6509
8200 2430
7105 1414
8377 2843
5410 7105
8548 5572
6875 6124
3633 3763
548 7280
3998 6406
848 7555
1526 8082
426 6202
3598 2970
1618 2252
6269 590
8213 709
2568 7887
6329 5065
2551 3509
3707 829
7467 4211
8759 5729
3432 4608
8474 7610
8239 7580
2967 4141
1597 7730
1064 6778
1298 7182
6625 3270
4337 1213
8517 185
6577 4361
8499 8153
5601 3951
2625 6927
6943 2622
117 1109
2672 8058
7344 8069
4555 2230
4785 7195
3187 8777
6108 2064
2138 2603
8427 5861
4233 7621
6374 4072
8633 4634
7087 2453
5475 5956
3088 5877
1458 577
4673 7069
5760 2378
7374 1067
1204 3472
1957 6976
1362 4329
8080 2391
4113 412
7435 4588
6938 3677
1649 6503
718 3122
3860 1324
782 1173
1372 237
128 7705
5177 5525
2332 58
5595 5838
6454 5413
5116 2208
8739 6936
7125 5935
7146 8046
1325 1531
3032 1559
2444 2979
8198 7876
8270 493
4873 5136
1277 8064
2816 345
5198 1588
190 3887
4467 4968
5375 723
6630 856
5477 6319
5066 3565
1835 6664
5985 3759
8476 7353
4506 2523
8534 5481
353 1126
7694 5724
2903 684
4669 6474
133 5746
6107 1327
4521 5461
2433 8327
4406 6188
291 8069
7360 4035
8145 1210
1656 1052
5084 1513
4651 3117
6032 6793
8442 4425
7820 4728
5518 5954
7277 1934
5395 7325
8494 1922
8062 3321
5810 2895
2662 525
8409 8298
3705 2374
8397 5436
3826 468
2894 392
1342 2571
6105 2679
6438 571
8008 6174
3289 6831
2808 8487
6897 4882
1426 8302
2732 583
2933 1596
4248 3645
7198 11
7295 4167
7518 1300
1929 7761
4592 5948
4661 6235
4247 1050
6719 77
5610 3021
885 5436
2999 8516
7790 7589
8806 8663
5309 4335
2684 3865
3166 18
4078 351
2326 519
5959 6880
7602 1826
3306 6408
4423 2674
7680 3002
6158 4138
4934 2212
2491 900
8012 5812
6243 2178
6249 5562
2550 1273
7428 3631
8398 6760
2172 8570
472 4994
6710 7162
5853 2057
2665 2807
7676 7493
3854 7442
6991 1288
1522 5880
2320 7806
1525 4477
4268 1633
850 3905
2294 1745
982 5652
8172 352
4001 3375
8624 4747
2721 3790
6502 1793
1981 4003
2851 6346
556 2436
1258 56
3062 1691
8827 799
6033 7880
4009 900
3203 5411
3888 6011
7323 640
4215 4444
7963 568
6734 449
6283 1006
98 3149
7563 32
5752 5505
2323 4243
6400 8132
5564 5024
8297 5160
794 8653
7303 3108
5504 763
7111 1040
5103 5331
1833 69
7258 4195
6547 6918
7767 5349
1999 3942
1695 2556
8289 1010
1784 5929
4226 8056
4598 2886
2506 589
3614 1426
3464 7424
888 2121
7492 7551
4028 6066
2749 1116
1624 3305
2893 8525
7731 6898
1370 2003
7338 1250
6292 8114
3858 7160
2189 7387
2520 4114
4993 7186
3385 7602
6489 180
6016 5411
2259 4017
309 4164
1084 4211
1047 6677
839 3136
5249 6836
4587 1992
6354 8571
4620 5222
4315 2799
3428 1140
5235 2659
6422 4038
4400 8370
1027 74
4073 3898
3491 4656
222 5387
5308 7977
5446 102
5660 4429
5182 4033
3039 4131
6497 5798
533 4708
5194 8269
5364 5505
203 7857
8002 2563
257 8796
6759 6953
6511 1001
5489 6684
3986 6616
6075 802
7259 213
8116 7376
8094 8411
3452 4786
4758 2975
40 6737
8055 6877
6725 3522
8203 6648
1640 2719
7614 647
4099 7883
5907 5925
8723 8690
2153 6388
6499 111
19 7866
5587 6980
4619 5875
2858 4768
3507 3447
6352 6162
6769 55
2305 706
7426 1658
1041 2881
1348 6213
3607 1247
7049 2772
5895 1997
539 8826
2667 4442
1523 5240
2464 1126
3162 7217
3439 2752
1491 8440
1333 226
3268 8140
6650 2980
6504 8396
1224 639
6781 2592
8259 586
2910 4230
811 7096
1282 777
851 4611
3634 1451
375 2183
3758 8446
2042 5988
4543 7005
2990 6565
740 2986
3390 8459
3575 6338
4703 5385
3325 1833
7734 7727
158 1453
752 2737
7538 428
6602 6837
3269 6282
3630 238
1984 620
3775 7869
8720 6515
974 8602
4239 2343
5381 4927
5538 7155
7326 7405
805 4023
4421 5100
4690 7067
2968 5248
1839 5956
5828 5863
4823 5949
7215 7408
3873 1364
3733 6776
6993 592
7736 1010
6088 7275
8804 2114
1280 7154
4397 412
4051 8578
5139 8786
5921 4932
3449 6946
8506 6659
8362 4802
7687 6793
2301 4136
4197 660
6334 3105
3720 2791
1229 5413
6975 647
6987 2322
7089 5965
2280 7098
6510 2513
4121 8469
1759 135
3078 3490
3963 1333
4394 2612
5571 2064
907 1922
6824 6496
6586 8619
5441 7564
563 4156
4057 4777
5740 2432
1048 2514
6362 2040
692 3203
6144 3562
7464 291
6366 4849
2046 6138
8605 8441
6575 3349
6309 4787
7756 2945
993 7468
1005 8563
4951 1570
6532 3067
8642 4135
1497 309
4567 7636
6258 8004
7422 6502
7889 4444
2553 4841
6951 8151
7536 343
1502 3143
6303 1029
8295 7540
2596 6909
3591 8201
377 7021
8330 2968
2408 5855
3579 6055
3343 2011
3505 5151
6426 7797
383 8194
1316 6371
2654 240
8783 6837
6395 5115
6622 4745
7766 944
3808 1105
6378 178
6305 184
2325 7442
334 1086
2313 129
372 2073
1684 4437
3727 3712
5094 6679
4217 6949
7140 6600
2962 449
299 21
7153 1736
513 7749
7288 4066
223 6582
6682 742
2188 723
7050 6956
440 6229
1705 159
115 7355
4140 5352
2242 390
6681 8454
1503 3255
703 6918
5794 2034
731 5498
4068 8096
524 5040
5743 791
7144 2764
7837 8304
3921 1207
520 7184
163 2752
7120 8228
7475 1932
2702 2011
5894 7881
2647 2019
7169 3784
906 1512
5046 4425
6293 4735
3334 6608
2814 5192
4186 3665
2711 1822
3098 6516
6888 506
3487 1665
3595 409
4667 7587
6971 4375
5415 1858
7989 3283
6896 7919
2574 2384
3395 3431
8825 2603
7746 1386
1560 8702
1928 3062
1518 1296
380 5119
2476 1756
1629 4037
419 3126
469 2923
6419 8807
1092 8133
1088 8428
6574 6921
463 3252
4082 6061
8626 581
8486 262
7724 4431
4030 4748
4165 588
379 6504
6100 169
5685 2659
4817 2739
3405 5070
2724 5261
371 5857
5687 3134
6990 2802
6884 7496
2631 5791
4443 8111
8458 1595
8700 1561
728 8308
863 5622
4741 2878
3907 4683
2685 2675
6251 7100
6810 8363
389 5869
3193 4707
4954 4047
485 3485
1972 4743
734 3365
8471 759
7537 3938
7718 7946
4480 7058
4775 2367
755 353
3678 1939
6267 5838
1930 756
1892 1591
1855 3291
8237 6351
2930 5092
4004 952
658 2138
8419 7424
2542 8418
2133 3209
1274 7697
2720 166
1555 6147
1144 2680
4682 1312
2219 88
4018 1867
4163 8765
7010 3585
5146 2533
4977 6513
7438 2016
8511 7806
4490 8809
4989 4662
6580 4694
2052 6566
337 3500
6475 5539
4557 7338
1212 919
4143 3134
3244 5842
4523 6213
7026 4861
7980 1513
908 3340
7281 2460
6521 8461
6583 4213
5840 6220
2751 1611
1616 7671
7068 3083
943 7187
43 7059
8137 1706
8824 6944
3833 3276
5785 8083
7628 7999
8204 1172
2991 1071
6210 358
7955 2864
4484 7251
3629 8409
812 5025
105 3157
8641 4749
6019 6803
895 6668
2043 3017
1353 2732
4704 2663
5303 2111
6071 994
3809 3534
1057 7426
792 1876
6079 5417
7202 4828
4803 1899
7425 1274
8281 132
818 3300
4151 4510
985 8776
2097 3567
8163 5545
7757 1544
1860 114
3224 2086
3605 5945
339 7936
7363 1842
8165 1364
7300 7953
8822 6109
6186 4946
7834 7716
2118 394
5061 4266
5639 7760
281 2481
1533 360
5634 3550
656 2973
7710 6803
8181 3853
3741 2427
6864 2931
7371 3384
814 5623
5620 8160
6164 329
1550 5637
1278 7150
4436 1652
1535 8043
6425 7772
8566 3256
7206 8140
1051 5942
2892 109
4058 6452
2706 5322
2854 6010
7116 4830
7189 1884
2909 128
3179 5122
3885 799
6221 5453
1937 6677
4832 4332
1261 7847
2573 6060
8372 8767
8174 8290
2411 5823
1161 7039
1409 6762
3181 8532
7713 8496
187 3145
6813 7463
7294 8016
7984 4146
4101 84
7014 4665
8585 644
6631 7671
1824 8097
8795 7342
1886 3958
4368 1206
2009 5309
3037 7676
8424 1644
5067 8598
729 7445
2018 6179
6596 2350
4790 1129
5509 775
1716 3838
5180 6719
7117 6338
6822 6627
8453 4276
8307 6478
3592 6677
4398 5135
5259 7054
4969 4461
857 8608
2768 4144
853 8223
1785 8165
3407 8647
5773 5365
7962 8089
1169 7481
7124 3279
1082 7079
627 7687
8528 3603
2442 7019
4238 368
3559 6680
3257 8602
3829 8631
2575 5942
3097 3171
8118 5426
5493 5155
4123 6568
4900 187
5003 344
6180 8608
613 6220
6623 2026
1773 696
8023 8606
1865 7593
4622 3531
7588 134
7796 8425
2503 6723
1606 269
7618 6244
7020 8476
6304 3929
5570 751
1978 2691
8098 367
7157 4284
3488 2480
2555 7809
5715 3036
6169 2403
3231 1107
2763 7642
4366 6221
3686 5320
3644 998
4346 4748
7346 5953
5994 6084
8262 856
3186 8027
2539 12
2207 4800
2431 4665
3719 7469
5693 7765
8413 7384
5043 5957
6957 696
6209 2431
1617 2527
2196 7740
5112 7523
341 498
7432 2156
3366 8563
2585 5513
3940 3784
4126 7536
1110 1875
8538 6249
3925 7077
1823 1544
708 4523
8488 3919
7136 305
3463 7138
1569 8407
7903 6574
864 8162
7660 1996
4098 4910
2557 3607
1121 6248
7576 5498
2487 7391
8794 2041
2278 542
6830 1411
5653 5375
454 8450
4016 5616
4981 63
7702 638
5738 6431
8677 5946
4008 2171
3978 8645
1524 3616
1307 6073
822 1035
3995 6247
7944 1223
4449 1929
5035 8209
1187 3393
7380 2543
6199 6782
4312 1238
1995 6723
7061 5363
4439 8262
6905 2424
1863 6633
3536 4721
4544 3548
7398 2209
2778 1467
6447 1252
3469 4703
7965 3024
8285 2474
2619 7771
3434 6301
4027 8357
5527 7518
3147 2576
7364 1480
1783 7098
2770 8109
2102 126
1830 4927
7286 6539
3200 4868
4482 1840
8417 3666
3044 6403
1901 1504
554 5870
7813 2420
5159 6275
6730 4296
8683 1728
3050 1319
4631 5306
7560 7548
5872 1631
6326 5752
6919 6169
1802 6377
4750 3143
8090 2688
2197 733
8296 2399
5638 2757
1019 2566
3880 1317
714 4879
6122 249
8299 6878
1176 2025
3219 7601
4174 8739
1715 3460
8246 3035
3158 634
2225 8314
7897 7381
4245 3912
4270 5995
1475 2646
2266 6718
5191 4210
1195 5398
6661 244
3617 6003
3637 1020
5599 4647
6907 8801
7981 6173
4778 4029
22 2399
5273 3367
1149 990
5646 1930
5612 666
3701 576
3734 7639
5207 1345
1919 2503
6359 7700
8147 4053
4260 488
2996 3573
7047 7639
1239 7173
1454 3873
8129 8231
2077 3450
1586 2709
3438 696
5228 3298
8596 3354
2458 3007
8616 8194
5252 2260
1748 1668
8610 5642
1279 5932
3659 4117
7272 1878
824 7327
298 1567
6217 5890
4693 8456
8245 4660
3089 6833
1580 3063
1179 1782
3360 1069
4432 7665
7 1964
7262 3617
4972 1187
3993 2847
2692 2238
8183 7594
6826 3102
7863 6319
8599 6826
221 392
3581 7573
8104 3037
3459 2433
8364 2224
2826 4892
4102 5332
8207 2275
6529 7200
2997 7708
5521 3366
349 3869
3964 271
7930 6403
3026 17
7191 2152
5143 904
8122 128
7921 363
139 2593
6341 4388
2694 4625
7238 2390
6151 5339
5360 5088
8054 4628
1446 7762
315 1874
8005 292
6042 1327
492 7338
5302 3531
6695 4685
4858 2545
465 3532
3683 8097
4899 6460
370 6673
529 5800
2164 4867
7016 7060
2652 1437
3647 8826
1977 373
4535 1806
5399 235
4624 3379
8351 8352
2414 2608
1741 422
965 3431
4630 5327
8318 3397
4498 2324
624 3405
462 5509
7709 7357
4273 755
1931 5146
5053 854
5614 579
1779 3523
855 8264
6550 5312
8403 1571
5233 1633
8851 7574
1520 7865
5165 6104
7699 7128
8251 5809
783 1747
1315 1333
8293 6134
5560 6420
4635 5481
8731 6038
8167 1140
2989 4400
6048 8829
3580 1269
1699 7700
8814 8629
4696 931
2885 933
7732 6018
7119 4463
8705 620
1363 3439
2417 7184
737 2723
8554 2273
1290 3010
6097 5361
7218 4113
1537 5527
7296 868
2734 1482
4596 6053
7907 2675
1696 364
1713 3987
4547 3962
2253 4886
7456 2317
1374 205
5218 4869
7240 3270
5731 546
6748 8110
5479 8482
3183 7622
3516 4367
609 5290
5699 8407
6656 3912
4607 7438
8316 655
3724 5349
3721 4469
5839 4087
2800 7287
1461 670
7882 7682
2747 2359
6609 6092
2307 3656
3388 7518
710 3232
8769 6569
7167 3039
4577 5962
6182 6305
6815 7161
1098 1799
1466 7536
6801 1078
744 5221
4083 1191
3141 2407
8740 3814
5359 2486
3286 2110
7148 6647
3309 8136
6218 5780
5716 7169
7763 1573
628 1461
2643 8608
1093 4006
1788 8401
4133 3376
1332 7370
8820 8219
1549 79
2421 1620
4291 4078
6160 204
7017 1535
1135 8301
6113 8849
1965 367
4454 6964
6459 858
8021 5747
5547 1349
4959 2921
8003 1470
3984 5911
8349 1478
5901 6483
6281 5561
3818 986
444 7307
4726 2911
7648 8471
2849 2156
946 7829
1070 1030
2943 5287
772 3645
1639 4319
3041 6126
4772 1685
6027 4189
5416 5444
4385 2083
3977 1133
5549 4571
3148 1481
4348 7975
7359 1250
2896 7637
1365 5425
4360 7246
7378 5562
1803 4691
417 1565
3834 4342
4258 4259
4878 3398
5996 1087
8300 1132
7584 3117
1056 1397
7411 2252
5554 2104
2298 845
30 5701
141 4859
4827 2015
5005 2930
6298 1593
7352 8321
3 583
6687 4913
5944 7243
8328 8593
7683 110
369 2757
4050 4567
2595 8690
1330 3818
4263 5967
92 6820
2876 56
280 4064
3543 2161
2382 7201
3033 7098
1913 1126
7554 2525
6240 2336
6965 3021
8378 8474
4452 8682
7022 1959
107 5390
5380 8773
5753 341
8317 1662
1945 3754
4684 169
3950 6499
7935 5551
8180 4653
3290 2933
3028 6278
