7846
2716 2000
2448 2716
1336 2716
4625 2716
7707 2716
2998 2716
3898 7707
6184 1336
7063 3898
7118 2716
6640 2998
3157 2000
5942 7118
522 2000
5317 7118
5996 2998
1646 7118
3216 3898
5315 2448
3896 4625
5991 5315
5501 5942
3690 3157
4918 7118
2213 3898
7098 6640
5100 3216
7148 5100
6149 5315
1155 6149
5442 5315
7368 3690
3315 3157
3792 3898
768 3690
722 1155
7622 1646
6885 3690
6394 3216
3405 5442
7326 7063
7539 4918
5775 6394
5954 5315
6052 2448
3467 5315
2363 6394
3542 3467
963 7098
5995 6052
7360 2448
7213 7360
5579 3898
2465 7622
7741 7707
5119 6394
7072 2465
1572 2465
7247 3792
1362 522
5459 5942
4369 7098
6936 4918
1539 6184
1884 7326
368 2000
1524 722
7822 6640
612 3898
4627 6394
2201 4918
3787 1524
4408 5996
6613 1336
7477 5315
1807 1884
3230 6613
614 6184
653 3315
5311 3216
5968 7360
7623 4918
3507 5775
1260 7072
7185 6184
5412 6885
6376 1336
6447 722
4938 7247
2644 3787
713 3467
3717 653
4335 963
3747 1260
6491 2448
801 3230
2548 7622
4047 6491
2862 1524
5548 3157
484 3230
7736 484
4476 484
3984 3717
2319 5942
2008 3787
991 4627
2121 653
7353 768
4878 6149
207 1884
4685 4369
1767 2000
5704 5501
6512 1884
4119 5412
6538 5995
1444 5548
1021 5315
1177 5996
3695 7072
1370 5996
3028 963
1509 368
6258 1336
5150 3507
2438 5100
2017 2319
39 522
697 653
2300 7185
5423 5548
7713 3216
5631 768
4077 2448
2650 963
3068 5442
6283 1767
454 7622
7194 4335
698 6394
1557 5100
5743 5442
6645 7713
3601 3467
6339 3601
3192 3315
3214 7623
2502 3984
3795 6538
6818 3795
1876 6645
6181 7622
5844 1767
7386 5150
5331 801
6152 3214
6204 7622
6174 6613
5674 5423
4748 5631
4675 3405
6266 5942
6992 7185
3903 6538
7478 6447
1715 6283
3346 801
6803 801
1359 5631
5801 2300
7261 7213
5112 6181
3484 7386
5079 2008
4764 454
4564 2121
1221 3542
2964 6052
6673 6339
2354 6174
7769 7326
1095 3903
6583 1557
3569 207
7602 7539
1988 2998
642 3792
2851 6149
5941 653
1442 5968
5089 642
1460 1444
3497 5579
4289 5548
7105 4627
3874 3747
29 2998
1087 5996
5557 207
4628 5442
4056 3214
2860 5844
1215 2448
2184 5942
4197 963
1354 6204
2317 5995
1010 6538
4944 722
3555 2201
3391 5942
3090 2184
3273 3028
4964 7213
5425 3792
1845 4476
5876 698
6242 2363
5655 4047
3892 3795
793 1845
4840 3601
4198 2860
2104 697
1271 1370
2821 6052
4590 6184
3494 6673
7430 4056
2995 3391
303 697
1254 1087
6891 2363
5963 2000
4439 722
165 7368
6398 2017
4996 1572
7138 5631
5269 6204
1831 722
491 5674
5594 7353
1501 7353
1671 7822
7000 5412
1534 7707
2215 6538
671 5079
3703 491
7458 793
1401 1767
1896 7602
848 3157
2067 7713
6813 5655
4494 2862
466 5704
7566 5801
2212 7118
3137 768
3281 5423
3212 39
5964 5631
6549 671
6423 5674
7545 2201
5511 7326
750 2716
3142 5743
6221 5579
6216 4047
5531 1370
4742 3542
5301 698
7574 6549
6130 5557
464 5674
4874 2319
7429 3273
3520 5150
4046 7072
4205 5112
4838 2502
6930 3484
4118 1539
4357 3703
4375 3874
3076 2212
4364 4964
7174 4840
149 2215
3468 3230
3171 6376
2174 7368
2608 2964
6317 6376
7412 1401
1426 7478
4250 1442
3451 7566
6800 3212
605 6936
4433 6512
2462 2448
6123 4748
71 5557
5630 7713
6159 6266
3571 1767
5958 2502
3878 3216
2835 368
2285 4369
2618 5119
7343 2017
2291 5674
3263 3157
1931 7707
7824 7247
7445 2017
7549 1460
479 2548
7576 5942
1411 3484
2554 1715
1360 7429
3560 7326
7071 2213
7127 1254
7611 3212
1757 1360
4847 6339
1323 7602
4397 3571
4487 1021
5032 7769
1068 1336
2286 7430
1774 3695
7700 165
1094 7353
2152 1087
1097 713
2996 466
3676 1336
3327 3137
1803 4764
94 4840
3852 1010
6935 1767
860 4628
1992 6640
5974 5269
658 2067
1894 4838
1667 2184
3347 3898
4275 3157
4747 4375
1771 1992
2290 2363
3093 2644
7053 5775
6165 3676
3343 3542
126 7343
3800 1646
2156 5743
632 6645
7691 7458
6617 1509
6808 4289
3278 6204
5652 2502
3846 3281
6884 7213
6953 4369
6245 5954
4701 7741
2109 4874
1969 7576
2891 3792
5467 2285
3669 3494
177 4357
4318 1460
5208 6808
7788 6376
4224 1803
4578 5964
7502 7458
6868 6123
1985 3787
6382 793
4584 4198
3360 6258
7313 5557
2217 1557
475 3792
7598 4742
1698 2156
5739 5423
1754 6242
6944 3142
7388 177
2961 3068
7814 4578
251 7445
7376 5958
1505 3157
6859 793
790 3717
2390 4056
2659 2363
487 2650
3111 94
420 6245
6462 6181
356 3346
3544 5594
4341 1524
7719 4838
1335 6159
3990 2000
1817 6221
351 4590
4392 5442
7231 4364
5077 3494
6559 5630
824 2659
1517 2152
5044 1155
3289 7185
1331 3542
202 7386
6036 2390
268 6538
6718 475
2833 1094
4163 2156
2268 479
7070 722
7505 5995
4241 4077
5039 7127
7076 7353
6681 487
4352 6258
5854 2217
6961 2363
4238 5317
2218 5531
7116 356
1701 1221
5122 7376
42 1667
4869 4163
5075 3852
3259 6813
6436 1754
691 5412
7468 7368
5486 5119
6608 5301
7132 3494
4159 3192
1379 848
1257 6944
4470 5579
4101 3142
7550 2998
4401 7598
2203 5968
1145 2213
4489 2184
2216 4238
5613 5089
4801 4198
927 1524
3387 7053
4225 3068
7169 3787
7272 605
1151 1095
1523 5844
6742 4489
4380 1155
7726 3892
4106 303
4367 4627
765 5941
3621 4375
3283 5467
4757 5269
411 2716
7818 1931
6687 1087
3445 6617
1927 927
5182 4685
6243 5631
7548 1988
1028 632
705 4938
2495 1028
5987 5854
822 4757
4549 3690
1502 3263
665 3214
4713 4701
5285 7576
3253 7548
887 7376
1290 3283
7668 4590
3851 5301
5110 3669
4057 1509
7527 351
5254 1068
6945 3273
6089 4869
5404 3569
7162 7076
3210 1411
5562 7502
7049 4224
3838 3690
4599 3445
1433 6891
3123 7814
83 2644
6592 4046
6983 4198
6970 6891
5282 7105
7665 6970
1413 4241
3943 1331
3702 3076
2786 454
4493 765
5553 1876
6908 3747
4240 6052
7443 7272
1731 7611
5450 2317
3406 7169
4925 4380
7601 3171
2248 6423
4387 7814
6825 7132
3928 5075
2566 1845
2028 3569
3989 4878
7627 3571
3050 3990
4610 7707
4753 7076
1037 6149
5758 6283
6698 4250
6259 7566
1298 7769
4169 4289
1859 2961
1590 7611
3610 6983
6730 4238
925 822
7186 1095
3146 1379
7331 6242
2808 5119
2919 42
5554 7741
3745 6184
3707 7412
4612 6808
6282 5269
3460 487
1128 2216
1858 2644
6689 7576
3300 2215
2111 4470
5489 7468
6790 7412
69 3497
119 7118
672 7148
7026 4240
1113 4627
353 5467
6544 6992
6781 7000
6267 1502
2664 3878
7260 5942
4261 7162
5341 6538
2236 6259
6003 1501
936 1667
2792 4564
2451 4375
3645 4118
5932 3406
5689 5932
3720 2017
7159 7576
3660 5282
2329 1557
7042 6152
3293 1590
2429 7477
6433 7105
114 6398
6968 1701
4674 1969
3438 6462
5296 3838
4294 6617
1184 6961
147 5077
1025 5531
3532 4625
6246 605
3743 1757
2007 4599
2205 697
5788 2608
861 3497
3502 7445
7056 3507
6864 475
1555 39
2971 3645
6917 4197
4145 4163
2512 1444
7442 6781
855 7502
3021 5467
6113 7477
4604 3123
1574 3327
6240 1021
2723 1931
6185 963
828 3111
3421 2008
736 3090
4052 4046
2303 3123
4102 991
558 4918
1830 2650
3119 4261
783 722
5772 69
4595 3273
6353 3520
6471 1155
3092 3468
4411 2429
902 1557
6014 4612
6867 691
4560 7700
7756 6698
1120 6718
5354 697
97 5489
4812 2303
7705 7313
5649 3216
4633 4564
6066 1010
4183 6864
6631 4159
1516 39
6883 4604
6386 6730
446 3494
620 177
7417 7056
4026 3438
2014 3745
2326 5557
5338 5788
1627 114
2531 6645
6393 4408
2061 7162
3646 3928
2037 3542
170 7726
5476 4118
316 5254
3959 4341
5270 7261
133 1539
2634 691
6280 6353
6203 3532
6507 1646
190 7477
7805 7622
201 1539
6532 2862
6713 3645
253 3123
1868 4169
4813 4357
2889 7174
1099 2217
323 6184
2371 351
392 2174
6577 5987
5070 1807
6851 1113
3397 7056
1682 4675
6297 2723
3428 1331
5971 6267
3166 94
6521 6398
3572 2995
1531 5739
4384 5122
504 4197
2613 4275
3183 3484
2744 1331
5348 5548
5570 2152
6824 5354
2524 6953
7610 6961
4598 2644
3325 801
3583 3743
409 484
4815 6052
5972 2862
7208 4352
7441 6883
5703 4250
4591 4198
6358 3795
931 5425
7219 4397
2365 7458
6869 1360
2110 824
5207 6559
1368 409
7422 7261
4767 4564
6620 2786
2309 5801
856 7442
6903 190
3647 6970
1503 4628
7355 1830
2622 3669
7624 4318
5202 177
1953 2448
7248 409
6414 6436
4942 5775
361 6903
2818 7194
679 3703
54 1401
424 361
3827 3230
3206 1509
5563 2008
7140 3405
3020 7443
4740 3281
6476 54
6888 6317
5261 5486
7172 4847
5483 6992
2812 1817
3947 1097
5725 3076
5552 7824
5566 783
6477 1290
348 5557
1794 4476
6854 1145
7419 3157
5952 6970
2645 7705
1781 6800
1466 2862
3407 1715
3958 6052
865 4604
6439 6245
6581 4357
49 6382
3461 3555
5302 828
2703 6968
5930 3387
3900 860
1654 39
6990 1025
4554 6267
5090 2792
3404 5788
579 522
566 558
5663 6267
2670 4599
2935 7261
5592 4240
2030 1413
1576 2217
4079 6423
4586 4433
6314 4163
3611 7355
3911 42
7225 3717
1940 6280
1537 5758
492 632
469 2618
1469 6184
4444 1884
2433 4294
7837 83
2098 3445
3070 4408
3729 783
1405 6521
921 479
7011 6645
4450 1682
5320 2465
7073 2670
4784 7186
7187 1509
7580 1523
1862 1466
5824 3707
3401 6868
387 1771
6224 736
7277 1876
5729 6640
5309 5563
4004 736
1347 3401
4488 6221
5618 1537
3862 6433
2770 1113
3357 3068
338 2268
5840 3959
6182 3283
5846 3497
260 5775
1332 487
2815 3892
4268 5442
3007 6521
2222 6267
3976 5309
3755 7185
655 672
7746 6433
4993 2644
6576 3800
4516 2285
5940 251
5923 783
1248 3484
1276 6687
5430 2664
5951 2744
1093 7822
6951 6393
3501 5824
343 6824
1053 5404
5949 1155
1525 3192
4717 5261
7688 6730
7642 7260
1513 2833
4091 3406
7522 4560
5305 2268
7462 2028
912 356
4551 5995
1237 3401
4465 1466
2263 3507
832 2815
1229 5302
1310 3421
1737 1574
6760 1336
3196 3142
7846 1667
5792 5430
1724 4052
7163 2670
6238 4488
5451 1336
2604 7442
5186 5923
3828 4397
6568 6549
625 5511
2284 2184
2939 6052
7045 420
1828 2236
2450 1411
6305 6935
1059 4633
883 5341
3969 3259
4087 5951
6776 6476
7399 2554
7335 7071
53 3560
2950 2613
1496 3068
2586 7076
2092 7247
499 3676
3423 7549
2627 5079
7777 865
834 6867
3306 260
727 1368
6169 632
4608 1523
583 424
7308 4938
7286 3969
528 6282
221 54
5643 2723
4939 7777
7810 251
5287 7098
6119 147
2499 7185
7702 5923
2497 2303
2783 1442
1551 7070
5289 3343
3200 42
1129 5311
6724 4367
4543 4554
3329 4939
2434 2812
1385 765
2730 4240
6106 7045
7119 1576
1279 1572
3091 832
2084 1332
3390 6491
3314 1771
2987 4470
4132 6620
2331 4494
4251 1097
3311 3745
5156 7026
4368 4401
2090 2548
3481 6944
3915 1021
6230 69
2655 3601
2471 54
4808 4595
7501 5792
3742 7042
688 2812
6982 1177
1841 7127
6754 672
6875 4433
3027 6953
5243 3137
4194 5689
1614 3645
7237 3583
3938 4079
4915 5320
5551 3146
2888 5958
3365 6280
4372 3283
6051 5186
6485 2659
7638 5674
5087 3027
63 2655
5658 3707
6315 7580
5219 3717
5157 4494
270 2812
6993 4476
6061 253
6738 6315
3987 5511
5401 1803
2839 793
1075 5941
1798 361
5646 7602
1267 2092
314 2833
6611 6393
1397 801
4498 4444
7567 3571
7621 5476
7521 7172
2991 3390
5812 2212
6593 6583
3143 1229
948 4375
913 1992
7778 6398
6015 3958
2170 4498
6686 7638
1311 2284
2779 1551
3770 54
3032 4938
1791 268
1481 4119
574 2554
1658 3743
5188 7417
6395 2995
3935 270
2172 2586
7581 579
3873 790
7706 487
7192 3911
1012 558
3592 149
3696 3405
1588 1311
4545 3404
4206 1524
326 6181
4960 5548
1235 6159
3746 3990
7176 6014
3922 6376
7423 1701
1191 1021
81 679
1471 492
2822 466
2439 1859
7749 2121
1061 1335
7452 1927
6941 3397
5870 1671
376 4993
295 4628
1137 3507
3831 1279
7575 4450
6791 392
4226 5348
3511 7277
231 3119
5280 7521
5945 7477
7233 2448
3154 7233
2384 1254
6369 6859
4094 7638
4769 6014
1806 5039
3115 5182
5928 5812
5231 698
1187 6620
4338 4918
1697 4815
2921 202
6759 268
4851 5949
6900 3259
1484 6477
1043 6358
5653 6394
4015 5618
2517 1128
6222 6204
2169 3119
7232 3915
5990 3142
4865 1654
1338 5689
4569 7119
1520 3027
3167 42
7710 6439
2903 6152
573 7232
7695 790
1122 1401
2904 3192
3058 3852
7273 2808
7647 1524
4697 6936
3724 3792
1348 6576
3285 750
401 3111
5741 484
1874 1501
1889 5552
3803 7187
680 7070
7712 6149
360 3787
3972 4408
3799 7521
4032 4145
873 3792
6397 3787
6348 7691
5215 114
2076 4697
7644 4015
1042 5156
4704 2218
634 409
5325 3404
3964 4335
923 5652
1748 902
4746 4368
1514 7705
4128 4032
6837 5653
3175 883
6000 5486
1526 323
2907 492
2901 7644
6662 251
4991 7778
2056 5089
243 6119
6664 7746
5298 1347
2228 4087
2103 614
4374 2531
6060 5280
6812 7700
1917 1572
748 303
6958 3831
477 4240
2603 3745
5648 1276
942 7712
3100 119
2264 6613
5960 927
4617 4493
3106 3285
3414 2170
6278 5261
798 5044
7792 6808
5393 573
5849 221
5779 3792
198 2438
2101 4238
7833 3329
1256 6885
4703 7273
6657 1862
4333 4767
7744 4106
3639 5044
3149 7736
5993 5618
108 4610
3771 5972
3638 6577
786 3964
6926 3314
4613 5348
6250 5044
3977 6645
6373 4194
6289 2703
7838 7119
6220 4387
6331 7581
4777 5354
3970 2703
5391 7247
2813 4847
844 2384
5705 3639
2681 7185
312 6000
4638 558
6977 6512
419 5186
934 1574
5104 1992
1541 3507
2409 1059
5265 5840
6846 2329
4582 3611
3671 5971
6553 5991
3966 2451
1027 913
7761 620
4525 1401
2544 865
5390 4408
3761 1754
3921 4433
2400 860
1161 3143
3833 7624
6603 4584
5439 7105
3871 680
497 3076
6849 1331
4228 7477
200 679
5361 5960
5115 1059
117 1248
6319 2813
3035 6553
5105 3873
4414 942
4896 7706
7370 3707
1615 1501
1915 3703
2154 4335
4836 2365
5950 6592
7164 4052
5909 6014
4603 5570
1238 4224
219 2634
1149 253
6872 3445
4538 7610
7600 7376
1307 1028
7016 3935
6034 2818
4146 419
3046 3838
520 6958
6076 6617
4097 1238
3559 2996
2245 5338
2980 3263
1704 6945
3334 1539
5274 1896
4919 6423
4684 126
4883 2092
3099 5202
3602 7370
203 7778
6785 7647
1732 2903
6070 824
1898 4194
5855 1917
5969 2076
2443 2950
1190 4938
2762 2531
3141 3391
5398 1290
1838 4753
3156 1807
7831 4545
6392 6015
581 6382
6787 3761
5233 7000
1966 931
5538 7419
4716 3501
7536 6036
1948 6818
3318 691
3424 2566
4706 207
1317 3502
6136 7778
3388 4964
1157 3214
4776 1229
4668 7741
3612 3771
2482 5188
3856 6883
35 4604
1972 634
2629 6358
5054 921
799 7638
4618 2451
1262 2092
7384 7756
7250 3325
5722 2331
3576 5945
5395 7213
1175 7213
7151 3259
2477 4397
6109 1724
6918 4610
7826 7399
4288 7176
7629 3451
5799 4703
5312 6221
956 6776
5513 7710
4184 6742
2841 1654
5627 6593
4536 4387
7531 5942
75 5844
7437 2101
3045 5354
2287 1658
5206 6754
6981 6583
4122 3544
432 3119
2197 923
2943 5729
548 6242
1163 4865
2811 2104
1559 6394
5997 3984
2107 479
4062 2903
2523 5566
33 2217
1792 7164
2341 3938
2879 420
6857 783
6622 3676
6772 7581
7844 7162
5435 5703
6241 3645
1888 713
4954 7838
6789 5450
685 251
1400 2329
4614 6512
138 4341
6463 6182
1231 3428
1914 5722
1049 3903
3843 2390
4023 691
2298 6386
3215 1838
3333 7833
2766 4614
6723 1724
4425 3119
2819 3050
7095 2792
3631 5570
6277 1120
3785 6958
4975 6521
2915 705
5366 3021
4622 6549
6682 6315
4212 268
6183 270
3120 5089
5484 2964
5867 7691
7817 7000
7767 7688
6002 5202
2009 6216
1072 6119
4424 2448
6567 5254
5916 5995
2521 1149
4485 822
4640 454
6233 4865
1076 3306
442 6394
6173 491
6618 7611
307 3414
2876 6640
7389 3206
4839 3903
7316 5202
2278 1774
6801 4516
6757 1471
2377 3987
6158 1149
7722 1792
2686 3137
1661 3831
4481 5270
1275 2833
3373 1426
5820 4102
1 243
1065 3123
2704 581
7046 6238
1921 7688
4609 3707
3588 3833
7234 5459
6229 6577
3164 4288
619 921
3257 5341
893 4801
2173 6772
4156 2291
6511 1588
2353 6233
2960 4288
1125 2098
18 4613
355 5729
1908 6119
103 3401
1425 7736
5611 1175
23 1027
6558 4197
1465 1267
2131 856
2225 5484
3829 361
6624 4964
1995 3900
2271 7713
2165 934
1584 3827
2882 2964
6432 6908
3213 323
3245 6233
1616 2477
1108 6395
3711 1442
1842 4812
3975 748
5580 3468
2323 6433
6225 1120
7570 7810
4624 7805
3396 2061
2802 522
4720 1807
5659 6382
3205 3896
5267 6884
1630 4808
2039 3460
609 7705
3132 6240
4994 3742
4884 790
3863 201
4133 3484
1909 7070
3367 4964
1565 4352
779 3032
6729 2197
637 1
3517 658
719 6592
3699 1524
2772 793
524 3690
3907 6944
1490 5296
2777 6398
5810 6553
7066 605
794 1803
7775 270
5346 6507
5481 6267
4147 1177
7407 7502
6701 6165
4548 7522
1636 1537
723 6857
2538 1290
3477 6885
3953 6397
5897 1828
7040 5743
3834 6015
1836 4401
1475 6066
5825 18
7190 4424
153 7225
5300 750
178 2205
4682 3216
1482 3391
3434 3141
5381 5320
624 4294
197 6885
5639 4883
282 2618
6001 4682
5839 3230
4321 6583
352 5087
3048 5969
4695 6305
3408 7792
599 114
3398 4777
717 5122
4514 5476
3378 5648
1166 1551
5832 1053
1228 7313
7081 2531
5111 7360
3811 848
7074 7644
532 1190
3677 4198
820 7429
5795 7169
6946 3542
2965 5412
4655 4813
2916 4551
4837 1927
2059 7437
6642 2703
137 1444
4933 3293
2761 5788
1373 921
2185 4776
870 3306
7414 3671
3482 7399
2200 1803
2880 3696
5874 7376
7735 5653
4336 6315
7564 7066
594 4578
3594 2076
4092 3050
1451 6158
2978 5361
4394 798
1901 6754
6967 4147
969 4764
5324 4433
192 3743
1580 6317
7589 2554
5004 5243
1924 6951
2596 1149
5885 6701
4987 3196
2799 5090
1202 5775
1960 4184
2601 1724
703 6759
2498 7053
5071 1368
2011 6622
7466 6432
4061 685
4201 2916
1944 4584
1610 1836
5367 7169
3757 307
802 4198
259 3977
7762 3873
6703 2802
2526 4261
5347 7576
199 3149
4778 1076
5190 3502
7764 7225
4809 1496
7785 1501
2527 4336
4911 5663
1882 520
6301 1884
7103 5267
6840 2323
6413 5044
5172 202
3155 4194
5387 5854
1396 6875
6234 409
5805 6945
1153 7824
7709 6958
3622 723
4898 1909
6793 2076
3437 1531
1358 1348
3847 1698
5096 5810
1632 4198
1239 1271
5456 1590
1852 7070
1847 5039
2277 4865
2969 4878
51 5325
438 3333
2343 4023
4129 479
6897 844
6797 409
5706 2201
1199 7610
6855 6395
3570 1914
693 6136
3961 7095
5751 2173
1259 1276
2999 1908
3459 5361
1282 4397
2140 3481
2091 7719
1376 1187
6265 5646
4763 7756
7097 2645
3748 6397
2052 114
145 7072
2936 199
3895 6946
5525 6808
346 4609
3684 3373
5937 7810
4687 6593
3074 6645
2844 3414
4588 5111
7052 6136
234 7462
4030 6990
3419 6686
2718 5456
2620 7119
3818 1940
5377 4004
5571 4757
5277 5110
7304 5639
2537 6593
600 2098
4793 2291
357 7735
4420 3424
7467 625
732 7186
1581 2217
111 3847
1387 2236
5015 7192
6585 2936
7087 5324
1556 6617
6072 2222
6357 1555
5583 5269
1287 665
7573 1615
21 2400
795 7384
5400 6859
5364 138
4306 3373
7591 4294
5436 1847
7636 719
2150 5348
3145 5207
2647 1332
7612 6301
3529 1792
3861 1917
5994 7140
7587 5287
7055 6258
5584 2184
863 2497
5936 314
867 2939
415 5346
6035 7208
272 2109
6810 4057
2485 5563
6672 6718
560 69
3010 7286
2657 1095
1154 4046
372 199
1143 5963
5763 2502
3339 3755
1739 6908
1789 3119
4115 2627
1111 685
2872 4695
4111 6507
5332 5104
58 1924
6514 3245
3741 3520
1919 2104
1782 7466
6874 7192
7626 1931
2472 5795
1007 3544
4254 7360
1088 6868
6819 199
2875 4425
1046 4254
1063 2309
6562 1323
2589 7775
1392 7185
5606 2603
3472 2512
4962 29
7559 7261
6957 2363
1211 3278
7241 4960
6104 4591
1082 7589
3626 7097
908 6859
2648 5317
3823 4554
4013 2030
122 3507
4745 6738
554 5923
7188 6386
3728 1
6860 6603
3108 7746
3031 7389
3488 6854
3199 387
1412 2218
6566 3594
700 4132
7104 479
3691 4147
897 921
375 2888
2930 2091
965 4240
5116 5150
4034 6757
2599 6152
7625 4197
3055 6229
5250 1524
7133 1789
3764 6617
2959 6837
4537 2331
5520 5100
4127 3928
5761 2512
3479 6319
3723 4159
5382 4682
3805 368
5747 1113
275 5207
775 685
7210 3325
5162 3259
3967 2319
1507 3699
4511 3367
1796 4030
4732 6613
5319 6358
6814 6837
1599 3346
2758 956
3286 6620
4799 3175
5205 2634
2444 1311
576 7810
1699 913
3279 53
4482 4614
7395 3757
2831 2839
5236 4128
7673 7695
1540 3192
610 3347
2910 934
3040 4799
5861 103
6048 2799
7779 2608
5585 2098
5944 7388
2334 3091
5926 4030
50 824
2616 5606
5419 3365
6495 6583
4966 1969
457 2647
2060 4838
3054 457
2447 6297
6244 3501
400 1838
3752 3378
3066 2950
937 5652
299 6225
5145 5792
1880 5285
6748 5425
6354 3874
5102 2482
7293 3137
1178 5570
3462 2131
1390 4838
1024 7622
7841 824
5503 4525
3299 2067
1203 2802
2012 4183
541 1061
6765 1580
5286 5968
2478 7688
1818 4026
2136 6076
6653 4685
957 7625
3758 3472
5321 7384
2528 2101
7540 4489
7390 4878
7772 5674
204 111
1391 4655
4634 1465
5581 1731
140 7304
6972 6250
5591 3847
2231 1739
2425 3300
2635 5401
6255 3196
5344 7237
4602 4420
3668 6358
7487 338
4886 221
6798 7550
3478 5538
6823 2222
5000 108
3567 1513
5569 2140
3716 2471
1080 4634
79 927
249 1576
6121 1540
5148 6765
5242 4318
3608 6070
3125 3811
5085 1275
6333 275
4116 5563
4303 2363
1337 1049
2805 177
543 1610
7794 464
7677 5648
7224 6664
100 4996
2677 4476
2322 1042
4950 7169
3508 5122
1613 1111
4350 3911
4376 3066
530 5949
300 2815
4025 138
5134 7591
519 7837
1567 3691
7526 1614
7577 199
2540 165
6031 7071
2157 956
7497 21
3534 5150
2484 6061
760 3743
3595 5741
4340 6136
1943 5054
3919 3645
5829 4564
6743 5317
3260 4194
4902 1053
4629 1177
7765 1732
1676 1237
6418 2091
1760 7045
470 5332
6676 2802
5919 5182
3226 4603
2281 6765
836 484
5988 2110
4528 314
4305 2644
4502 5423
6139 3743
4300 913
4137 4275
4232 4954
2295 2566
5783 1992
6344 3167
3628 3594
2404 3639
6752 2060
2974 2835
7836 7219
3889 3407
28 6521
2458 117
1873 2770
707 326
6069 5483
5628 3285
1997 7213
5257 5319
2565 4336
4806 4609
7068 2170
3456 3438
2276 2879
5407 4368
2047 5085
2832 4944
3337 7074
6542 3293
7284 4241
1734 2478
2132 4333
4497 5484
2442 2618
2869 6069
4712 49
1171 3862
976 1238
3936 5870
6621 6793
6489 519
7523 1163
6324 7600
1096 7695
6727 4608
4670 2839
2208 5659
3385 3378
3840 2980
853 2067
2164 1676
4821 1565
6406 1613
1004 7621
5326 7785
7464 6278
3328 6592
3565 6888
3917 6977
4089 793
7285 6823
3662 7250
3635 1336
4930 5287
3876 4198
2651 3964
905 3314
5033 3108
1709 7151
2183 5846
1512 6216
5816 6398
1695 6507
5542 3748
1309 5100
6739 5407
151 5839
872 4687
1675 5077
5299 5305
5491 3861
2801 2531
3104 6060
7660 5325
4835 799
6367 5772
6008 5467
640 3385
5568 3360
2005 3576
6658 6297
6083 4806
5127 249
6896 697
2198 3212
3133 7169
2529 2921
1164 6185
1543 6983
5707 2084
709 3477
7048 820
3186 6471
3490 7048
2587 1695
176 2484
889 7575
1612 3892
743 2084
3521 4241
5880 234
5271 7286
459 6760
2360 3054
3266 965
7122 722
935 5542
2583 2225
6132 5338
4457 3856
6931 4799
662 1412
3203 6225
1069 4097
2327 409
2120 6119
1073 6008
7041 7567
1124 5321
3902 2377
5943 856
333 1584
7088 5829
4463 7623
823 4682
805 2477
721 5993
2475 4793
785 2664
3232 3367
5976 2723
557 6283
2782 2622
7681 4545
3208 3534
3715 7777
7382 6331
3839 4384
3296 908
2834 1701
666 4387
2660 7026
5094 6357
1170 6676
4016 7063
102 5548
4949 6278
362 4590
815 1880
135 5594
1026 3050
1232 1235
2068 5087
3860 2329
5544 6562
6316 5849
3767 5459
5174 7116
292 3137
4861 499
4373 1175
3730 7522
7711 5280
4334 4716
6986 7626
4818 5874
3759 2154
6702 5824
2892 6258
5170 7688
617 666
3849 7103
4475 2213
1146 1155
3513 7567
6629 6139
651 5087
2639 6676
1144 2060
5076 4116
5262 137
2190 4915
7758 3263
5807 5079
5375 6015
1746 3969
5422 671
4327 7104
2130 1543
715 102
1920 5280
4265 2526
5902 5105
5142 3969
4791 4549
6870 4551
5910 5089
3698 4960
4223 316
1420 5544
5665 7224
4407 199
1837 1559
652 6859
5378 856
5697 5215
1244 2443
4567 5296
2849 1847
5368 1614
4519 889
7051 7210
217 1124
1971 4748
3812 3677
7597 5844
6355 2060
7123 6854
3313 4516
3366 905
88 1599
523 3621
4775 138
2265 6246
1713 5325
604 3467
5819 3787
3540 5404
561 3334
4535 5854
3983 2208
2072 7066
6300 1739
5683 6724
342 1203
6043 6393
5217 2076
2866 7601
2108 5772
2391 2484
391 2183
3575 5400
2585 117
7738 1347
6501 4294
7456 4554
6011 1124
4360 1837
6460 5077
1772 3610
325 6072
3536 2448
5178 3851
1973 147
7593 7133
6248 5346
696 6772
909 705
5045 1256
7596 662
1603 1187
5931 42
7218 4944
4199 1433
6822 1551
647 5481
3287 7159
5224 4886
2675 6822
891 5299
5821 7735
5715 6324
1225 1239
4069 346
1167 2052
1067 2936
4363 1704
279 3045
2051 4898
1770 3125
5782 2390
874 3090
3358 145
6848 6512
123 5704
2756 1523
5823 2497
3073 2527
7465 203
2470 3878
2746 3846
2234 7779
4642 5553
954 6611
3522 3507
3564 3871
1081 6242
4440 5419
6643 1985
12 1244
5842 1215
6979 3856
1762 6859
6039 3861
2361 4975
962 3196
1234 3315
3796 3206
1341 1915
7320 4118
3130 6818
4391 4026
7060 1908
6880 1237
1568 5202
3550 4424
6506 3091
5892 844
3734 6184
2567 6394
6082 2660
1118 3513
4445 6819
7125 372
3001 2862
7155 5930
4663 2136
7263 5261
2163 7452
7618 2011
3409 828
1011 6849
5204 4097
5615 2286
3527 325
4782 3976
5247 7621
1253 3520
48 828
6546 2529
5784 2482
1134 7040
3116 5254
4328 1995
7347 1874
7365 7636
4348 7187
5394 2009
5549 7335
2966 2613
4826 2052
1733 5045
6806 466
7090 5404
3683 2762
2722 219
496 3300
2501 3215
7771 2818
4081 178
999 1948
4679 765
6137 7844
818 5910
2838 3032
1508 1559
773 5142
2890 5423
7348 1360
5920 282
4472 5974
7646 5618
1622 3770
4641 2746
3057 4784
3672 2326
6157 1191
7006 5425
945 3378
4577 6051
4856 5569
2180 4047
7298 3391
6978 3860
7259 5178
7310 2098
1240 6344
5939 6813
4090 170
4027 4930
6746 700
3733 6986
5514 1698
7112 6643
47 785
2270 1671
7010 4321
5283 7395
1765 28
5447 7010
2588 6611
5826 923
2243 3628
2002 4338
3353 1256
3528 7788
1222 3488
5462 2109
5860 2998
1769 6977
1678 4493
6685 6897
7321 7389
1029 4401
986 3477
6614 3208
6399 6423
2194 2862
1758 353
318 3146
498 58
2972 2120
7532 5338
2788 2978
5595 3622
5640 5170
5973 4538
3386 801
7620 7464
7078 1059
876 1909
5914 1082
6974 7437
6343 1275
1883 504
5126 5262
4371 1028
7547 705
4711 2995
246 6846
3381 3608
412 7347
5135 6238
5158 1184
5780 1481
6016 5855
4508 1167
712 4624
5372 887
2773 1231
1320 4321
3666 6608
4620 6238
2029 316
7183 7063
3082 2353
7773 2999
3835 2634
5201 5844
5791 2360
6004 1396
7217 7219
2952 3724
7568 2248
811 723
4064 3092
746 5832
5239 499
2593 2965
3606 4318
733 4414
3865 2284
2920 5544
6473 7677
5626 715
2519 4966
6773 3758
5088 5585
5147 3733
6774 2527
4563 3748
4963 3232
7751 249
2699 420
7235 6297
4418 4115
752 6283
4295 6399
7302 4128
3162 6797
6736 5317
2690 1572
4483 1178
2951 1347
4671 7521
1497 1737
7385 343
6027 7388
6295 4748
2420 2801
5138 5447
3399 5606
3114 2154
3233 6673
4561 1636
485 1508
7703 6848
699 4604
5762 557
3868 2528
407 913
3301 7347
5356 5233
7403 6658
4458 3343
5738 102
2080 1678
4955 4767
1823 2746
6 6629
4203 3907
741 204
7530 1503
4065 1426
6435 1067
4474 4964
7686 6970
4694 5104
1434 3157
2 6382
1980 7744
6894 6621
5913 4670
6359 519
6732 768
975 7587
3634 5584
4895 6860
1904 3205
7801 7298
2050 1534
4648 5122
3417 6824
3475 3399
5164 4457
2069 7735
3184 1847
7616 7174
5437 5243
4689 1166
869 632
6634 1155
1821 5233
1418 3873
4033 438
7323 4368
1607 4564
1432 3746
7171 2028
3899 5182
7811 504
6218 3353
3274 2879
3240 1509
2204 6806
2393 3594
6466 4420
2612 6757
1643 5991
6179 2618
1650 7497
1461 6581
6457 7713
1448 6245
1023 5902
2955 4987
1242 5928
6310 3090
95 3001
3483 945
4020 2039
2630 1806
2083 4087
463 4476
508 2799
3994 7277
3815 303
3524 6048
1826 7063
112 2184
252 2248
2737 4963
5464 5378
4453 6900
3017 7273
3336 1271
1424 4949
5196 5568
3726 4942
5020 4440
3816 7104
1945 2190
4652 4628
6148 4625
1296 3666
7394 3092
2347 135
2193 1011
5403 1698
6826 4896
6533 5285
3808 1134
5222 6052
6728 4865
2850 2393
533 3293
1414 279
6733 1338
2510 5772
2233 3696
2732 2799
5838 7041
7590 1837
7453 2770
551 3186
5498 3835
3350 4145
3941 5346
5610 3631
6561 723
6213 2916
2729 6282
374 6036
527 2197
2479 3093
2206 6501
2176 7788
1349 3941
5959 2479
250 5356
5699 2616
1714 7700
3932 3534
5084 3576
2134 6036
6167 5958
7586 7707
5334 2047
788 6855
1942 541
4558 368
7720 1149
7565 5784
549 4294
7330 4884
3160 2243
4696 165
3783 1772
194 5552
649 4203
189 1845
3623 54
1186 4634
4285 1966
6045 122
3022 7568
6998 3132
1210 1880
5187 7052
3330 6278
1589 1076
7345 1992
562 7539
5065 51
6074 6752
2575 2601
423 2329
2852 7627
4820 3634
7652 6289
5223 6036
7222 2200
1854 3027
6143 921
5847 1588
5011 5079
5494 2650
4972 6686
6965 6944
6206 114
6042 1242
1740 4668
4639 1714
3395 4896
6451 549
4179 7078
5064 1682
660 6781
7716 6968
6486 5269
967 419
7830 7263
3211 2677
5060 2194
515 6608
1954 2849
166 3528
7243 362
4029 2839
4647 1760
4824 7464
4362 6392
7312 4476
4286 1852
5499 1414
1066 2193
7790 5267
2081 1354
6063 4826
1165 6457
766 7304
7137 6130
1949 1222
500 1448
5440 5994
168 7521
4527 3286
6557 3610
2105 6926
2375 419
5977 832
5596 1919
6019 2583
6498 6295
2701 3943
2908 6063
7246 6457
7201 4625
1749 3941
2179 2341
4533 5020
1763 5054
5537 343
6955 6986
4934 165
4402 3253
6877 4250
2033 6169
4096 2528
682 1671
5533 1248
1951 7277
5209 4918
379 7070
6963 6507
5370 2831
6164 1769
1305 6354
7435 2907
302 1557
1851 5077
669 5762
4523 6333
6807 1873
3089 6399
5871 5743
2129 3162
729 3421
7820 5729
3654 4116
4140 1061
4125 2206
2678 6567
4442 3206
2926 7719
4039 1161
3030 5775
4246 6244
5248 126
7402 2575
994 6016
1130 723
4573 353
6424 3057
7789 3690
4885 7720
5141 2964
2549 6640
5029 5995
5605 5613
5900 251
4952 942
5092 1559
1902 3266
6632 2852
55 2286
4765 5874
3072 7716
1126 6840
4136 7788
5694 1027
5082 5725
3317 2353
4220 4163
4459 4994
2494 5538
2455 6918
3867 2965
591 3257
6850 4996
1333 2834
5432 6406
7113 3734
5229 6369
3981 2104
1162 7646
7242 6549
1406 3306
6217 1178
5754 4763
7339 6958
4510 2664
5850 7837
3667 7810
1044 3329
6861 3414
3284 2936
3251 7601
563 3595
5278 1414
2094 2327
2089 1460
4811 7549
7160 1806
3890 3020
819 860
3512 7422
3682 4062
150 5289
6925 795
4486 3540
3237 820
7254 3911
7653 6681
381 5743
6862 4046
731 3921
6468 1828
1965 5178
2141 5715
98 5658
172 6109
2219 5751
390 6713
2282 832
7745 3115
1518 693
2514 891
1694 5367
7640 4558
6597 6035
7303 5658
395 662
3945 802
131 765
3954 7681
2900 7376
5815 7566
5057 3892
2351 4582
6178 1894
3537 6393
1250 2076
2406 5531
1062 6457
7507 348
7350 2265
418 4101
3014 7140
4398 3522
501 5940
646 5076
4522 4497
4216 6241
393 2761
2684 7225
6412 4047
6288 5542
5251 5838
7050 1163
6281 4030
2159 5932
7455 323
6270 1714
7563 557
2913 1556
218 4689
4796 3421
1735 7761
3573 4510
5777 3941
1878 5412
7714 7801
5472 4475
6124 5398
3578 2782
5530 5824
2162 3578
3487 6167
235 2950
3700 3116
3060 3544
1389 3405
5975 6903
6821 5569
2250 3695
3117 79
2597 392
5589 6489
6268 1497
3178 1094
4219 4450
2087 3459
2700 1580
1538 3456
4002 7817
1312 2159
3349 4588
452 5092
6334 2104
5507 7414
6762 391
4214 6760
6405 948
6695 4268
4022 5054
1611 5423
7149 2219
2025 2108
3316 6357
7607 599
2688 4023
3545 3020
7029 1538
2427 6673
5894 2761
5428 5338
4541 3981
6842 4321
30 7636
1964 4856
6605 6864
2505 5659
6161 5704
4383 1167
6481 1682
4060 6412
7451 7587
4926 2236
7157 1095
7635 5613
378 1559
3782 1883
6338 6295
7314 5777
4274 2165
6536 122
1258 3211
1866 272
1492 6963
1797 5507
3098 4057
1529 666
474 2200
1899 3472
7730 1513
1673 3989
394 6961
4524 3838
4979 6585
5701 4886
3002 3932
232 3208
597 7224
5717 7700
4873 566
389 7353
1906 4563
4287 5615
3824 3123
2186 3287
7569 3622
676 6672
6838 6762
2507 748
3562 1451
4054 4784
3908 4039
6448 5939
6279 6823
3170 6686
7381 234
3971 2495
4985 4753
5152 3862
4018 4625
7206 7116
6654 6891
2928 597
161 165
2767 7773
3950 908
2798 1673
2088 4934
6659 5481
4323 1128
740 986
1297 1537
6646 3091
2244 6837
6054 4132
4157 6447
350 7234
3249 2603
3101 3938
5716 801
4754 1412
1326 7051
5518 1360
3165 6398
6665 7172
3714 2141
5330 3758
6933 948
4071 1282
306 6819
968 1254
3276 2351
603 5840
3345 4054
6114 3782
3288 5236
755 3573
7195 5993
3836 316
3722 7702
4326 2596
2623 5747
3252 7293
1409 6314
3744 7435
6487 3164
2797 4824
1454 7789
601 3524
890 956
1991 1899
6655 4697
5540 7477
7787 325
7544 3143
857 1149
5002 6613
5169 3111
7363 63
6636 7138
3380 4695
7649 2243
6029 4591
1819 5972
3480 6935
5879 6476
6050 5254
5173 3156
6202 3480
4068 4157
5048 7738
7121 7138
6836 5164
4570 6787
4258 3317
3443 2008
5333 5387
5504 1113
4531 1964
702 6048
7538 5591
68 6027
5851 1945
2520 1878
781 712
1430 2703
6374 783
5385 4533
6187 2788
3525 111
7089 7201
641 2206
3652 5202
2863 4799
2242 5838
4832 6978
1152 307
1950 5762
2352 4054
4557 3720
2454 1262
6923 6965
3541 3703
6929 5996
5410 765
7257 108
5970 612
5555 3730
37 2999
2682 1385
2947 2688
7398 528
7150 7186
979 4538
2569 766
6626 1162
2307 4604
1277 316
2301 4979
5632 1081
3148 1557
911 2121
6260 2438
3362 1627
2691 5262
328 2327
3440 5489
6886 231
1098 6132
2837 4203
7482 1826
2324 2833
2614 2866
1606 1282
1657 5271
236 1917
6440 5467
3616 1682
6630 4380
5767 2851
1913 1797
4454 869
3037 889
3779 4062
2315 945
6720 4598
4798 4486
5193 4424
3410 5254
3693 7399
2504 3634
3882 752
2881 6613
7099 4398
7834 2347
1815 7767
6056 5147
1741 2766
1926 2088
6422 7118
1499 2184
4804 2324
481 2462
4168 4494
3044 883
892 4614
5598 4068
7447 3677
3495 5208
6688 6367
7341 375
1635 1162
565 2131
1857 7348
1617 6908
6208 3639
1064 4748
1759 6743
5732 3123
6556 2478
3880 5219
3152 4136
3185 3839
4095 3743
6545 3114
1900 1697
630 5242
4309 5182
2676 1433
186 1430
2405 5094
2357 3333
2748 523
6145 5926
7520 3349
7459 7103
7684 5090
7173 3240
7613 4373
7244 870
3077 7834
1785 3921
6346 2521
4927 282
1291 5640
7143 7350
5246 1969
1015 178
4718 3715
7617 7787
559 7231
5567 2498
6223 4472
3302 775
7643 3594
4113 5568
5827 7636
6032 1024
1721 7160
4607 1348
3352 3628
4710 3044
657 3856
1443 722
2887 1072
7748 740
4208 3145
291 6374
43 823
6997 1166
6484 848
7511 7443
1700 3536
6294 5816
304 1425
987 1760
4924 1845
3065 883
4193 3334
6856 2033
4257 1635
1463 1760
3235 4159
4067 2307
638 824
2760 3315
1582 1175
623 7312
1690 4873
953 2910
5118 3733
7064 304
6571 7388
4904 2831
1566 4445
3806 508
6912 1143
6226 1538
4887 1980
2982 401
2912 3945
1834 108
4503 4030
7750 2442
535 3397
7427 6998
130 3484
5948 4950
643 2357
2807 2881
866 3623
380 5589
5411 6226
3389 7206
6134 5900
6458 2802
4141 6953
3209 6926
2421 676
6696 1898
2816 2833
546 1418
2314 4374
1515 5715
3965 5054
4355 5115
1293 1524
958 2613
1660 2109
6155 469
6253 7381
7193 4839
1696 3170
7528 7712
1923 3512
538 6676
629 7272
1445 4573
593 3987
5601 3671
2118 6576
3978 1590
6304 1124
2902 2243
995 4523
1090 1995
4148 6374
6441 1616
3658 1338
5137 2103
930 6926
1381 715
6276 1296
341 357
467 2059
2536 6840
5 7714
3637 6620
4153 6567
7515 4122
3489 638
4762 2091
6197 1789
3643 3764
7546 4328
371 3965
5853 1161
2768 6629
1141 2910
7035 4796
1100 2691
6033 7548
3659 6983
2339 2762
2934 6226
2261 119
946 5205
384 1238
2975 3667
2976 1097
5240 6244
4615 6039
1937 700
7740 5832
1777 5173
813 3747
1993 5104
2924 4091
695 4228
156 6558
692 7029
1295 5440
4843 7820
7524 604
1793 1043
2764 5763
1060 2586
402 1043
5146 3544
2986 7794
3781 7779
6483 2429
1384 2999
5042 6681
3605 7573
5098 6798
981 2105
5429 135
4436 3815
4131 4498
1840 2528
4187 5164
4005 3343
4121 5334
6053 4614
6537 6896
3920 4966
1976 5085
5872 5525
6275 6703
6370 890
4715 53
2511 150
3617 1291
5831 1771
5376 5963
3241 5853
5374 2261
4721 1704
3960 4523
3019 394
3499 3838
3268 685
5506 1332
7484 2655
5241 307
6407 1240
4245 7602
1306 1373
1887 5931
6142 3528
6866 1235
1265 4610
3948 6536
7291 4782
289 2926
988 3816
5726 7785
1827 3311
6077 5419
4810 2186
144 6216
4892 2105
6084 1590
1417 5045
5915 1606
7001 5553
6290 6398
2870 4121
7111 3274
4786 5278
416 147
4654 7304
3069 3014
5524 5601
214 442
2412 3167
2313 7350
5837 3824
31 5701
5129 1190
5268 189
7086 1997
7561 1231
3561 4205
1005 37
5266 2703
2897 6280
4248 583
3665 4169
66 3101
7371 7132
3359 5251
2147 302
6550 2760
3376 7563
32 3337
639 6967
3124 418
5822 2744
2605 5356
675 1240
6709 999
6879 2025
6023 1985
2735 4373
5924 3001
4565 7232
4269 3497
5621 887
188 2875
3471 6701
6175 722
5786 5823
1185 7186
3656 2934
4797 4081
7457 1370
7145 5309
933 2012
3256 4118
7704 1803
4158 7370
386 2121
237 3667
3189 3662
5961 866
2994 7620
4860 5703
767 1746
6708 913
4859 7210
6627 6034
7796 5827
3864 7643
550 28
4882 4027
5620 3497
4932 2291
6274 3260
3097 1060
2963 5554
5676 3915
3465 7668
1374 1482
157 3245
2855 4248
297 7291
4751 2882
5415 7745
4790 7320
1978 2959
1683 3816
1905 7213
4667 1454
4043 479
1633 7081
2810 7748
4172 2286
3147 6414
1480 6849
5294 2554
2258 6139
4743 3717
3791 252
1483 3967
2791 5204
5845 7540
38 4806
5214 5094
2269 1042
6403 3101
7499 7838
6156 6082
6108 4934
46 218
397 5568
3292 7714
6212 6344
7839 6657
6804 6008
1193 3755
5597 3022
6057 2028
4946 1060
4082 6142
2004 3922
4500 4776
7827 3189
1318 6993
1708 6511
6496 7090
4452 1978
626 3742
6102 4261
3269 5209
2546 911
2437 3273
6356 231
6667 515
4913 6435
486 6846
5781 6334
5314 2566
2674 2451
4593 6571
7807 3851
4665 5451
6009 409
7488 6701
5140 741
1751 4528
1365 767
5365 3662
4699 6229
7670 3185
3392 5974
67 1559
2742 863
6383 7284
6416 1505
2338 2354
6194 5476
545 1831
2253 2287
2274 6923
3182 3770
1747 318
5564 4541
3739 1518
2878 6346
1832 1062
2962 2881
5359 2536
1378 629
3041 2338
490 2110
5465 699
512 3761
3453 3782
7306 3233
689 4274
228 6119
324 3741
5934 7163
6018 249
2006 7335
3784 535
5685 5665
4412 4799
264 7762
3713 4706
359 4219
3355 2206
3802 7586
5416 2620
6707 4498
4255 4913
3926 1190
2097 2593
5888 6614
1251 3541
3448 6553
888 4095
2020 496
435 5401
4792 639
2289 2676
4270 5364
2533 3316
4312 1186
516 5266
369 5944
6493 991
7008 498
2435 5961
4461 235
11 7587
101 5694
6554 7088
5578 4225
7013 643
3332 1155
5035 7833
5327 945
1984 3840
7220 527
7492 863
2436 6224
1933 2603
6948 4751
2441 3184
6351 4096
5043 1177
6340 3286
2227 1884
4929 4747
2642 7143
4688 3730
4789 4569
7519 5039
5226 948
1640 2690
6387 4938
2724 723
3109 1262
2374 2391
5433 6002
1527 6554
706 2742
5384 4032
1511 7468
2279 3022
7489 1222
2021 5683
6332 968
1328 6886
5573 1700
4277 7492
4666 2799
1288 5137
6988 4127
5165 7445
227 7545
4959 1971
5710 7691
724 7647
4405 4194
6012 2897
3078 4586
1172 6918
7130 5366
448 1434
255 2020
321 6900
7279 3643
3004 6104
3974 2163
607 4972
7463 7206
1084 11
1911 6216
6989 933
7460 6773
3510 6732
5406 5442
1302 1442
4400 474
4657 1335
5992 1515
2778 5837
7324 3350
502 1490
5633 795
3470 4535
4623 268
2474 565
6531 1012
3121 559
814 4633
4152 4640
222 6846
6170 1232
6188 1362
1194 1904
5264 1463
1500 1610
5402 563
2488 1512
5176 7570
7685 836
5680 4809
1959 2597
6482 95
1872 232
2346 3055
4506 7457
5461 6866
4337 1633
2541 3397
465 38
1522 7686
5046 5459
1453 6053
4014 5207
2328 4896
3600 5205
1561 965
7449 4375
5279 3915
182 4337
7753 47
2078 1700
5059 7386
1116 6583
2077 7052
7808 3637
4028 3816
2522 786
6692 7601
2556 369
5895 7324
1440 5390
4428 2317
3402 1862
2856 1915
5369 376
4419 412
2694 651
4645 2903
6075 5491
6299 3378
2506 4629
2440 1061
3580 2212
2168 3594
1885 5187
7619 1413
7699 5960
903 1551
2153 1676
3973 1568
1602 733
5426 4147
1139 7834
5835 6846
7533 1526
2898 1084
4755 6562
5291 672
1264 5595
4236 4060
7295 5823
3820 4470
7282 2301
4781 6477
3738 1481
3413 3560
2656 1534
2189 7013
570 2839
3506 217
6306 4882
7342 4341
7307 5569
254 6581
4714 4713
3793 4128
286 2674
6105 630
7364 4627
627 3691
3551 7570
1573 3293
2046 2443
6871 5305
7161 7459
6005 7298
838 5115
4031 3299
3663 279
1662 6728
3858 6585
2661 3200
4888 6395
4415 6894
2741 254
1663 7174
1729 1580
3701 102
6761 4425
3254 6631
3191 5247
5808 1064
6162 4333
436 3770
7027 1391
7604 5241
4124 2472
7552 2678
5999 4453
4656 201
2085 5584
2416 3101
2026 6061
5297 5403
4546 7499
5180 3101
6467 1385
7446 6105
3418 6850
4635 2169
5495 126
6127 5948
1272 7559
4736 5347
3326 6702
2001 6155
5124 5751
2590 1333
5343 4153
5063 3199
3363 1066
57 3192
3857 156
6037 5312
2124 474
5863 5923
6363 4633
7205 7008
7084 6545
4416 5165
1308 103
4693 3397
3753 6221
6452 591
1679 5285
3615 7627
6172 7205
2555 3802
3629 6185
1535 3055
5698 1915
5865 2499
4908 5202
5405 2971
223 3082
5161 2612
3614 5451
1886 5327
1346 5646
5434 2630
7191 7161
265 3561
1799 1161
1946 3645
3218 3268
6497 5842
6396 3713
1644 7462
6889 6936
2551 5549
4575 5214
2158 4549
3187 4620
4280 3119
5776 5652
5720 946
602 7451
6453 7720
3549 5188
6135 3279
3043 5501
1548 7552
5684 7649
3664 7326
6816 2029
6949 182
1628 5630
2115 3035
4221 5331
4977 1511
6719 4955
5519 591
2953 2218
2914 7456
437 381
1195 1414
6943 1302
399 2901
5700 7552
503 119
3957 3820
1809 1949
4841 2991
4252 4052
3425 4815
7718 3196
854 6204
1998 6108
7079 4754
4752 5754
3581 2670
5886 3048
4947 6354
1571 1663
5025 2083
2214 5032
1824 2521
7357 5865
6802 5995
4585 178
3344 6933
1078 4357
3198 7081
5671 2197
3338 3865
7664 5951
5213 4933
7692 2875
7763 6646
3177 4789
7019 3849
3016 4261
3271 2495
580 7718
6962 1210
1718 2722
4948 3617
521 1496
5203 4250
2122 2277
1051 3717
4566 3615
315 4566
6552 1760
3585 6903
141 465
148 1574
4086 6332
6475 887
2359 549
510 4101
7480 95
842 1153
2929 2482
3547 1483
4038 1442
5448 5044
568 4618
5733 736
3265 6571
2625 5122
6960 6672
1779 7150
1352 7544
5515 7217
6375 6316
3563 6124
2534 7273
5759 5863
26 6483
6249 7363
6865 5398
7170 6701
7154 3302
2743 2435
6080 49
7038 4163
4437 7546
2754 372
1000 524
3543 6634
2970 29
1017 2477
964 1262
489 6739
970 2455
1269 3793
4530 2786
2226 6473
1423 2400
4495 2050
6586 6923
4534 2586
6784 2889
7107 1256
772 1878
7428 5671
6919 2575
339 741
1085 1124
1530 3443
7175 6220
1808 2173
4660 1440
877 4751
1351 3175
2755 5783
7108 2880
7058 2176
7440 4874
1091 5152
5101 3851
7002 6468
2369 755
5113 5262
3473 7205
2397 1644
6322 2298
6235 2856
7179 6797
7784 6356
3000 1463
2418 1972
3999 497
4787 6653
3320 1392
5195 2703
4235 1926
6117 4628
517 6857
1198 5865
3709 2540
1449 7456
1048 4566
5018 3658
1158 7531
2419 1409
210 5780
3377 4755
6548 3001
3331 5481
7433 7048
2016 397
4409 1238
611 4458
4359 7681
1353 7194
4770 38
4417 1199
2114 5157
278 7519
5273 731
1981 3155
7799 7339
5979 2555
681 3824
2142 3867
329 3829
5695 5419
6402 3489
4413 7070
6006 2730
113 7314
3937 2265
4854 7567
4550 6039
3775 7056
5623 1128
3486 4550
1578 5203
7283 785
4507 6718
5614 2501
5836 6862
791 1170
4342 533
1546 5694
5016 1306
3533 1808
7562 844
3492 3380
3291 4111
3201 2132
5010 3961
6100 3540
1825 4498
6831 672
1764 2132
590 7295
7377 1556
6302 5716
924 7185
776 1062
6430 1085
2559 4938
3678 5264
1089 5671
5745 5722
6876 5043
6805 392
2256 5059
3929 5888
5590 5597
4636 1401
7411 5161
4105 541
7091 6289
1246 6170
4734 2901
7534 6772
209 1698
2064 6825
3712 4603
7226 1615
1773 4323
287 6249
7275 4269
564 5135
1563 5115
1955 254
3061 7620
7473 1763
1727 5365
241 3189
6269 6306
1197 4238
2223 6676
3095 5472
3372 7580
3067 6855
2126 6117
3633 1760
6817 5680
2367 2271
2337 3662
5818 5827
7727 2011
6916 6108
3992 6076
2385 4688
5183 5102
2874 170
6915 5447
5947 5325
7585 2363
364 794
6820 6532
1140 967
807 2659
4931 4507
4302 2639
1705 2613
4351 2694
6852 4061
4281 3329
6594 6011
4730 7492
7014 1053
5660 2002
5785 4955
982 7187
884 2263
2673 1507
5058 4420
5907 227
4829 2792
5593 1378
2299 7463
3944 144
5263 5939
7504 217
7436 2130
2167 2212
6271 3663
4247 7480
6303 2328
5656 7764
6635 219
7332 1754
5978 630
4218 4546
1456 2084
3298 7058
7015 1167
6461 2529
4597 611
5773 6
471 1534
5529 3717
107 4254
582 7586
7229 5416
4211 3926
7793 2930
1314 6070
4943 3031
1928 6343
2275 3852
2496 1683
2624 823
4446 1747
4050 3555
2199 4145
5216 760
447 4993
5487 6748
6715 3917
2018 5838
2814 135
4631 6885
3204 424
2578 4847
4346 5243
2320 4246
3321 243
2417 6083
3689 6537
7812 4402
4381 7010
4167 6491
5488 7466
5770 6629
904 3481
7754 7079
5123 4755
7354 5838
3509 7790
3323 393
4160 981
2155 2291
3624 5844
633 867
3242 2754
6731 7342
7269 7063
4722 1718
3247 1886
1689 7254
5857 5598
5149 346
2480 7746
3319 2887
7009 5665
5086 6992
7281 6439
4823 869
2490 7612
3519 2320
5276 4551
3766 1258
1653 681
5066 3610
7697 607
2432 7368
3105 6851
4021 7677
1003 5393
3080 4169
5559 866
4435 2384
5446 5240
6420 4172
2666 5064
1564 3744
5167 4541
1569 2361
6150 3818
1321 6407
5539 1937
3012 4887
6969 4351
4974 2197
7349 4418
136 5819
2938 4684
5986 2026
6652 6487
1652 7070
388 4883
606 3543
6565 6949
6541 250
1189 1534
5730 7569
5230 1841
6180 1198
2552 3406
4953 7626
4973 2758
575 4696
7615 7497
1283 448
421 741
6555 3145
7061 356
4988 3714
5778 2159
5734 7108
2350 7620
3426 5992
7739 5739
7728 5548
7270 3028
2207 638
7760 1676
5431 3701
4518 2263
6058 1923
4126 2484
2394 5548
1621 2409
1176 7190
6378 2889
6598 3748
3053 275
1364 7576
3577 2596
2894 1374
3503 4411
2305 2152
738 619
3075 4415
6832 4994
2446 12
2340 1465
1983 1130
6524 3376
1431 6008
2636 551
7557 7090
3238 7011
3732 1906
7239 2
7391 3775
6756 4689
56 6004
7678 1572
1681 4878
84 7765
2683 3380
7184 3487
4937 612
2195 67
449 6957
2431 2999
1722 2110
6426 1640
668 6268
1623 6322
1174 4128
2509 4595
5383 1164
1054 201
7471 3187
5740 4153
2708 1724
2864 4268
1135 6220
2581 7206
6140 5781
7075 3252
2672 5578
2345 7575
5245 1320
6650 6398
3641 3784
5221 4904
3881 1616
4727 3746
7 3263
5577 1984
6227 6498
1601 4964
6766 5193
2621 3941
5858 4566
7396 2441
3161 601
5793 7225
2057 4704
518 1021
6589 6936
749 1163
3351 4558
1922 5559
5475 1509
4134 4972
5714 5276
3762 4132
2297 5090
6330 2431
3705 666
453 823
6209 2872
4063 1737
4083 1276
7493 3793
2868 5623
2564 1389
2847 3494
6580 1235
4986 4031
6231 3499
5396 6113
6907 252
4802 1899
3514 697
6881 1769
118 6396
184 6969
5922 7530
3768 4950
7682 2844
3986 724
6705 1337
598 6589
5756 1352
7256 1944
2577 2033
3244 1724
985 7499
596 7617
398 7615
5109 1606
1712 904
6335 4199
5528 5544
7645 7363
1150 4609
7080 5127
1871 6234
5600 987
5078 2092
3680 6140
7023 5384
690 863
7228 3456
3223 4409
1560 3698
4501 6234
4976 7627
5336 3495
7800 3201
5056 5996
3083 912
6502 4960
2550 2343
2714 5239
5925 5004
6777 1065
4616 2551
4517 2788
2646 4026
4940 4964
7069 5433
4249 7127
821 3409
5493 2088
4422 1732
4182 7670
2989 1913
1881 4287
7372 1794
1325 4022
7832 2708
704 4094
7815 7118
4992 270
1200 1732
6799 5939
2428 4414
1304 3938
7358 7055
4233 6979
2824 4145
1220 1675
6911 1809
5527 5726
7829 2140
2293 3268
344 2427
3531 4218
875 6265
2311 6174
3590 4645
7166 6430
6564 7029
5452 2901
3084 3438
3797 4518
2054 4392
6192 3672
7717 402
3554 355
7843 2162
6995 6673
3412 3935
2983 2862
7044 2231
4171 3218
716 5583
7101 5365
7094 844
1322 1821
1990 3999
349 5595
2500 1259
5982 241
3227 5241
6349 6117
5638 3784
2793 2978
6528 5745
2711 7219
162 7430
4479 7621
622 5057
5034 1678
7039 4057
4378 3606
2273 1481
4229 2989
4177 7561
3619 6216
5774 6275
3609 7045
6905 3908
2251 3249
5318 5105
4728 7282
2318 312
3361 6142
5677 4182
4990 5476
4389 2289
2486 2268
3415 7585
7666 564
4499 6222
6671 5872
5427 122
683 6289
4807 1317
2932 2556
1855 5714
1638 6305
2695 2069
5882 3352
2267 5920
5413 6916
3991 11
6615 2067
2238 2844
6964 6816
7352 1751
2239 3585
3176 5597
7671 7185
747 1589
417 5486
5666 4384
7369 71
4432 3828
2192 5579
6898 7792
1903 3440
2254 6150
4842 2730
6062 7778
555 2451
4207 2078
2430 675
2638 5630
6563 7458
3756 259
3008 6720
7560 652
476 197
4967 7250
3447 6664
2325 7769
4427 2512
6749 2278
4317 7730
6704 3783
6427 3563
5809 1851
5935 5892
3042 4818
2840 1919
2175 2428
2602 6879
2734 1983
4282 2339
587 3549
3052 6552
6516 5102
3190 4693
3891 4160
3566 698
2968 5949
7135 2197
2942 7820
4358 583
1778 5685
3144 4238
1485 5571
238 3564
3872 7735
6616 6238
4166 6418
759 7149
2082 3882
2909 4373
3452 251
4725 1331
1458 6897
4278 7589
3063 4416
6737 5082
4393 1485
1281 1630
858 6842
3297 5110
4180 5772
1114 5867
5546 2076
3686 6386
2513 7807
3122 275
3476 1015
1552 2682
3789 3698
7268 2115
4464 6943
2739 1064
3653 5520
7147 7446
6129 5758
7802 1960
3918 5844
2702 1830
3374 1636
2166 1923
5921 3920
1952 442
6744 2351
6691 3409
6843 1778
4304 876
6910 113
862 6592
6097 4338
5244 3284
3430 2134
6094 5278
4151 4666
3267 7277
2765 2094
7212 3344
1745 1630
5918 7643
4879 7422
225 2505
4055 7257
2044 5995
5893 3994
5675 510
7373 7291
3912 7668
1334 1134
5490 194
2828 3753
6385 7602
4012 1734
6125 2054
951 6230
310 5747
7780 5826
6858 1809
5891 166
1438 3054
5635 2109
1651 2291
4850 6664
1031 5032
5575 4533
1457 7748
7592 6585
5121 3117
4956 7350
6360 4288
3661 5829
6786 3683
6782 204
1861 1091
3118 3787
6547 4474
5899 7332
6863 6900
7595 7640
7676 4972
6318 805
2795 5939
7614 2360
4509 2256
2668 5279
5438 1203
2045 7577
7405 6541
677 4797
636 2852
5153 6943
4505 2758
3830 2511
2973 1194
2042 6955
6298 1492
1655 6846
6520 6662
5474 1264
1357 3592
6286 1210
2906 2042
1056 6672
2378 2627
2745 5208
6625 1712
4330 5459
3013 5407
5803 842
2358 5925
5510 6224
269 3227
6232 1004
1047 328
1224 3734
771 5772
1649 930
5884 3130
2304 805
6714 5085
847 968
7776 3540
4185 6066
1447 3053
7503 7720
7603 100
257 4836
2135 1623
5345 6140
7214 1004
5417 2328
1596 2739
2979 7111
631 6134
6904 6549
1692 3691
290 4454
2188 53
4093 2276
4217 6142
425 5548
1356 5530
7410 1993
5414 2279
2592 7150
4139 3800
7082 387
1934 6557
6390 4616
5136 3397
2572 2839
4726 5033
6401 5632
1816 2298
3985 3178
6092 3715
239 3407
6087 765
5449 4926
2547 67
1180 339
4271 5910
1050 1825
947 1178
881 1937
4827 2805
3207 1983
3644 2822
7158 4445
4266 3991
833 3461
1977 7056
7022 7826
2459 4250
2780 1794
3348 876
6490 6981
1528 7123
1631 1384
6469 6611
1996 5405
7207 2051
5769 4712
6841 1765
4484 3459
6450 2605
4011 2439
6503 4874
4142 4025
2262 2548
2561 6962
1319 344
3853 1913
2997 1823
5041 2269
3930 489
258 7464
34 6114
5335 2951
4795 1675
4504 2890
7418 838
1324 2269
5038 7563
91 241
6429 5432
571 862
4164 4459
74 499
1350 1747
2181 6565
2376 3271
2640 2659
5485 4095
3364 5452
4322 6306
829 2163
5873 178
262 389
1989 1326
4741 4094
242 3462
3034 4628
493 4952
3375 5484
4202 2054
5967 3808
2941 2701
3370 1851
5752 4931
104 1096
1339 6951
6189 7567
1022 7593
6093 4952
4773 5680
2738 5296
7292 7244
5547 4082
6648 3541
6361 6907
5817 3631
4449 2833
6186 908
3883 2678
7823 822
6954 4061
2202 4392
6523 2746
2800 7147
6560 4355
7628 6441
6480 107
2266 7711
2071 6286
6975 6282
19 6538
5292 3157
4592 2081
5742 1760
7287 4122
175 4623
5644 3806
4120 2351
6421 6288
3553 6258
7803 4057
547 2822
4922 2218
4325 3345
6938 5643
4239 7389
6833 4184
6684 7112
2112 4056
2562 219
7406 7616
3 7058
2075 7116
2806 1989
5983 3820
6500 5656
5351 3775
2820 1917
6474 5465
1117 6061
7265 4246
6525 5913
6771 2670
335 1332
812 4722
6336 2307
2288 7050
2503 7029
2403 435
2653 66
3051 6121
6604 3121
3736 2147
4403 33
5409 4127
90 3689
6600 646
6417 4212
2398 6514
2933 1336
4195 303
789 5345
578 5519
4080 1088
280 2444
739 401
5550 279
7238 3302
60 3183
5667 4728
4702 4979
3079 4169
7083 3100
3679 3734
1956 1246
1558 564
5576 4011
1327 697
5014 1484
2827 4694
1820 6164
1104 6083
1592 3337
4830 5209
4708 982
213 3007
3914 722
7633 5747
245 6931
901 6963
5946 5376
4204 5628
3794 4422
2372 497
2336 148
1864 7692
5641 7285
65 242
6892 1911
6578 6149
4576 7233
1626 2572
2823 3170
1648 3273
6966 6556
1355 7010
2595 304
6191 5747
6679 2613
3224 2551
3340 4545
4222 5084
3429 1166
7120 2995
143 4522
7553 6782
3735 4458
7721 5246
472 1830
1753 5614
5727 1942
4600 4373
4980 386
4909 4220
3150 6776
7096 4710
244 5082
864 815
4200 3483
3996 4499
4984 4355
92 6003
7062 397
868 3002
3587 1746
2611 1194
5184 1258
7036 1992
6078 632
2865 4197
6508 3334
6409 7135
7816 5271
3457 1692
6606 5778
5634 1571
2272 7405
4853 7713
3493 7410
1585 5141
2395 5976
7115 5451
3778 5596
7605 1551
2127 4265
6924 1888
1674 6317
4539 4992
3740 5600
7701 4417
726 3302
4890 265
4123 2110
7255 2964
3496 4206
298 7592
2576 157
7319 629
5686 172
1930 4160
7708 5464
1912 2400
7030 6037
4936 4214
3879 6851
3505 335
1020 4767
3807 2447
2665 3486
2757 6812
6675 418
6535 7002
6327 4792
7672 2179
7025 4939
5980 2818
1860 4685
3416 6615
5009 2129
7392 2016
2736 4221
5151 5208
1214 126
4844 5280
62 5221
3821 5895
5718 357
7584 7183
5328 4796
2637 7101
2871 1211
1227 3068
2247 610
6388 7789
4637 2205
5797 3784
6971 548
5724 3645
7253 1320
327 4695
6942 6495
3968 4576
667 137
5662 1254
4035 7799
4311 721
941 7539
6574 6501
6068 515
445 5823
4154 47
4707 1794
4074 6708
5304 3323
2733 1454
553 5043
1677 5219
3597 6580
5051 4183
7211 2012
1963 3484
4237 3477
1123 5231
4907 1851
2464 1475
6991 3624
110 677
2445 351
3627 5569
5625 1406
3458 4039
7795 5277
7182 2596
7204 7232
3088 7519
1813 7123
6210 3872
6071 5720
1829 3240
7327 364
1669 5732
7609 2550
3859 6884
3180 1977
4192 7519
4683 2733
2294 3283
7146 6577
5322 3013
4611 3918
6454 3120
274 2403
6147 4142
1366 5162
2626 892
1519 6418
4594 7233
4048 1955
4320 4427
7513 747
2574 4591
4273 2630
7845 446
340 504
1814 1770
5896 4713
2086 4538
4073 7826
5093 2375
1730 5233
3382 4199
3591 1923
2705 1631
526 4514
6410 765
3670 3161
4379 4352
1645 499
1720 1063
6079 3580
7024 5124
2977 1529
4085 3821
3568 675
4739 834
1843 2630
3023 1830
163 3336
4462 2300
4388 2213
5179 5442
1850 3265
6160 5810
770 5968
4310 3331
2553 3959
4332 3985
6887 1851
1979 7513
7336 3461
3556 6401
3893 4318
6985 828
6543 1357
2937 7619
4210 3966
6505 5231
2229 2271
2697 4613
4831 2186
4491 254
2606 554
5008 6600
6827 21
7289 6543
2643 7155
6201 1271
334 7217
6683 6369
1783 912
7093 368
5521 5289
4785 1977
367 7493
6438 342
6973 981
539 5273
792 5674
6767 5169
406 5699
6494 524
2877 1298
3894 4701
196 5592
2106 4586
3239 1126
7582 4657
977 573
7791 4294
4532 7269
2571 1334
2013 4511
5534 1819
2848 6846
2123 6463
5672 1663
2706 2404
3422 5035
5878 421
507 942
3110 4743
193 5940
82 4458
974 5540
5574 838
78 1189
7240 6493
6425 5593
5800 5489
7034 3201
992 7596
2829 1025
128 4453
3979 7607
3411 360
6994 5510
3962 2159
4296 2546
5929 395
3951 2438
7351 4754
5917 1385
6509 2295
6313 976
708 3693
567 2338
2617 5566
1313 200
377 6139
4968 4495
2954 3424
944 1571
3940 2336
4917 3114
2138 5422
505 6005
1188 2462
6195 2278
3308 865
6381 1005
4800 5330
2557 2647
5177 7471
4989 2018
3134 4043
1439 793
5012 1281
5768 2077
6711 304
1016 6561
2034 1167
2196 5778
2379 545
5272 4236
6325 606
2481 4851
3026 5893
5316 4885
5669 7026
7658 1741
6956 7091
1372 2512
1672 2636
796 7570
3845 6266
261 5530
5887 6397
4423 5743
6391 6719
1583 7352
6741 1061
6059 1933
5532 4199
2632 7403
4059 2999
7296 5878
2191 2233
2710 3203
4490 974
5796 6652
105 7395
2100 416
3810 3782
7813 1108
3995 5593
7294 6460
3822 1262
2719 4125
6952 4501
4659 7402
5055 5510
1498 5476
7639 37
1982 4993
6419 2548
1213 1096
4513 2961
6647 4869
3704 7244
7752 3882
5690 3573
3081 4980
4866 6672
6347 1963
6090 2341
7734 113
7470 5070
2449 738
4078 1552
3574 6137
3173 4475
2721 1012
7249 1157
4814 6090
4361 3074
2530 7489
5211 5474
7498 722
2306 4820
7361 4025
2356 3361
7334 4590
2321 5716
2466 3101
20 5615
5750 7557
1703 3424
7632 3440
1575 2677
2010 1482
4024 6826
1270 98
6171 2437
460 6490
3963 6294
7797 2331
1407 3405
4366 4034
1586 4240
7516 1352
4390 3208
1035 2350
2348 3595
7667 7417
4849 7173
4365 6616
7109 2250
7054 5997
2927 3291
4681 362
3153 2719
835 7076
6309 7549
753 2818
777 4565
64 1424
4772 1265
7556 7063
1394 7800
3910 265
1404 7814
6828 3670
7165 6170
85 5940
5556 7658
89 1028
2967 4624
2785 1075
7496 1259
2146 2286
5692 7358
7380 2929
1236 1885
5802 7428
3246 1838
2171 3668
6909 731
6829 2082
1467 4564
6065 241
2671 962
1706 801
7383 2197
127 5224
4049 2595
4135 1321
7485 1095
529 1324
6040 6964
6699 2694
5927 539
5340 5952
2753 2569
980 2979
1609 2030
2259 5082
3335 7792
926 5615
7432 897
2573 2267
4256 524
4971 3559
2652 4154
6690 1933
6384 5644
4867 3297
955 5169
871 4457
6115 1346
6138 5999
3309 7343
3651 3560
1936 4927
4227 7498
990 4289
6251 1240
7506 6851
7479 2162
2402 7467
3675 7050
4978 5412
5159 4252
5746 2347
7301 85
1716 3468
10 7703
5418 2761
5380 4391
4737 622
686 6597
3248 6331
7774 2185
45 4463
6038 2288
2598 6646
1666 2876
7782 6537
4234 3097
7842 445
2312 4942
7114 5126
4691 2708
6513 4971
2148 1988
2211 2092
2296 5089
7654 2612
859 4791
5455 3287
7340 4832
3772 5581
5106 5839
4735 7515
4828 5334
6193 342
7378 2772
720 5910
6644 2448
943 3591
6788 2017
382 4210
4596 2828
3819 7611
2457 1257
2658 108
3282 4687
7588 5213
173 3124
2058 3120
2133 6222
5342 5251
267 3787
4190 3975
3817 4866
1294 6367
283 6142
2790 1734
4264 1111
4344 2926
1939 3320
7481 5377
6028 2588
305 4607
4632 4401
205 502
4723 2009
670 7617
2283 4844
5399 2171
4399 2121
4935 5648
4889 1349
6312 4376
1316 1644
4150 2060
4008 32
4705 417
1179 4400
1848 5580
3855 6312
5131 3764
1212 4972
3450 6475
2542 7489
358 6593
6947 1834
5457 6931
7397 6662
4448 2547
3439 1963
2027 657
2873 7526
1835 5359
5603 3311
345 1898
6697 6905
5912 7368
5192 3154
2885 6258
4961 7753
1459 2131
4700 3647
5719 3810
4756 1921
5764 4348
3464 6606
3024 6897
3221 6301
6112 7151
3924 4156
1775 2283
756 6162
5787 1541
1249 7736
1192 54
1725 78
3737 6288
276 4947
2750 1111
6751 6002
3474 6018
6096 1590
7106 3205
2015 7546
2667 287
288 5149
363 6912
2230 4400
2560 854
1261 7068
1106 6731
5091 2478
6365 2471
1207 3173
1495 3337
5028 6191
5862 6900
919 2238
1036 4593
5031 2800
4301 2829
1205 1290
7322 4465
2073 2998
5586 7041
5670 5627
552 7303
797 4510
5841 4789
456 3929
6526 6305
2725 3486
5235 5540
15 7624
4292 7462
2905 2832
1478 3257
7500 2226
1625 5344
7366 2354
6352 2274
7126 5327
3618 624
2859 2391
1329 3992
4313 3315
3725 1459
3261 3976
6459 7762
80 3492
714 5419
155 4557
1243 5892
2411 4592
7033 2398
6408 5580
6735 3699
5693 54
70 4090
3694 2457
6602 1654
6661 5374
3814 1734
273 7094
2992 5677
3500 5925
3181 1064
3441 2729
4000 4054
4643 6998
7461 2304
4406 6157
5608 4599
1280 7470
1057 5623
998 5699
6455 2184
6669 3941
2144 7708
3463 1379
6095 634
1659 68
1487 2924
817 3285
1591 6917
537 5603
3003 4531
2609 6332
7768 4338
5019 4688
1274 4807
983 2428
1736 1581
5357 4741
5749 3594
6694 7050
6638 5943
2452 6872
1058 6319
989 89
212 1793
5443 7039
7267 3914
3579 7093
6337 7585
5721 2748
3188 1712
4845 4933
6326 502
2031 5863
1182 2936
7004 1185
1110 1609
17 5092
266 766
440 7417
5017 7372
5911 5282
4259 2813
3168 5586
16 733
24 4695
4161 3545
3307 6185
4583 5333
1967 3110
7288 7294
6247 6648
6444 3105
9 6295
4724 7226
5198 5112
5828 4892
7262 2745
2669 3200
3229 140
3780 133
4051 1440
3516 4015
895 2449
2775 6008
1686 1537
2161 7470
7197 5507
6153 6125
7766 2322
7202 147
5185 4504
443 3364
2383 7609
6530 7320
1932 5774
263 7489
7486 9
3697 3365
3518 2303
3305 2950
3435 2941
6666 5803
635 6963
6539 7616
5713 3503
5130 5078
2349 6018
7508 5793
4473 3735
4347 7485
663 4657
7236 6994
4385 3835
2817 6482
4284 4610
229 1905
6499 708
540 7628
4276 4986
6111 5907
2776 967
6710 4064
6779 4756
7110 794
3135 1417
810 4232
7297 7388
1910 6265
5441 5997
6041 1883
2794 925
4279 3188
7690 5525
3379 5672
430 7292
2539 6793
2209 4620
1002 3970
3650 4536
347 7430
5120 273
7189 4000
5358 3335
4651 5240
656 3803
6377 6096
3222 5515
187 6466
4466 3032
1148 4079
6582 4656
4680 2349
6020 6593
3558 5348
5194 7782
3025 3990
6980 186
230 5563
5117 5428
6902 5539
5587 2228
6504 5202
2594 5451
6228 3965
1071 4674
3033 138
5468 4442
6311 4861
2689 6201
4921 3889
7092 5330
6712 6998
4188 5240
6529 4987
2911 2799
7346 5686
4075 1769
4521 3307
1386 5615
1804 1673
1637 5265
6177 2494
4262 3429
3126 3665
3275 7406
1169 1731
5830 1334
2826 3339
27 6731
2886 7075
25 1923
1266 5266
6166 4715
5103 1324
1542 4163
2038 5148
2532 4054
742 2136
7693 7699
1856 5065
4349 4147
6207 3847
827 436
3129 1924
6534 5427
7337 2361
6449 3908
6899 7243
7840 5031
4386 607
4066 3505
3897 6931
730 2118
5081 2480
4920 6907
1079 4940
5362 5571
1895 1498
5651 231
5834 3321
839 4762
3613 6593
6293 5490
5460 6592
4283 4751
4579 3451
577 969
6131 4133
7021 3013
2407 4303
6431 3619
5144 2832
2956 5861
1102 5954
3112 2795
1853 4808
2948 1257
7650 3878
5307 502
1800 5194
3955 1188
3220 823
7200 3818
6366 3377
5255 1612
3103 2897
5673 3966
1822 4378
782 6398
7483 4726
5197 1458
2842 7465
2493 3503
4242 2908
3140 7406
6478 7741
1245 1067
3776 2555
4738 7358
654 3141
3826 2211
5985 2068
2241 1888
3640 2242
7491 5656
6472 3274
7367 4632
5258 1978
4297 4844
915 1487
494 4227
2570 6907
7438 7350
2662 6887
6323 6505
3774 7524
3586 855
971 4737
3036 4454
181 3412
461 3027
5061 2661
2302 3780
1510 2544
3102 7054
4875 5825
2931 2325
5373 4682
5908 3084
414 1065
6176 4352
1776 2101
7696 4320
4572 4973
5027 4796
2988 5152
5938 7585
1870 1739
932 4570
6437 2814
1380 554
5339 3929
4520 186
1052 286
7258 2193
4006 5396
6214 27
2492 2409
2692 7380
4 6363
758 5258
3854 3714
7032 324
1684 2144
808 6193
7311 3010
7315 388
309 2860
1962 7705
4053 795
6835 7492
284 7619
2476 811
5143 2977
6017 5662
7408 856
1756 287
5237 1111
4143 5948
2884 3854
2079 1304
2803 7249
7634 6278
5526 655
1647 4171
5074 3966
4144 6412
2401 4089
4070 186
6099 6568
1890 2544
2515 1192
6205 7050
4395 3578
5933 1503
2410 5317
2096 4926
6025 2317
6479 1829
2373 7638
164 3722
4574 64
4794 4796
2399 7610
1875 1322
247 2360
2232 7566
5543 3334
7476 4106
5572 6417
4547 7721
14 4256
4719 2291
6128 5409
7278 5226
5303 2701
1142 6484
5998 2443
809 1414
285 7712
509 4445
3225 4415
441 3573
2246 7635
5175 567
2830 7035
1892 6009
6024 1720
4876 3991
5679 895
3202 2207
2422 926
6747 1239
1255 5916
4299 5548
5050 4483
5748 4796
1092 3960
3790 7193
93 3117
650 6407
3866 2777
426 1084
3630 1616
2825 4192
7662 5456
4649 2841
1230 5506
3692 643
2460 3659
1961 6665
3607 4937
6291 5572
3255 6618
1219 3747
3371 1625
5099 135
3236 4603
431 6113
6937 3929
4526 1358
1489 2227
1938 3487
4165 2664
3094 2576
6740 1748
3801 1484
3127 4403
7583 2977
616 2411
5582 766
1597 6310
6415 4287
7031 714
4788 2436
1159 7118
6809 4378
1464 2902
5181 1585
678 2736
5232 6186
5006 2097
1223 6102
7139 4739
2728 6723
132 4865
5463 5865
7245 7081
1595 4503
7005 4169
7215 6581
2178 6790
5523 3076
7387 3519
5804 3440
2584 1413
5881 1862
3927 5493
3128 1716
586 5774
1810 7511
615 3846
7280 2492
2543 6713
5765 1640
6901 1507
1196 7611
3295 3360
4515 6303
5023 2827
6610 4025
429 5029
226 3792
179 4369
1752 5518
4382 1114
7555 4918
4468 3399
1074 7241
1241 4558
1957 6861
296 5534
3131 1779
7783 7246
1340 6396
7020 6361
1506 3684
3997 2194
3005 4292
4825 7726
701 4597
3681 3490
473 1529
4998 1754
5353 7836
5505 6319
3006 3670
4356 858
6064 759
3988 7234
1867 4127
4215 3293
5492 1585
2899 2208
7657 7382
167 4932
4088 5608
6595 153
763 5595
468 7595
4852 7830
5903 7280
997 4389
3515 2122
1446 2204
4447 6594
6364 1207
907 4251
4467 4887
3886 2871
1812 5991
99 1097
3844 3978
6464 4292
3993 1563
4426 1943
2093 4241
1533 599
5864 3484
2235 828
7221 7826
2619 5
7715 55
6575 1323
2048 7125
2220 1906
4186 6447
2249 4600
5337 3091
1587 2702
1119 2795
3280 7042
5228 305
2065 6605
5097 5584
7648 7109
7309 1610
3294 4974
2717 3770
3598 2156
4003 7823
4107 2603
427 165
169 6247
3368 6072
3085 4854
7012 3614
6853 1977
450 4796
2335 1840
6116 254
5497 4812
5664 2605
5068 394
3342 2503
6750 2760
4353 4842
1300 4527
1787 763
1641 6809
3454 4557
2854 3010
4914 3487
4319 6001
6794 274
185 1763
1577 6297
405 2748
5040 4620
7439 100
1863 6550
2893 1446
6633 6565
4661 392
5200 5958
3217 3295
5755 2823
6446 6326
4997 2920
1476 6980
7475 7023
3087 7347
1738 4453
2751 6692
608 7238
5189 228
4290 4403
6168 465
6619 3001
5275 3846
7077 5070
1947 7708
4155 6279
769 6460
3599 4996
6641 24
6118 4765
1183 4032
3798 677
1201 1747
4253 1830
3877 3121
1766 4435
5866 3484
2368 5888
1723 477
4209 1155
6263 4979
1292 7476
1755 7324
2654 2534
5736 7601
2600 7273
4421 6765
2628 1697
2945 2764
4174 6309
5477 447
973 307
2809 539
4733 5428
146 1056
2255 7294
404 4449
1604 3554
5744 1287
914 3207
5155 470
1728 7556
6573 437
3159 4730
840 6941
694 6039
2984 1182
6540 5291
3523 6349
7525 6646
3427 126
7732 2605
1030 7780
4903 4967
735 5118
761 399
2747 6478
3469 2596
6844 236
7131 7489
6693 228
6026 4063
6492 5917
5154 2190
2731 3650
684 372
6190 919
4650 2302
3888 6156
5875 573
4910 503
7117 4295
7687 6184
3673 1492
1033 2253
778 85
7144 1748
332 6980
495 7492
2461 7086
3982 6118
3369 5140
1363 2834
6379 6123
6488 7352
687 905
4260 6654
1987 3865
2883 4953
5609 2227
3420 3308
3956 7069
6934 2311
5661 4741
728 6810
6996 18
7450 7667
7733 1953
6081 450
2769 1770
6445 540
4469 2894
6815 6692
59 7475
806 3474
4293 1305
4555 3742
1801 5829
5588 2409
1941 4255
3258 192
3384 2127
2041 4773
3394 4543
7129 4884
160 1531
886 2318
4916 5774
618 5272
5637 381
5212 5950
6055 486
2003 5924
7770 3080
3642 261
7518 5969
5642 7169
3648 3501
2922 2077
7725 7008
1055 844
4969 2379
3163 7033
4676 7133
780 1192
7656 3775
6590 7604
6663 5071
4045 647
4862 4366
5711 90
6775 683
4471 2485
2388 4135
7393 1979
6734 1003
3596 1615
1252 4392
878 6990
1784 2338
4213 6426
2366 5527
5760 3361
331 1061
1377 2910
513 3812
1877 2323
1342 2795
898 3774
6010 3663
996 6935
7724 5658
373 1440
7663 4423
5133 1123
320 6880
3304 1506
1958 6036
4315 677
6073 7169
6670 1730
5962 264
458 3102
4162 6907
1629 591
3980 303
4750 6559
2342 3488
2696 5839
1605 2365
922 4213
4308 3439
6098 7792
4040 6848
1462 3834
7180 4947
6101 869
6371 2140
7804 1106
5509 2457
4965 5718
3832 5091
4690 903
4587 1073
745 3880
4894 7069
2066 3161
3916 1623
4492 4226
3998 724
4871 1116
7276 7813
2415 3185
1795 2694
7729 255
396 1153
1156 526
4729 1791
3538 6915
220 1325
674 1822
2463 6377
5290 2001
588 3978
2845 4898
1593 2241
628 3868
4761 1015
3582 3130
5599 537
7742 5493
4540 7567
2381 5086
6755 2375
87 2150
5657 6119
6906 4144
3341 1852
4019 605
3107 5243
5728 4313
4231 7000
7153 3524
7535 6317
4766 4467
5708 7221
3172 2775
1788 5257
3158 3820
6928 4793
4041 7756
7529 6435
6022 6737
2063 231
1656 3052
3706 870
7594 1546
5723 1316
7420 1358
462 4166
1719 3766
4605 543
589 5393
4662 3785
3710 2906
2940 2555
7227 2153
2128 7779
7641 5100
6389 5871
6284 3147
1790 6301
4863 3472
3946 2549
6890 46
6470 7345
1472 7038
1504 5870
1105 1546
6656 5914
7490 3990
7400 1898
183 6558
3018 4386
2177 1730
5371 1119
4760 5450
1395 1943
5712 7654
2333 1412
439 3013
7100 7766
3138 7116
7425 1764
6591 6923
6987 5031
5843 1317
5453 2521
6013 3987
5806 97
7325 4927
4626 2761
4817 594
2292 4156
3552 701
952 3207
125 292
6362 7600
4455 2670
4460 545
4891 732
1570 1669
4658 6233
3290 5806
6030 6971
6984 101
900 432
3760 3000
621 2103
1371 3465
2896 6370
7679 6062
1285 2315
7424 7490
774 249
1970 5138
757 3091
3194 1000
1019 1071
6596 985
4037 561
3901 5343
917 5680
5424 4992
1452 6857
6873 5434
3277 1739
4196 1414
6308 1657
1040 1172
843 407
6834 2823
841 6974
4230 1193
1532 1527
1839 2813
3234 759
73 5513
5363 1359
1805 498
2518 2786
370 839
3718 7310
3231 5922
4568 7466
7067 3669
2330 7840
1344 3024
2143 742
4780 6435
1109 4760
5790 5767
1994 5394
1086 1460
6780 835
6345 7622
7737 5559
248 5586
5859 5699
4329 1910
7512 7713
3530 7041
4007 662
7698 526
5470 7716
5132 3881
710 420
6725 1532
1045 7219
3750 3066
308 1614
7578 3229
2867 7118
846 6396
648 1134
2139 5372
825 4792
3400 2830
5868 6235
413 7358
4036 3108
1077 5639
7809 4866
4981 5400
2568 6574
1382 3852
2469 5882
7757 4144
4331 3075
3064 1864
659 3462
1289 558
826 4554
6103 3109
830 2172
158 5365
3625 4747
1204 5141
2043 3567
2846 162
4846 5963
3446 3052
1477 4932
3620 4656
1268 7451
3749 3058
4429 7442
1217 4745
5545 7116
3086 3089
2040 6059
240 889
3788 1341
6847 6160
6768 2842
7216 2869
2467 6181
3773 639
6660 2072
4098 3232
4822 7716
5067 1991
754 3515
6522 912
4291 671
4084 6394
5256 2921
3949 7072
2918 6548
3324 5127
4010 6685
2473 2553
7517 5254
803 4455
5953 4490
7781 1261
109 6514
5956 5495
1006 7717
1634 4798
488 7291
4912 2820
7305 3311
5259 3502
7537 6048
7448 7222
4999 5805
1553 5899
4512 4797
6651 5921
2453 4594
422 3473
1493 6363
6380 2599
3786 2253
2712 4592
2663 373
8 6540
2789 2282
4103 2231
4243 3801
2024 4685
4768 3517
3059 5977
271 2991
4443 3631
2895 6068
960 5317
5260 1061
313 1377
5293 2405
1916 4954
5107 6491
6328 5184
4669 4327
5005 1953
6307 168
5955 1465
4542 1568
2944 340
2489 1338
6878 7483
3009 5133
6830 1207
3113 4635
2396 5096
4324 1783
1664 2526
7631 1570
482 3565
281 884
2631 4437
664 4379
6049 138
2252 3944
1685 1548
718 5881
5687 6306
6261 6501
403 5874
6927 4733
5392 6756
5225 7097
5360 1322
5021 5676
3546 4989
2113 3734
6256 2443
5095 128
5702 436
5682 5618
7514 6158
6517 2283
4114 3864
6668 2006
7028 5702
480 1877
4477 7553
2685 7195
13 4134
4042 4497
6628 986
7300 2220
850 7205
3139 2122
1422 4439
444 5824
4480 6455
5709 5059
7181 2378
76 4962
4601 5215
2923 6771
6811 5453
896 7808
7168 767
4897 5302
3243 7734
542 5507
1925 7306
5766 1952
6465 6063
3649 6182
7444 611
4783 7108
4263 2772
3264 3903
4698 4895
7661 66
7007 7
4441 3467
5757 618
6085 818
3719 6958
4673 2690
4881 6460
5789 3824
920 1981
556 5938
322 6121
1018 1191
6434 4291
1486 4693
849 956
6341 1390
2237 2235
2763 4426
293 3041
6706 3676
3632 7357
277 295
7057 64
5696 789
1780 3676
2610 1478
592 6586
5350 2564
3096 6240
5965 2846
4553 3624
2392 6276
7608 1895
2857 6011
5349 1677
1419 790
3754 6229
3837 7075
224 6034
2853 1959
6845 1153
3825 7074
115 6382
5069 4273
5469 5583
7223 7335
5522 5784
3049 4776
2414 492
6882 548
142 7146
7274 5886
531 219
7329 5963
7404 3903
929 452
4431 3242
6239 5545
1226 3479
2280 974
1112 7329
5227 4772
2740 1872
3751 5582
256 1952
1383 994
4672 1951
6726 3752
613 6868
1468 1805
6273 4197
6141 453
6939 4665
5645 2170
5624 5804
3731 6465
4744 3738
4181 7369
4404 2464
1849 20
7759 2504
3444 3748
3769 4472
5388 5374
7375 5595
6649 6724
2099 3957
1726 5913
7271 5954
6721 4337
1768 1864
7825 2351
5989 3425
1743 4401
1393 4448
2095 280
5794 1075
7198 7813
3029 5885
5295 379
5218 864
4816 2498
4178 3334
2607 7802
6252 1311
5323 5776
4900 4854
1369 7832
6296 2714
7203 4648
2836 708
1136 1653
6921 4719
6442 5370
3197 6640
784 255
5612 6653
3403 3752
4544 614
5288 4402
1181 7701
1869 6765
5139 1673
4995 3986
5420 5175
939 1484
3933 2696
5408 6249
2545 5098
5604 6375
1101 985
511 1243
6601 7001
6287 4073
1968 2271
2707 7769
5444 557
7472 7275
2070 5915
6770 2566
3593 7537
3842 3253
5883 7330
6570 5194
5877 3722
3942 1782
961 6606
6623 7253
5445 4356
804 5469
6144 1382
5001 1468
2364 4770
6211 6450
2985 416
4112 1886
1441 649
3885 1205
6922 4212
4779 4896
4001 1227
5306 7825
3526 2764
4677 6241
408 5001
4664 6450
737 1564
1208 1028
1642 7283
4191 4498
1138 727
2413 4023
2787 6994
5024 6536
5904 911
1536 4481
7409 2548
7059 2977
5171 1235
4343 1164
2727 6263
1206 2952
174 6221
2861 6905
5125 3419
3604 6242
2053 1158
5007 2143
77 4962
1550 95
1879 6316
3925 6642
2641 6463
7694 5159
3763 7312
2036 7078
6753 5632
6236 4711
7290 409
2993 4137
6368 687
6047 4026
2580 3815
7134 4204
5329 2081
3151 4346
7554 6328
4957 3197
2981 513
2424 3075
3904 6371
4864 3892
1761 3231
3436 6458
7416 7779
6107 4944
5508 6171
5753 3575
5080 3749
7659 448
6163 4348
191 1006
5502 5733
5458 3214
910 5027
3504 3649
1488 2016
5168 2041
6122 4814
5565 5121
1897 5040
2563 6353
6292 7173
966 6811
4833 4452
3193 4841
5480 7468
5073 3898
6518 3000
6264 6020
645 3130
1039 1636
1415 2951
1624 2334
950 741
3322 2337
366 3368
1600 2030
4173 5819
1711 6389
7177 5873
3913 2840
1608 4586
2332 7646
7571 6159
5901 2574
7606 1306
4176 7583
7065 3890
7128 3129
4117 6768
4072 3678
1717 1166
5386 70
6196 5023
4438 7710
6372 3810
3765 7075
1115 5341
1907 1320
7017 6227
6329 3186
5957 2432
3657 6315
2679 6960
3015 4046
2257 5553
2958 5631
6151 1292
5128 7648
4314 4192
751 833
7266 3201
1547 5803
1133 5401
711 4211
4771 2599
1554 4285
2726 1892
5471 4620
6588 6626
2308 7487
6609 4184
159 4856
4872 6457
2752 6679
5284 783
2633 675
5560 1300
1367 261
5869 6132
3636 3119
4478 559
2137 2963
4893 2607
86 967
6154 968
4906 39
3071 6915
6612 4128
2386 5245
2210 1574
852 1908
7786 2699
4970 3877
2119 1860
1402 4845
6510 4990
5678 5328
673 4160
5814 5842
1008 4932
3449 489
5234 7159
7630 6691
3685 6363
4354 3184
5482 5267
6285 2414
734 2830
7731 2904
7018 2353
2380 7282
7509 6293
5516 2403
3432 1718
5310 517
5030 6998
1218 4393
6763 4127
7683 1040
3813 1933
1330 4203
544 3492
2781 7752
1375 5812
5512 1267
206 3322
5026 3588
5536 5390
2019 6082
725 7115
4877 4977
2649 2641
3038 6905
1744 2641
4571 316
2687 835
5397 5174
764 2918
3721 4003
6088 3335
4928 4088
1693 4976
1083 6426
337 1630
1009 6047
1702 5554
4559 631
7356 2608
2022 7612
2023 6338
2149 6018
506 5058
383 4617
916 2159
4307 5903
3303 82
3312 794
2370 7463
6146 5580
336 1760
5535 6601
5253 3096
5681 6324
2680 4096
959 5144
6839 4444
5966 504
4621 6408
7401 6008
7379 6723
1918 527
4774 2634
208 4204
1216 4393
5199 2479
6272 2306
6219 6567
762 6245
72 1643
7362 5899
7819 6122
5454 4048
1865 2388
7572 2550
171 5986
5160 4447
6677 7192
1833 5964
1691 4540
7156 1849
7413 6799
294 2428
5166 4167
6046 2994
5629 2735
2774 3438
7344 7774
2709 4487
5905 4355
301 6026
7102 7611
1986 1946
5561 6221
4644 3027
7152 6049
2749 6765
6914 5875
3466 2046
2049 2729
5650 998
3906 6757
4653 2678
1233 3897
116 7514
3884 507
7178 5538
233 4220
1428 3558
644 5711
2487 2165
2423 1694
6110 3899
7196 3888
7264 4455
7141 306
434 2320
6120 5243
1034 343
4100 3237
3952 2969
978 1657
2240 7118
4855 5807
5047 5892
3535 804
5668 6306
1427 3932
1286 4413
121 7515
3442 115
6515 1472
152 914
7415 7507
6913 687
7558 333
1707 4737
96 6706
7426 1172
7252 3970
6758 5884
7037 5095
6639 3986
6320 7829
894 3004
1665 6900
6342 5887
1263 7411
7317 3604
906 5310
1935 7341
7299 768
2182 7738
365 7082
845 5681
6400 3823
1436 7766
6599 2640
1247 1218
5691 6854
1562 3060
928 5435
5379 121
7318 7078
7494 7433
3056 6121
2316 2454
2055 6564
180 682
882 304
4396 2080
5108 4727
4272 4323
5083 943
536 7670
972 6393
4175 5349
1398 1715
2516 7044
5037 1996
5003 1322
4009 4072
1403 7013
1620 3962
4138 6970
7828 794
6126 6986
3498 2473
5898 7781
5636 7163
7209 1096
7047 7450
1742 7316
7655 43
124 6447
4130 1234
36 4381
7743 437
7543 4341
1437 7753
2759 5258
6428 1921
7085 5515
4345 2003
1014 731
5114 2460
3708 6177
3931 7416
7755 4150
2074 2942
1473 3237
2116 3102
2160 3824
1619 3063
3039 3010
6456 6878
1579 4364
5496 5321
3431 438
1639 654
6350 3936
3455 6788
4456 5718
1479 7503
534 6873
7637 5598
6527 6860
4044 1400
6133 2789
5252 447
5984 7785
433 751
2260 5178
1688 5903
2917 396
5479 3671
1893 2478
5737 520
1013 6060
7230 2874
1032 3546
5052 2624
5602 716
6587 2640
5191 2856
572 229
6215 5031
6999 869
5541 6961
6584 6481
984 1128
7669 7141
3909 2420
428 2292
2558 1690
1470 1202
831 5942
22 3308
3548 4738
6769 901
134 1317
5622 1380
918 1902
4731 1843
6607 2251
5072 3411
2720 5463
1598 4810
4803 4908
2957 5649
3923 5605
6778 5953
3875 3963
7374 741
880 1295
3491 1154
1491 6107
3011 5991
2062 4756
3869 2501
5473 235
3195 2092
7251 623
6792 716
2310 4876
2151 1904
5036 4326
4880 448
317 2757
4686 7771
1929 2242
106 4520
5906 193
4058 3196
787 3288
1786 2447
2535 3456
2715 1381
2389 554
4805 3664
1618 5931
6745 5080
2387 1953
3485 5523
4339 131
2491 187
6674 7773
3062 5166
1121 2891
1549 512
410 7626
5220 928
7333 3200
2946 5887
3228 7295
6579 4006
6717 2665
4941 4195
1410 3661
1361 7785
4834 430
1594 3664
1388 1093
4189 1331
7723 2720
584 5159
3850 7746
1168 6085
5210 3195
2468 815
5688 4551
6572 5012
319 7228
744 4275
1999 430
5731 5545
2582 7656
2949 1997
3047 6351
1846 2590
5308 2863
6569 4122
2925 7605
1132 6087
1802 6031
2408 3825
7542 4876
1209 2610
1811 304
5856 2656
216 5742
6021 3513
6262 1820
7510 4817
6411 4353
4370 2160
6404 4078
3250 6192
3354 4487
6722 5229
4267 811
4868 720
4982 7554
5049 7478
7599 1901
1303 6730
2224 6214
1421 2980
1131 593
3674 5381
5889 5659
5616 4103
1103 3068
3589 4962
4678 6188
6680 168
7454 7647
5355 1676
3934 4253
6700 4222
2508 1089
4109 958
7043 4962
5798 3818
5053 6075
7798 2113
1521 510
1455 1560
3804 2673
4709 5895
1408 1136
1750 1711
5389 6155
154 1625
41 6404
4983 1644
1147 1912
3272 2450
3887 3142
4923 2335
3310 1007
1070 6244
2843 4197
4099 1505
885 966
7469 298
1494 4028
40 1203
7551 5444
1435 3025
4646 901
7003 2323
4870 7275
5981 2892
5811 4551
4901 1721
5249 5376
4108 90
525 5953
2382 4719
4945 6356
4606 820
354 4696
1038 6475
1399 2466
7821 4474
2525 6538
483 5550
5500 6365
1474 5686
455 6377
385 1012
949 531
3870 2988
851 4267
6950 5596
6519 4974
1301 3769
7142 3833
4377 701
5517 6434
2698 3133
5062 4595
514 5249
4819 6686
2693 4037
837 2292
1975 6405
6678 6995
4619 2280
1891 6420
5813 2817
3584 887
4562 1953
2125 7330
7338 3065
139 4047
129 102
4434 4709
6764 6192
1680 2204
5238 230
1545 3371
3383 5629
3262 5177
899 3583
7651 6420
4749 678
6044 1860
5313 3635
1345 4268
4899 7799
2591 2126
1450 1758
2483 523
6976 226
1710 4973
1343 7374
5619 3456
6783 1389
2796 1781
6237 1490
6895 834
5478 5928
2187 1075
2102 3164
3841 616
7747 7362
4110 7061
3777 4704
1429 5734
2032 6185
4580 6765
7541 5998
3356 2628
211 4815
3688 5204
2579 857
6091 4371
4451 5510
2456 7412
5163 4211
6067 2454
1273 818
3848 6923
1041 4700
3809 1500
6551 7729
61 1997
2784 3359
5735 6331
6959 1197
6198 5524
7835 7207
6893 945
569 7796
4298 5082
2355 6622
2713 3010
1687 1518
3179 3983
6716 1387
2804 6124
1107 3878
478 2127
4857 4785
4316 3553
3939 5268
800 2679
4905 6723
4758 6044
879 3205
4848 7469
6200 6692
5022 7018
3136 2387
993 821
4410 280
5890 6485
7674 4412
195 4147
1278 2305
7431 4678
1284 2814
595 2593
7328 3009
6940 3240
120 4444
451 772
3557 5003
6443 3690
215 1096
3603 7332
6932 4306
311 4697
5833 895
6920 981
4958 4426
661 5772
2221 7695
1974 5366
3174 4028
1173 6468
4589 1553
4017 7170
4581 121
1668 4271
5013 4714
3393 2946
585 2989
938 49
1670 2505
4552 5663
3727 5544
3219 5317
7434 6373
4529 709
3169 1868
52 4447
7199 4205
6637 553
940 1667
1416 3427
4149 6816
5647 3262
2362 7308
4858 1702
1127 7151
4692 7734
7680 3272
5848 1221
2990 2943
4076 6687
3905 3445
1299 3179
7579 2800
330 2748
7689 2511
2344 3217
7421 4806
6254 287
3539 3773
2426 1833
2035 2095
1001 6455
4556 1085
1544 398
5352 2740
6321 4832
5607 6956
7806 490
2615 608
44 6673
2145 4428
6086 7564
5421 2950
4951 5688
1844 4294
5558 3950
4759 2206
1315 6521
3270 6292
5852 4018
4496 4732
1160 7119
5466 381
6796 2473
2858 5864
4104 2853
6795 7348
7495 2424
6007 1145
5654 7261
2771 1666
4244 396
7136 1512
4430 4219
6257 6933
4630 7629
6199 6475
3687 1088
7124 1250
7167 5465
816 4940
5771 1971
7359 3784
2117 2631
3655 4212
4170 221
7474 6672
7675 6231
5617 7659
5281 3835
3433 5921
