5406
3584 4975
1325 4975
3703 3584
3220 4975
484 4975
2534 3220
2408 2534
2288 4975
1035 1325
235 2534
182 3584
233 3220
2015 4975
4225 1035
2701 4225
80 235
4046 4225
5312 2701
1025 182
1771 1035
1845 4046
3033 1035
4481 1771
2918 182
1433 1325
2314 1433
3072 1433
3639 233
4168 4975
509 2701
3863 4481
2687 1845
3789 2687
5328 3863
1264 3703
1966 2288
2946 4481
3266 4046
4933 2946
2067 3584
171 1966
763 3789
535 3266
1375 3703
3966 4046
11 1264
3190 2067
2953 4481
1522 233
2 3703
3653 3033
5310 763
4638 3639
2038 1325
1267 484
3595 4481
503 3789
435 3190
4309 1771
4685 2946
3536 1433
3934 1433
253 4481
5401 2953
1180 1264
170 763
320 2687
857 1522
54 4046
3905 2288
2266 2534
4044 1771
2042 509
4195 3536
4496 2918
2975 2408
1891 3266
3722 4195
3606 3639
4223 235
259 3595
3579 1771
739 2042
5044 4044
645 1375
22 233
919 3722
5275 235
939 763
3562 2408
6 2038
1662 2946
169 4168
3597 5310
179 919
1300 5044
634 3905
2920 5310
2763 1662
1933 2067
1201 1264
3641 435
4173 535
4236 5310
212 634
732 2067
1196 4481
1027 3033
3902 1025
2249 1375
3285 3934
3808 3789
4096 2266
5086 3597
2010 2288
1037 4096
586 2314
3510 3722
4988 2314
2758 4225
2786 4685
4061 1035
3456 2067
3763 1845
1584 4975
3948 1522
1644 645
1288 3763
3103 645
2227 2314
4324 1845
1153 4168
1712 1027
4621 2249
1617 1201
3381 171
4717 2763
2222 1662
806 3595
4186 2038
3469 320
351 1617
4798 2015
547 5275
2071 3381
3603 3639
3179 1153
4368 3285
3942 4173
1048 5310
3555 5310
2734 2042
5227 1891
877 1891
713 5328
2915 4621
1111 3902
2037 2915
1936 3763
3350 2786
4583 1153
2313 2037
3037 1153
1636 1662
2605 1617
5129 5044
2477 1771
4093 2042
1202 3381
3411 806
2699 3103
1724 4223
4047 2763
2223 2037
1327 5310
3699 535
1638 535
5037 1638
3925 1180
3276 182
312 11
3423 2946
4916 4481
1871 2037
3236 1201
4274 2266
4810 2786
1716 3555
711 1180
1371 182
3069 5086
4881 171
1751 3069
3989 3536
3046 435
5357 2915
5090 1037
605 4309
2388 351
3975 351
465 1617
3337 1644
1947 3595
5130 2010
2453 4933
4793 3411
905 4717
1389 212
3872 2915
209 586
2868 5310
940 209
246 4047
3564 5044
2168 3469
2187 3033
388 2605
4328 5328
2914 1617
719 3555
3958 2168
1612 3285
2063 3562
114 11
4082 3925
3932 3872
1928 919
18 4988
3205 1947
4596 3205
1536 4717
2423 351
4521 3925
4280 2763
805 2605
1649 4717
2013 4225
2897 3033
1380 535
1313 3562
2662 806
1580 1928
3481 2288
2829 3555
2706 1536
2591 212
4137 3456
3251 1636
2366 3603
3291 1716
4743 2249
1137 4168
1320 806
2996 170
1832 3350
1549 2314
4642 3905
3070 1327
4495 2662
2937 1522
2437 1966
2513 4583
4443 5044
1991 1371
3464 169
1880 1048
4319 1549
4942 2288
4611 1027
4029 4061
811 3872
4346 5227
150 2918
4608 2477
2736 4061
2340 3046
1065 3639
2101 2388
3580 4346
3024 3266
4180 535
951 3562
2092 3220
1563 5130
2804 235
4823 1027
3590 6
666 5328
1336 2920
2578 5328
4769 4638
4048 3606
3112 666
835 2699
2885 2388
3514 484
2922 3863
1309 3103
3134 4798
625 2946
4219 2662
2354 3456
1645 1563
674 4942
2598 3190
192 11
4665 4975
1885 4798
408 2734
5253 1991
2058 805
2055 666
3202 939
2384 3603
3748 806
3146 3205
844 2763
2610 170
4852 5312
3193 2038
5161 4047
1215 179
3558 535
3077 4044
1942 2063
3129 2038
5239 2736
793 1153
2420 2423
4334 2223
4262 1336
1066 3037
2367 1716
5344 2477
3215 4223
676 253
3535 3146
1672 3423
1207 4521
4873 3070
1189 5239
3690 22
4197 3966
3938 388
3508 1933
2832 2975
2412 2914
684 3580
3560 3070
4026 3934
2435 2897
4766 1153
12 2922
3581 1832
1291 3748
295 1947
750 192
3031 3934
4698 1327
3302 1320
364 939
3880 1645
4728 2687
3949 4026
102 2227
1467 2314
1675 666
4855 4048
3821 2063
1024 4596
3890 3966
1872 1327
2702 3703
4994 4061
2295 811
4928 259
2901 6
2678 364
4456 2435
4320 645
1689 2996
2044 1291
4667 4728
3030 4994
1831 713
1727 3276
3999 408
4152 1291
172 484
4064 2288
2861 645
4163 2578
433 1689
5229 1467
1237 763
2167 2249
3412 3350
2090 4186
2619 4667
4896 684
59 4047
3524 4180
3098 4173
3780 2758
1625 2915
1968 2734
4874 3989
1040 4685
991 4685
1651 1549
4145 1672
4153 793
2696 3469
3582 1375
3830 4621
292 3456
5217 1433
3738 351
4035 4495
1121 1325
5267 2015
3394 1300
4828 1189
5211 2914
4128 3024
2653 388
5107 4665
827 4793
4627 3555
1881 54
5106 3606
1441 2804
4923 1672
1298 5037
2892 2187
4206 509
2349 4823
2821 877
3700 4309
1994 1467
3029 1309
2972 3780
4548 2071
1578 1712
3869 2701
4013 179
3353 1037
4259 1942
784 3780
2927 3738
417 1320
2422 3821
3685 4262
3599 3350
2781 1612
4697 3179
2372 3863
3258 645
3798 5107
4484 4173
5264 1111
870 1712
2744 4874
5115 18
2807 2786
4329 1832
5112 2071
1814 2168
359 1336
1722 1536
2586 4627
5140 3510
2066 1371
305 2586
4661 433
5078 4368
2601 3251
1791 3037
3643 5253
2424 54
1427 4942
649 4443
5180 5090
5210 3863
1483 2763
1184 4608
2939 3555
584 2420
2976 2696
4479 292
4705 4627
3665 3029
4345 2701
62 1832
1417 5090
2801 2786
4704 433
1446 4496
4628 4145
3162 2295
1070 12
4983 3202
1090 3077
3347 3251
3180 793
566 4082
3570 4983
2694 1313
3374 4642
3868 3639
1761 4933
340 2702
894 1202
1023 5210
5303 3508
44 2763
3777 4173
3557 3205
1284 1298
4910 1121
1373 5112
1938 713
87 2058
956 233
2639 4259
1275 1325
5190 5357
4646 305
3796 2578
2911 3989
1126 212
5156 5115
1212 2187
3972 2055
2685 2295
4803 4608
4038 827
119 877
36 3193
4287 3251
4477 5275
1435 1636
26 940
726 1872
5403 5037
1786 3972
3974 4061
1520 233
2853 634
1807 388
4824 5344
2337 320
1925 844
2310 4928
1789 4933
4732 5211
4414 4798
1594 4029
4400 170
5144 2010
1795 547
3333 4685
5386 763
553 1371
5263 4873
4358 3934
3318 3202
316 1716
1564 3584
2056 2801
3862 2653
3280 1871
3624 1417
4429 2534
1817 5090
2395 811
1869 359
4857 340
3010 1636
2750 2092
1420 1040
4772 5090
4897 4874
865 3412
4011 253
5254 4732
2062 2222
5406 4923
4021 4044
1367 2976
1828 2044
372 5217
2552 3562
1368 3830
4307 4011
2584 5130
3954 3129
2463 1520
2887 805
2141 4852
3027 5217
3084 3590
3362 12
4620 4477
4771 3535
946 62
1340 4772
1883 1789
731 4048
3303 2598
3290 1215
3534 1881
2600 4035
4417 3581
3548 5107
502 3251
3039 1035
5057 584
1089 4368
2391 212
21 340
1345 2750
3196 5263
3446 3748
2848 3949
151 919
2692 2578
1029 1786
3247 3258
5321 5254
1715 2249
2682 1300
377 4096
633 2662
3275 3562
3363 3337
1227 1025
2545 1771
4321 4414
3547 1594
4782 4128
1691 253
2232 3872
1962 62
2726 5303
1210 3251
5137 59
4438 805
1661 666
4735 713
4506 535
2226 3033
2264 3958
4138 11
2757 3653
1565 4479
2849 2337
3175 1180
4121 3942
3761 3902
2824 2598
2505 4324
2051 2090
2540 3789
1867 2897
1571 4611
2154 2757
3710 3070
5003 3010
4978 1089
2755 4548
1226 1724
4097 150
2144 1275
5054 2372
4017 2702
2397 3606
4514 1300
2567 1612
1315 2540
2158 2384
2973 4152
2488 3581
369 4368
2217 172
875 4358
1276 2154
4594 674
4209 2435
4920 3999
3085 1184
1535 2423
2191 4793
4227 5003
3008 5003
445 3220
915 4627
2119 4855
290 192
2500 4793
630 4896
797 3738
3774 2692
3020 169
3675 1832
1183 2914
3047 36
4959 3318
3296 1814
1929 5106
1328 3215
4025 3337
4278 4994
1472 2619
3044 4855
802 2144
3952 2918
4688 2037
4577 4443
2520 312
475 2168
5095 1807
4118 4495
2279 2477
2236 433
4416 4688
3490 2915
636 1027
2697 3653
3852 1571
3155 4320
662 4038
100 3490
3289 4959
115 3031
815 2887
4192 4782
5392 1025
3598 2706
5222 4048
1128 4766
2021 1027
5218 4628
2135 2750
1363 3134
2145 1180
1118 1883
4734 2279
2204 4287
112 3411
1531 4923
647 3555
856 2849
287 4521
706 4223
2751 4897
941 1027
696 2424
971 1065
3616 2781
2642 4225
3357 5057
4103 2141
570 1871
1909 4717
2333 1991
2805 1672
3511 2567
3068 827
5074 4798
3484 4195
5306 2591
1773 3394
1589 3020
2517 4852
3694 2056
631 4368
430 3710
2111 4138
389 3333
2510 1938
3355 3869
694 731
2093 4180
3633 1661
778 1373
4871 2801
1641 3205
2668 1791
3993 2736
2982 4514
4010 4975
194 1531
4108 750
5203 1612
5114 4874
2794 192
4333 3534
3277 647
4673 1662
1875 1672
1053 1420
1683 4988
2900 102
839 719
5374 1467
1187 3948
2943 4642
1606 1367
226 4152
2874 2067
1670 4225
2501 1751
2629 1828
1588 3777
673 3258
1886 3599
681 673
1278 4414
591 3560
3573 4728
4109 4137
1133 2408
2086 2829
4742 2824
3839 2
5155 2349
2508 2264
3687 87
4715 4121
3051 1328
1261 4328
2282 36
3927 1309
1031 1065
4985 4959
4736 2734
2052 666
734 4728
4758 3579
492 465
427 2696
2770 2071
3623 246
4222 509
3518 4137
629 3975
3341 3518
2027 2520
4402 2422
4426 5037
1557 1441
1555 1929
1744 4920
2859 3993
3076 1691
2616 5321
3859 844
5284 5086
2497 1089
2243 4697
4199 726
5215 4329
1721 1649
3159 2868
52 2781
1093 4596
5265 2135
2270 4278
2838 4168
3298 3277
2916 3789
4483 3536
117 4896
2283 3624
4976 1712
4531 3411
5105 1446
146 4697
133 3514
3004 369
3218 3703
1310 2038
931 3196
908 4186
2356 3030
3533 726
3990 1662
5353 5310
5243 2313
457 4128
1444 1564
196 2145
2813 1875
136 1300
2658 3357
333 4483
1481 633
3615 2578
2851 2391
1592 5239
1803 2264
2808 4823
2323 2510
2576 2063
1447 941
3878 1467
4325 5275
2711 1589
2261 547
27 5254
724 171
302 3862
3354 2757
2440 11
758 2388
814 2629
2782 1037
831 3179
1505 1153
4338 4186
2341 1933
1544 4828
2481 3291
3813 4496
1364 1481
3253 1202
3726 5137
3747 4881
2449 5264
5110 2658
775 3524
2401 2168
5193 570
542 3993
2847 2927
1058 1066
2728 2668
2195 2270
2273 3562
1398 445
68 1435
379 1832
4878 570
4848 4874
1569 3510
2164 1340
604 2937
1079 875
5213 2685
2731 3780
1173 676
4069 1298
3451 3524
1868 1715
4384 4577
5346 3253
588 1371
1149 4479
4052 2807
4256 1565
73 4414
2186 3247
1403 1672
529 645
3730 2853
5123 2697
1667 5095
2871 3738
1386 4873
861 3726
4754 3291
4247 806
1905 2261
1343 4197
1466 5095
5071 3633
4658 1137
808 5392
5402 3862
4980 3362
3626 4195
1289 3738
2806 1617
413 2744
2346 673
3304 1070
4502 793
1602 2911
2529 1991
1783 2236
1411 3446
3225 696
4711 3694
1610 54
4632 1544
4849 1744
2431 971
1003 5078
5048 4046
3612 4438
2434 4642
936 1121
4313 1031
4086 4368
4700 4976
3640 3694
183 1003
2271 1153
845 1202
1244 2706
383 1966
2368 21
3531 5392
4894 4280
5171 2337
4183 1288
1752 4976
1940 369
4724 2154
4998 4368
131 5306
4420 1807
2455 4325
2075 844
2486 2093
2312 4456
3689 2500
3197 3291
3634 3730
1788 1040
736 3597
901 3218
2072 4732
4588 5044
5001 2038
1285 3247
2735 4109
3310 1215
466 2135
1419 2236
671 5263
4355 1505
3978 956
4503 2513
4651 3411
4404 5275
2464 1037
2109 3905
2110 2226
267 119
675 5105
1018 4313
3232 22
1152 1606
3567 2408
5176 861
4178 4651
4822 2937
3191 2226
4457 1363
4271 553
2956 1886
3358 2226
2014 4594
155 3085
5069 941
3637 2388
5400 4658
4388 1564
2122 4479
1479 805
1119 3949
1710 1340
2035 1003
576 3303
5127 1079
2494 2271
1222 1845
3661 3710
3477 1244
1873 2042
2779 2226
4605 1522
3136 1320
862 68
2981 1928
1387 1807
403 4577
2291 3796
1749 3008
1637 1751
2872 4873
1615 5095
3398 3136
2934 1111
2620 3880
813 1363
487 4620
4795 5114
2773 1828
2105 369
2225 731
893 5112
4122 1398
1830 3277
1150 5303
1567 4988
4550 4848
4200 1563
4244 3381
4969 940
2525 114
1539 4871
1332 2464
2370 1845
3126 645
4452 3020
4494 673
419 1641
4996 4319
1 1411
2676 5284
2924 59
4574 1933
3239 1567
867 4047
3680 2282
2644 1795
727 2271
864 3341
664 2678
942 4506
3400 5328
4624 1065
1793 2
934 1722
907 2401
937 2313
1787 3296
5102 2333
4875 3584
1939 1872
4285 3363
118 1649
4513 3276
1476 267
4297 3044
4058 192
1378 4871
5021 1368
3150 435
3281 1336
2919 2750
2456 3675
4127 4153
2549 4577
2473 4443
1542 3039
1084 1710
2660 3362
714 2135
1390 3193
1413 2735
3334 2314
4989 2395
1992 2
4794 3303
5042 2660
658 901
319 2758
4618 4998
669 62
3480 2914
816 1672
4359 3699
612 3277
538 2927
3669 3934
3716 1649
189 631
804 3220
1057 2757
3168 1651
368 1133
4453 2437
5094 4038
744 3484
852 1288
2233 1751
3585 726
3308 1667
3463 3536
1705 4280
4914 2422
3591 12
5032 5265
3933 1505
1934 2975
3026 3573
1616 484
527 3381
3918 3536
2707 3675
3605 1936
4394 4734
4720 2660
3495 4980
3198 1226
1767 4192
3263 4942
4120 3687
1231 4044
3766 196
424 4309
998 1066
145 4287
1453 4531
2198 2853
2542 2900
58 287
1911 1053
1919 951
1287 2164
494 4978
34 408
2224 1522
4655 1505
186 5114
2256 1544
2592 2520
4862 4320
1819 3869
4962 1472
3745 2401
5145 305
5273 3878
620 1278
1344 1466
97 2653
4516 26
2512 1569
1492 2145
2742 3193
5083 907
380 2056
1798 1187
2487 1662
1440 2367
1591 364
5381 3675
3305 3337
2594 417
3342 3190
4092 2699
4726 3039
2308 4513
3472 4438
1232 4881
3709 3084
1998 1375
3145 3289
2466 3362
3118 2164
1353 4010
2123 3880
2076 87
3725 808
5324 2552
3544 4061
899 4029
4406 4093
4746 3146
2188 2871
3440 5344
126 4803
105 351
1388 2204
239 3363
1130 2455
3849 5374
345 2122
2441 3046
463 2808
5134 857
3549 2401
5164 34
1915 2702
4398 487
3160 5164
335 4665
3256 2264
174 2273
5235 806
1321 2529
3467 4426
367 3685
2451 3573
2815 3350
4382 2223
4915 2058
3895 5105
3812 5400
1103 2653
2765 4483
3797 1387
3156 671
3991 4103
5026 4035
2799 1873
1676 4013
718 4735
5148 4771
3359 1029
3696 2014
339 3150
2151 112
4964 2939
2875 1111
5111 3524
2891 1126
4476 4345
2672 1284
4838 4531
363 2090
2931 2464
2017 3918
1726 3440
4425 1891
1593 155
5158 629
842 2549
3096 775
1143 713
442 445
4395 1716
5195 4514
5165 3599
3541 4247
3059 2058
3733 4577
2722 3004
4591 3020
1732 100
5138 3069
4229 2868
3677 2779
3383 5254
2602 4914
2465 5344
3992 1791
642 1389
1894 808
4383 3942
1825 1905
3740 4137
208 2751
2348 5321
3901 5074
5163 1651
3930 105
225 3112
2132 4404
2583 5112
914 1966
3483 4548
4335 1875
1877 4736
248 2922
1047 3626
4498 259
2771 1388
434 2757
5157 433
2305 320
4041 2223
794 494
4177 2044
482 3197
1174 2086
5147 1819
3855 2279
3240 4052
1595 2892
4293 4456
2863 4705
1352 1215
2643 3972
365 1090
321 368
4987 4754
2170 1079
1668 3661
4461 3722
4806 1226
1206 4313
4250 633
66 2195
1256 3481
4230 4642
761 1327
2467 3240
944 4704
2568 3733
4101 714
2573 1789
2452 4988
2215 3902
1839 2052
829 2233
2820 1894
2057 3653
3870 3304
3273 3084
4961 1275
2005 4916
5091 1825
4031 351
462 2512
20 5190
144 1744
5124 3966
611 2366
1376 5239
2205 1942
2626 12
3522 1093
4312 1689
2143 1661
4984 3308
3983 502
874 54
2134 3536
2430 2568
663 2384
1870 3570
1270 5321
4805 1413
3223 2135
373 669
2428 3069
2133 3685
3 4588
4210 1058
2206 2441
2120 1938
1277 4093
1157 3383
1350 1683
298 4481
322 1149
3061 1336
4326 2702
3947 1832
3393 3033
2795 4244
4885 4715
4450 681
5231 5090
5027 1612
772 4961
1735 831
2138 588
4184 1919
5011 1925
334 321
278 3031
2766 784
1613 2072
1033 2005
5232 5310
741 797
4861 1215
603 119
3234 4494
4482 804
2506 3733
4156 4914
4442 671
4433 3318
2593 1130
5056 3010
3199 4988
2382 1938
5377 4513
3835 2105
303 2838
1619 4620
1577 852
2240 1309
163 5037
1546 951
1487 3374
5349 2092
4616 3199
3219 5086
4507 3623
1260 1368
2680 4011
4207 1872
4581 2707
987 2191
4125 4192
560 1345
2803 2195
2712 2456
4876 52
2084 186
2100 2072
3367 3281
1931 3333
5012 1378
3731 3367
1533 951
833 4225
2339 155
2739 5001
3836 3273
5153 3296
3642 4717
4907 2658
5040 4838
1359 4588
1164 3830
2413 2779
4761 5074
139 2232
3627 3134
2565 2765
3410 4498
3421 2477
4886 3240
2899 4013
3775 2922
1397 1593
1259 4596
974 369
2528 4225
4252 5027
4455 5321
2383 1189
3382 5158
1551 3145
245 333
219 225
4932 3190
4792 2678
2230 4438
3630 4665
5282 852
4686 3863
2124 1327
667 2832
4946 2230
1393 2223
2214 3859
3311 1024
2624 403
16 105
4258 1090
5338 1184
660 4548
1898 4998
4678 2420
5166 2226
4270 3191
2810 100
2514 2682
1486 1174
1980 278
5236 706
4778 2773
2969 4874
690 1321
504 4047
79 4359
138 3341
3951 2871
3962 1939
3432 1638
4689 4661
376 4618
1179 151
238 114
697 1710
4424 874
2220 1363
3366 625
619 944
3844 4915
1026 4433
1953 3044
807 673
2556 4320
3243 1668
3424 4822
929 1309
3973 3990
2065 4186
4666 363
2426 4946
3647 4878
5220 2279
4559 1453
4090 427
4643 1479
1647 2119
2250 4961
2454 4270
479 2735
803 2871
4129 2027
3742 2232
4147 3623
1020 4946
1097 2513
810 2382
532 5273
1913 2367
4656 4678
2026 1992
3492 5222
1257 3852
279 4035
1220 5243
783 2924
415 351
1092 1373
94 2236
3823 1492
2681 4978
4814 674
505 3159
491 368
787 987
2760 3949
3048 5044
215 5042
1094 87
2992 2437
25 658
2737 1215
1009 1111
3815 475
1808 2829
4777 5144
3622 803
3843 1387
1596 3598
1077 5374
1519 4792
5287 3240
1369 4596
1946 3234
1262 3510
2131 5312
50 877
3189 1727
1127 2452
4254 3046
1054 4429
4683 2412
982 2681
3312 5124
4560 369
2577 20
897 138
375 4125
3099 2119
3737 172
3732 676
4016 4210
1171 3514
4740 196
5368 2687
1728 3974
1701 1368
3552 2170
5170 2464
2562 259
2192 2972
3607 219
1864 1549
4718 3966
4162 4896
456 1845
691 2467
2331 1531
3909 2354
3050 2192
2425 1613
2150 4521
3260 170
348 5129
4721 3031
2558 3653
888 1492
2267 50
3752 3878
4515 3558
2625 4646
3792 2794
2178 1788
638 2619
93 676
4437 1262
1324 150
2504 4632
2130 547
2609 2455
5160 5003
2228 2742
2406 1830
2189 2486
1341 80
4921 3580
4839 4254
152 3643
4753 669
206 3579
4518 5253
3996 2348
1308 3047
274 3823
3913 1220
5234 1645
3092 5037
3131 2455
5332 4667
3692 3869
3734 4798
3055 2314
4745 2092
3174 3359
4922 2847
1570 1870
655 3570
4056 2111
1708 136
4000 4839
2764 4798
2050 2875
3984 1670
400 5138
1162 4942
3391 233
2322 1363
3684 5094
510 5011
3668 1336
5084 2605
2835 3777
1530 1616
5383 673
1802 2728
4943 2779
1853 676
60 3432
4644 4996
2159 3358
5270 633
1579 2481
2654 1672
1452 2158
2951 171
4004 856
4071 3522
5354 4778
3540 3627
2791 2765
3396 4425
846 1027
4413 2901
95 2593
3596 5374
1963 2010
4150 1787
269 831
3166 4479
2095 4620
5133 1807
4593 3570
3853 713
1045 463
3040 145
3380 2133
2171 253
639 3634
3946 365
3034 4200
3848 5094
418 2766
4865 290
1144 894
5272 2682
4512 2487
2039 95
4501 1472
3854 2953
2767 5338
725 5157
3620 4280
1268 4914
1893 26
1102 5027
4587 4384
2809 2920
3885 4980
1001 379
3228 4498
898 1963
2099 408
5182 2467
580 3010
222 2076
3889 339
2265 3930
223 3685
2385 2035
3937 4638
2948 1332
4679 4989
5135 4661
3592 5243
1445 4285
4154 532
5187 4923
4030 2558
1527 1380
5096 118
947 3627
3449 4258
2146 1206
308 2849
4747 4624
2708 4988
4829 3643
3807 139
1697 5086
88 1596
1449 2510
1217 2273
2352 4718
3714 3174
1785 4071
561 4168
2617 4697
2727 2486
5318 2349
5179 4417
4411 3996
323 4574
1304 3136
922 442
2879 502
1665 629
2560 3251
3682 2122
1513 3421
1432 1479
251 1727
1976 4747
1529 1143
1497 3640
1899 491
3110 861
3214 831
4024 4587
4306 80
4171 1368
1764 4964
2839 772
2319 2178
1113 5273
3485 1389
3858 2848
2209 1539
49 1260
5169 4069
2260 5368
4349 4096
3078 3661
4087 3446
1170 867
2136 5144
390 2578
1331 3812
1457 714
980 4658
4629 5176
310 1486
1600 636
2961 1579
1123 4732
1747 3481
5188 3796
4883 1103
2585 2014
2715 2348
949 898
5060 2424
4301 2167
657 4406
2768 2132
1628 2758
1038 2851
840 4046
122 2642
1671 2953
3749 2220
873 4455
1425 2685
1835 2356
3409 3084
1456 3692
4076 3624
4615 3031
3105 5264
4913 1201
4748 3105
2311 5232
3460 5153
1550 4301
4245 4280
5325 604
4523 3925
1147 4732
1423 5069
1219 1638
3904 2668
2612 2514
4445 3126
1132 1845
1120 2222
2945 5188
562 831
3086 1389
3636 5083
3316 4998
1195 36
1720 4445
1014 2123
4535 2131
720 11
5204 1173
2597 3544
3577 2368
4670 3927
4880 1853
2324 2813
1158 379
543 3685
4693 3848
422 1670
555 1066
4898 4658
30 619
3301 5040
3778 5383
2538 1701
2089 3490
5345 1963
1540 2653
1718 415
1599 3984
5250 2401
3711 2585
4779 5222
2478 2512
1145 4806
3741 1070
300 434
3806 5001
5108 1676
5268 808
3838 619
2880 725
1609 1035
1461 340
2636 3901
449 1353
1646 949
4431 2424
3183 2039
1823 956
5088 4293
2756 1602
4003 267
1017 4679
3632 669
3141 1557
1846 840
32 4959
181 1147
3164 4724
5373 726
3575 4301
4131 2013
2555 4886
5002 4512
1400 674
700 3400
616 1599
106 1180
3213 3558
920 1929
4459 4611
3184 5048
1163 4928
4565 1344
1748 32
301 2226
1451 1275
3506 181
4169 4494
4051 2134
5269 2969
5142 3260
4508 2005
1952 1578
4060 418
1776 2848
1860 1467
1836 3467
4401 1615
134 3641
3979 3858
517 2766
1969 2372
2369 3689
3646 561
4603 4122
3619 1457
5313 4244
5298 4880
4057 3304
5098 4793
3435 1727
514 2934
2888 4152
843 5406
1502 3382
567 3008
1032 3821
1434 4404
2439 2209
200 457
4554 4513
1674 3353
2844 1578
3283 3174
2954 2934
3210 4502
467 514
2695 5312
5394 3110
1736 3947
157 1090
953 4150
382 1035
362 1689
4930 2996
4288 2786
329 1453
1700 3584
3212 4962
4497 2035
4623 2463
3829 2945
559 3099
3286 5213
24 4587
231 4667
4776 5203
4462 3412
3314 2892
1729 1153
3259 1791
2557 1331
2833 3046
4901 5344
680 1423
4999 2186
1750 4969
3315 4021
4142 2508
2614 3263
3209 333
4170 3118
3005 1325
2905 647
3804 3276
1660 3748
5226 4871
2599 3946
1471 4395
3147 422
2530 4197
3284 3536
749 956
125 1729
2280 949
1374 2131
4762 2063
988 80
2688 66
3089 4754
3430 3983
2126 864
4467 1267
4939 584
2180 1332
3504 852
4367 2592
5340 3749
2107 4334
1358 4742
4363 5182
396 287
1506 804
776 1963
1044 570
5104 95
2826 719
3338 4438
1849 4623
1209 4865
4582 3821
3708 2919
4551 862
4089 1094
1711 1571
5103 671
2175 4988
2862 805
1554 2953
5013 5169
263 3110
1634 2195
2054 5124
4545 794
4598 380
1680 3703
224 2626
4918 2552
3071 2109
3279 5318
1501 422
3746 2672
2262 4593
2745 3592
4330 206
4573 97
3631 974
1655 3730
3306 3798
4938 1660
395 189
640 4932
850 5231
1216 2052
3493 2261
4991 3607
3482 34
3505 2054
4553 700
1582 2727
129 5275
1199 1183
1185 3276
1191 3306
1013 5188
5121 263
2254 321
3326 3798
2252 2826
892 1953
921 209
548 2610
1629 1467
5343 2897
4546 2755
3371 1980
4948 893
285 4197
2364 3099
3425 5155
1005 2619
2575 664
1101 4011
1055 80
4080 2042
3941 4574
2519 1718
4708 25
5075 181
142 3308
1948 1674
519 3214
1214 2624
3735 4718
3282 1588
2033 3870
4749 1479
1266 4259
546 3506
895 1942
2301 1220
1559 3469
1581 1024
1311 971
1576 5338
2300 5273
4475 2722
5029 2319
2967 5313
3237 3716
486 2992
1372 1094
1851 1860
2182 2481
428 2273
2940 463
4671 580
3231 1579
3917 3854
1526 3059
1068 1672
2006 1835
1692 1257
3489 4546
1329 5042
1295 2385
2995 4025
2259 2323
2526 2055
2234 2095
4971 5313
1297 2111
5125 2555
3419 2454
646 3575
4936 3952
552 22
4151 1894
358 68
2646 4121
4188 612
4909 5129
3403 4494
1463 897
585 666
1901 3880
162 5057
4586 1311
2152 2437
3982 3835
254 5243
2166 1467
1813 3231
1351 655
854 482
4713 4349
474 5401
1246 3575
5299 2646
5023 5090
3438 2911
2858 731
2490 1787
2963 5220
2554 3205
1269 208
108 2136
2113 1179
577 1933
3386 3684
4469 2391
1273 2963
2400 3039
1370 2136
3857 4080
3881 2271
2909 155
3827 3085
5348 1352
4104 3798
1016 2138
488 1084
4836 2425
317 1068
4019 3096
4716 4383
1954 4971
1155 625
2929 5115
746 1351
4372 4747
983 2124
471 4704
2329 3266
668 1079
3894 5203
923 1771
3274 2892
1000 1980
3693 5406
5058 3890
2392 2232
493 108
2202 4184
167 3533
3117 2384
1204 4156
930 1647
5395 2771
5167 5395
4637 1946
2732 1492
1702 3440
1330 1023
1426 2872
1977 3591
4045 4395
5391 3281
2278 3432
3379 4293
4221 5406
1918 5269
841 5056
3520 2481
4695 4806
1879 3853
2231 3734
63 5306
2415 4946
3144 4056
4113 4772
1333 1284
1122 3059
1741 2382
2129 2132
2070 2464
4800 3456
1182 4920
1777 1814
3152 720
71 3333
3736 2151
2298 212
4617 1068
2165 4861
1560 1374
7 675
3873 1727
4929 3709
2686 1702
3022 1070
3238 2473
4033 4096
1740 4740
3066 231
2290 2013
1110 1270
2710 235
4541 2164
4856 1209
1834 2862
3452 3280
3043 1942
4610 1092
2663 998
1945 4252
1098 3849
4812 3579
2581 5044
1430 4620
4098 1207
4106 22
1967 87
57 5133
2717 3544
3638 2204
3847 1773
4141 4615
1737 4914
5136 125
1890 5104
3586 919
4440 1364
3817 1835
1140 576
4050 1055
337 3954
1561 3889
1198 4646
3850 4886
4251 238
2433 194
2417 1918
2983 322
2748 1447
2097 376
4900 2605
2852 1102
2389 4433
89 4865
1678 2124
3602 570
276 3209
698 944
4316 94
2689 181
3903 1098
5178 4270
1768 1467
3265 2697
730 2602
1008 684
1096 646
1902 2636
1895 3357
1193 1885
1485 4038
3705 3954
2926 2592
4380 919
4714 1352
4604 2549
1301 4795
218 2557
336 2931
1511 3862
1203 808
4105 4910
355 1913
3610 3705
677 3850
3803 2408
1431 1529
1688 2280
779 3316
3487 2946
3454 3948
2665 3202
602 1005
5370 223
1455 3020
19 5086
3814 4874
729 3904
203 4177
916 5012
3650 3850
961 4338
2258 321
3764 3333
4945 3112
273 2145
3436 585
3080 4278
4965 4939
2603 5137
4509 345
774 1173
2318 1644
128 2614
2470 4961
1738 529
1686 4199
173 2614
1922 2310
4636 4581
2046 4152
5297 3435
2990 1505
2059 5306
3527 418
1917 2803
4845 546
773 3061
533 62
1507 5048
812 5332
1167 3326
4403 2182
3594 2976
202 4596
2002 226
999 1931
3157 602
2984 308
1614 4306
4592 4637
5277 4671
5333 462
3252 714
2968 3451
751 4041
3478 1202
5292 3136
1377 629
1858 5112
665 2382
5080 475
4387 612
1474 2707
40 382
1914 202
3864 2154
3525 4673
1759 1828
3704 793
4111 22
3935 20
2008 219
4399 806
3491 162
1541 567
4148 3098
4674 2835
3109 3812
1437 732
4144 3850
1392 4108
2447 3252
2637 4301
1069 1968
2458 4933
4765 1913
1252 4313
737 4345
4863 1752
2531 2234
1543 5354
3123 2984
42 1893
1221 2654
2515 1038
3261 5269
4124 5270
4421 543
4249 3354
4161 1270
3470 4596
1763 105
508 1712
5018 1257
2521 2488
3222 1522
4944 3302
1125 1711
1064 348
3529 2014
2306 1662
2246 4583
4709 3847
3497 1795
623 2056
821 3089
4602 4455
1568 2141
621 1485
614 676
759 2099
3758 1171
2509 1207
1611 1212
754 2388
3559 3641
4532 1113
64 1275
3278 4440
264 2059
4418 2233
498 1079
2194 1940
366 5165
4257 2885
3928 808
1816 3520
3981 3291
2272 3497
1407 5236
4722 4358
3950 5179
4242 3650
76 2534
3257 2397
4834 1461
551 1819
2183 2260
188 2892
5334 805
2690 4101
2870 2874
2683 1222
575 4836
3045 2586
1091 1187
1099 2282
2917 4761
158 3725
5116 1297
4968 1871
3474 4509
4866 4643
4785 3677
4240 1368
1862 1845
2997 874
4202 1055
33 3162
5049 514
3434 2614
3513 2354
2570 1143
796 5303
252 3174
3361 3421
3919 4031
1932 2092
782 4455
1874 2434
3840 2833
5307 3650
4902 4602
5337 845
4094 3932
3272 3341
4365 3982
1681 2768
4790 3622
326 2915
2778 2111
3939 1554
5274 4678
4126 1922
5068 3103
2974 4803
3404 1027
3968 3639
4773 3350
4653 3714
5262 3162
2398 5234
4072 186
53 861
1756 3144
1943 300
120 4479
2878 403
4276 2180
311 2782
1236 3989
229 4587
2993 3646
5309 3286
2436 773
2362 577
3587 1991
1971 940
2952 1579
558 2739
1854 1244
1114 2897
5038 4258
1774 3531
4295 2170
1105 4355
686 1222
4843 1456
1696 4778
153 3675
3336 999
5005 3903
3455 1527
4018 2974
5244 3864
1224 367
3426 4103
966 676
1208 259
356 3766
83 3477
4712 5176
296 4758
281 5130
643 5094
848 4880
2040 3580
1685 1096
2856 4355
2906 4502
3719 3690
2091 3930
1251 2300
2705 1266
3841 841
2866 471
1799 4103
4527 188
3148 400
4091 79
5278 562
4606 2556
2998 79
3788 2974
2798 1486
692 625
3769 2597
2790 3156
197 4197
4062 2961
2489 4126
4867 3396
1985 1638
2321 4516
1322 2383
1514 4011
4912 2146
324 3973
2574 3827
1241 2599
4504 4469
2729 2773
1643 1602
2149 3398
193 3631
4336 4748
4925 2934
2269 4604
4419 4151
4692 2833
838 1593
1337 4251
1604 4048
1878 736
3706 19
1156 1359
2190 3935
1755 3291
1415 700
1194 2392
2351 5381
4084 1456
3767 4587
2550 3733
306 4437
4543 2132
5067 1672
5051 3380
3915 1180
3293 4076
3443 658
5031 815
1553 1798
913 287
2029 3870
3754 21
4781 2594
2326 5137
4480 336
4112 253
4436 867
5228 3804
2700 1096
4958 3219
799 2464
4893 3470
1316 3812
4869 5313
360 4056
5342 3647
1734 1257
1281 5104
4744 1162
1770 2764
2836 3482
1382 3894
2334 2071
4813 4693
4201 812
107 131
3267 4670
3494 5275
707 363
4296 2967
3755 1301
3768 4976
5024 59
1944 89
1493 5187
1384 631
3294 3282
3998 2290
609 4199
2606 2431
3791 873
78 833
2772 2044
3874 2665
3861 1688
4645 4438
4310 152
4474 418
166 2847
3613 732
4694 4653
685 2715
2890 821
4730 5343
3779 4902
3107 1037
1693 4201
2475 2696
3967 2695
531 4604
880 4138
4757 2021
3057 3700
1484 4274
1754 2225
2898 4455
4376 3166
2640 87
387 5068
3161 218
4668 4875
641 603
3884 3357
5059 1867
2442 3595
1046 3722
4454 1871
1175 3098
3776 2708
526 300
2978 285
4263 814
2994 3557
5047 274
5290 5108
4992 415
2819 3474
876 2567
3122 2349
2881 1606
530 3039
3496 1675
618 1203
2073 4094
4682 3436
3025 4126
4917 5182
4690 784
1804 2119
5209 3710
995 4968
678 2425
1282 466
688 3267
4657 5278
4568 1604
2800 2620
243 3590
819 641
2378 625
878 225
4702 1297
4799 2265
1618 3490
520 3183
4344 3421
1821 2458
2102 3342
5087 107
55 3381
452 3665
5006 5161
5221 1204
3195 1374
5360 1120
213 5229
1283 3605
4539 2838
986 3564
1409 2891
1775 2494
712 2697
1794 878
788 3261
1021 3025
2741 4735
882 4016
745 4865
2979 3474
3462 1054
2060 1398
4179 4704
2884 2189
994 3978
1242 2863
5405 435
4049 4810
5283 3696
2373 2070
3589 1925
4696 1741
912 1313
14 1980
3712 3496
2652 2581
2007 987
3113 4508
766 2646
5198 2021
1512 1596
1059 5156
2163 1194
1659 5006
4322 3797
1558 1688
1518 5164
3995 4696
2928 5270
293 5180
3216 259
1365 1905
1972 4321
3295 4452
1169 1054
4305 486
3433 5057
391 4655
5092 5091
4919 3380
3601 1649
4231 2937
1941 1044
4662 4080
4633 3308
3625 2901
3360 4334
3865 4709
2181 1193
2582 2501
4804 5130
4448 59
4159 754
1856 3567
1354 4553
3335 2844
767 2540
3924 4754
3713 3251
315 102
2655 4183
3133 1905
830 2109
4487 4420
4364 2836
5326 2158
1086 4848
2082 2598
3929 2071
4544 3669
4924 1390
409 3734
716 4742
4899 1220
3943 5221
2363 3616
1585 2052
1263 2745
3662 2525
5336 4969
1517 3803
853 2250
3321 5078
3678 2767
2045 1008
109 936
5224 4498
381 1577
2304 1954
1523 2636
594 620
4347 4093
4327 4076
513 4843
2128 1881
91 1947
2030 2228
1965 513
2242 5406
2023 365
4906 971
2479 1939
3405 1283
2670 1697
1603 4781
4393 2565
4354 5095
4238 3948
3465 375
4641 842
740 666
2049 696
4447 2756
1656 4857
5077 3286
4707 100
2483 2513
4652 2646
272 4484
5385 3
2394 2601
4534 1898
3656 3304
3621 3133
3743 339
2580 2430
1498 4678
3683 1917
3486 4242
847 3225
357 4695
699 4762
3963 4420
628 3905
332 517
2590 2581
3158 3927
2153 913
270 1257
1399 4044
3036 4038
476 63
539 1776
81 1341
2498 844
2247 1455
4556 3485
2098 5137
1766 2149
3526 4173
1935 893
159 2806
2012 4638
2793 4907
2691 3996
2350 1128
3377 953
5089 3232
3479 5401
2876 2467
3230 2267
4015 3078
2999 3622
4802 339
5372 2215
3387 3591
2244 2129
1379 2915
2374 4124
2783 4091
1051 2384
4797 850
1071 1531
4409 3640
4908 4930
4934 4657
4034 3580
4884 229
407 3972
851 1860
1305 2706
5359 4604
5101 1735
3187 784
1844 4335
2894 4709
313 4586
3922 5337
1082 567
3035 831
3201 1156
938 3859
4213 2750
2632 2914
3140 5005
4579 1816
3444 731
3348 1693
4780 1415
4269 1053
790 3363
420 4329
2628 1033
214 811
2595 3620
4190 1194
5062 4883
5181 2383
5260 2692
1515 2852
3660 3647
1007 3979
3448 851
187 5003
4466 1752
2730 2550
410 4004
5358 4810
2297 151
3385 196
3181 3951
1360 1854
309 3452
710 5133
1840 1440
1820 1322
4639 4507
2987 956
1112 813
4520 162
3553 5027
1746 4709
3395 3239
3442 2862
432 5210
3307 856
1338 3996
1983 1382
3537 1522
444 2059
1454 365
5376 5287
2410 292
2608 1289
593 3639
973 1157
352 5359
5020 391
2495 4761
164 4550
210 4090
5046 1089
4136 1917
2387 2597
342 4748
4752 4018
760 2372
886 4030
195 2560
3018 2400
1107 1140
386 1341
1912 2479
3032 4910
3458 4101
2893 444
1131 2505
123 2637
5206 664
1508 3263
3288 4559
3163 4550
661 4780
3659 629
4405 4932
2438 1752
3038 3861
2018 5067
5317 126
4266 3354
257 1440
4927 3146
4647 3678
3447 4453
472 5040
450 281
2448 2665
1490 302
2380 5234
534 1487
2315 1024
496 2133
3320 1167
955 1048
1624 4358
985 1804
610 4670
1312 5125
5322 4794
2403 3829
599 3659
4268 2859
2886 3607
1230 2778
4675 1
1996 1120
2784 4000
1642 1886
1818 5342
1292 4943
1652 2757
384 263
2559 484
3565 3010
2121 4777
260 502
2589 4152
3075 3540
4446 3973
481 3451
374 1969
1460 3037
2377 1310
990 2288
5081 2234
2675 4959
2193 4406
250 272
5041 3991
2724 1232
1583 1511
4570 3046
2846 4697
4217 1911
4949 4923
1950 348
1930 1600
5288 5135
2834 1216
5025 1604
3000 134
569 1564
935 4913
1694 4111
3926 1312
5398 3942
249 40
5045 2540
4537 5086
3153 827
3340 1808
4640 3843
600 1183
3473 2639
3392 4145
426 1451
1306 5094
4260 3603
5390 5127
2759 3385
499 634
1274 966
3765 134
327 1224
5 1292
4648 145
4284 3606
738 2483
4009 167
3269 3046
3422 3314
3908 3240
1908 3010
5139 4987
3867 2794
3388 1053
2330 387
5379 5206
4986 1563
3250 2500
1778 1844
4612 946
3176 2190
1245 691
1503 2601
768 4638
4292 482
550 2101
622 1683
4489 532
99 3298
2991 2010
5194 4780
5276 4355
2357 3836
1713 3865
2630 2893
2674 3008
836 2691
4164 3567
4940 4657
75 3716
2749 1808
3773 183
4522 4568
1450 5276
2199 3199
4530 1519
4352 1533
3087 861
1213 806
1605 1329
4677 2918
241 3199
5393 5386
1780 2897
1806 1891
2904 3215
185 3678
2281 4857
957 1055
4892 1089
1524 2030
5205 1539
4825 2100
516 363
397 5206
4831 2504
5076 808
220 843
4267 3360
3373 1330
1303 3843
2499 2070
5285 2534
4977 3606
347 164
1848 4874
4067 3581
2502 4522
3985 535
5214 2660
3931 2708
997 3646
304 2385
1307 600
90 2433
1135 3107
721 4417
507 625
3417 1674
3226 1530
5109 2887
3319 3752
1772 4263
2970 4256
2284 4504
1138 73
2285 951
4100 3775
855 2851
286 3749
4614 3072
1243 4810
589 4276
1255 3084
478 3754
2889 4259
2857 1834
5099 2281
5382 4108
789 4565
2237 3996
4759 3034
4233 2617
3502 2729
3676 4159
3002 4621
2085 3478
1475 1324
3521 3999
3344 2215
728 1213
579 1789
656 4929
3971 1716
834 3342
393 1856
3154 2889
1607 1194
4846 40
1725 3854
35 3763
1984 5098
4235 603
1633 2872
2025 986
968 4708
469 3958
3365 1398
13 2191
3390 337
2657 1224
5371 4523
5174 474
177 5317
1666 5139
3576 1350
717 3894
4572 2475
1362 1791
135 3140
4684 452
1758 3070
3794 4874
190 2146
4569 3749
4428 3310
1342 2369
3944 674
3887 100
1302 2969
3672 2967
670 2806
5240 3306
1050 630
2036 1156
595 1798
3095 2758
4578 4856
4538 931
1574 4573
583 807
4492 3164
2761 2705
2503 2278
1687 3855
3124 2249
1654 1320
2671 4105
2596 5086
3322 4831
1805 181
429 788
5043 2005
2493 3696
3323 231
1015 908
4311 1111
2087 3741
1385 5345
1477 1660
1988 796
1108 2318
2788 609
4840 3668
1703 1371
958 4671
1572 1712
2450 1518
3173 4011
1439 4570
2841 1413
651 2946
2235 4504
392 2575
2679 4874
3800 558
705 1868
4599 2644
824 5089
5055 18
1961 2503
792 4573
3330 305
1049 253
4181 552
103 3308
4703 1439
4768 4909
5246 2364
378 1194
3115 2922
5015 1785
4371 1125
404 379
3515 2310
1095 5400
2461 2194
2137 24
3170 3449
2607 3706
5199 119
2009 2483
4691 4810
659 4579
1757 3938
2327 3595
2569 4477
3200 3510
2345 4159
5216 934
5389 1787
3097 2626
1861 5080
4889 2046
1002 4946
733 3423
1981 4474
2139 1364
473 2751
3953 126
3450 3480
2908 3176
3471 3505
244 2093
1999 548
412 4305
1416 4866
385 1572
3192 874
2796 1670
4595 1472
3959 142
4995 4090
3826 2894
2703 4785
4827 3815
4607 847
1995 1128
582 727
1159 2224
4302 1359
909 5253
111 2488
5380 1471
5291 4058
4203 4588
601 2146
3332 329
4557 4487
4755 3456
563 1373
1586 2598
2572 3385
221 2768
2842 4504
3299 1991
4859 4754
2299 2487
1979 5145
8 4716
917 937
443 287
5010 3025
3921 1110
4877 5213
1838 4742
2733 4058
2022 2422
2986 1836
3645 209
4303 4999
709 4938
3428 3257
5082 772
5184 5298
261 2234
2623 2508
2471 2534
5154 1297
4774 3725
2491 3901
5063 2552
2869 949
1970 3489
5396 3555
2854 3310
5305 1026
2825 2967
3997 3482
757 794
3702 2247
2207 1611
3801 5309
556 22
3328 842
1906 2039
4386 2685
5120 1382
525 789
4841 3948
5378 1968
2176 1680
4204 4799
405 3348
2817 1089
5364 3134
3756 3868
795 63
1499 4551
5369 4878
1621 4452
1923 3045
3345 457
2539 1499
2587 4222
1115 4943
2104 3259
165 2488
4997 579
900 393
3856 1944
48 4447
2812 4747
121 3874
4331 2249
976 5232
5225 2657
2947 1084
2004 1778
2462 982
5113 4346
2752 5380
3822 486
1404 55
1348 846
3208 1092
769 3867
176 419
45 1988
2949 2026
1632 3605
2912 1388
4486 2652
5173 854
2011 4257
2780 4486
4391 3848
4012 2487
3207 1051
3875 4849
1464 2170
2935 1026
3512 145
4317 611
3135 2624
1218 2829
1391 594
3501 674
4809 3975
1296 3680
2079 4861
4430 3367
4505 3061
4434 2970
1811 3797
3007 2291
1698 4069
1073 3428
2802 3642
4165 369
785 4591
3248 3209
3723 290
4788 1530
598 4421
5245 3801
5339 2357
1601 2998
3204 662
756 1403
5200 3630
2024 1112
1622 305
2286 3071
5072 707
608 1110
544 2141
4027 4367
4731 4250
2083 1880
2468 4436
5159 4977
4706 3763
1235 2433
3372 5163
275 3046
5361 2002
1142 1864
242 93
2548 202
4408 30
1987 2724
4348 4391
672 1503
703 3835
1200 2397
1792 2425
972 3069
2172 1311
1248 1513
5016 2038
1494 2970
1884 936
5281 1799
4699 4840
3339 5027
1088 2054
1896 3396
4224 4177
3899 4161
4609 2384
421 2682
3100 3199
2621 187
2818 684
4763 1763
1429 4461
2344 1169
5388 488
2361 3411
3897 1375
4198 1145
1496 1502
5331 4606
2811 54
5143 1096
4972 4805
3751 3086
2173 900
230 4418
2020 1980
4954 604
3229 4320
4701 2249
5316 1013
353 4913
3445 4367
175 2310
5314 5386
1673 4496
1723 32
70 1024
2941 270
4002 951
2125 2710
4528 5102
1630 1817
771 917
3021 4938
1290 1049
5323 4565
1028 5382
2336 2475
3101 1728
2197 1352
565 4364
3013 760
3721 3755
5004 4975
4337 3841
4941 3008
3246 3918
2965 1226
4157 2672
2925 1476
3437 4620
3550 2912
2588 1020
69 5262
687 3261
161 3410
4887 4969
1897 794
3583 788
1052 4646
3364 4709
5126 1687
3912 1095
2535 947
180 2119
4854 1267
3846 754
3011 3071
4796 1170
3697 3311
4519 1893
2179 2917
247 3501
4246 1288
1916 1768
3167 5081
762 5344
86 2657
1177 3371
227 1467
5192 424
2347 4240
4351 1673
3784 75
277 3477
4819 2803
2738 4880
43 4880
3104 2972
4362 794
4187 4501
3837 4968
56 593
3617 3222
147 516
4451 2250
2673 582
3819 3501
399 4921
891 3303
1240 4594
4733 1610
3119 5281
3149 5088
2376 5371
3833 1266
3093 665
1575 2153
61 5394
3956 3901
1753 1715
1319 3863
4070 3590
401 4987
4314 4965
437 4430
4571 83
3242 2670
2492 657
1401 254
1349 2742
406 2090
4075 1221
2622 1761
1124 1563
3945 5272
1421 2473
1826 2141
5152 3390
3151 1342
2634 995
3667 4419
1383 1363
2719 3662
3542 773
2212 1655
1148 4944
1233 134
4567 841
1211 383
522 3929
2127 308
3530 4933
1154 3250
156 2367
4381 5383
3224 4000
5230 428
5073 620
284 190
2359 4779
1317 4995
149 3347
1249 1090
4253 5221
3987 1214
178 5392
3936 3239
4110 2765
4132 3290
943 457
965 362
3824 3160
1161 4317
860 2901
454 1918
3375 4992
4116 604
350 4173
4890 3703
4947 4383
1608 1645
4264 1520
4356 117
3125 671
2292 1013
82 3276
132 57
4361 3719
4491 4163
3545 4207
4342 2744
932 4885
4281 2059
4590 779
1815 2853
3679 5340
4085 3434
5238 1514
2409 551
3401 3047
4117 4693
1250 3835
23 1723
154 1456
1428 4691
4115 3333
1067 1825
1178 4067
902 2489
2034 3104
124 2941
4821 4352
3654 2969
5355 5068
1366 2996
2883 1661
458 2055
683 1979
2003 878
4146 4695
3102 2834
4842 2110
3402 3335
4597 4504
2910 2821
3566 1130
4088 991
3759 3665
2718 3354
1395 1308
863 4898
5052 4806
1488 498
130 4002
3832 399
4378 2249
2787 3361
4911 3134
590 5220
1650 4482
1355 2062
2080 1560
2316 1966
2638 4682
4951 5222
1545 3863
3681 1471
3297 3605
3750 1766
2069 3357
2443 2362
4176 3168
4332 4548
3727 1066
2355 247
4485 3312
2774 2167
587 246
1151 1687
4635 1137
2177 1441
2257 2397
2148 2300
4441 23
2241 5339
2155 1692
4727 1385
4340 2341
4323 1390
4068 2556
4801 2919
4851 4017
1717 4170
4373 2257
3648 819
1239 4648
1587 4087
4133 1596
1410 1382
236 152
4435 3497
4660 1338
825 2949
4558 3570
2716 428
288 2050
3182 2087
528 2348
3041 1236
1810 4614
4390 276
1590 4543
1528 2852
3886 4825
3831 2290
4905 4050
1139 940
1975 1838
2814 3549
4858 197
933 2212
1669 2502
4525 3096
2379 3437
4937 1814
1762 4068
2903 4605
74 5400
5007 4695
2611 494
4882 5342
3083 4106
3976 4398
4261 1712
1900 3261
2303 4745
2698 4319
4767 2168
896 3055
1547 3668
1525 4340
2287 3660
5237 1139
822 275
3528 1077
5301 1568
5300 3284
911 5163
3923 4721
2386 2672
344 244
2407 1585
2245 1996
1062 55
5387 2036
3368 3668
4389 3895
3352 4317
4074 4909
869 4002
2390 2425
4723 2312
1146 3901
4370 3727
3618 2171
3666 1599
1271 1821
2532 2790
3652 2673
3920 5301
4407 3625
1061 731
2895 2176
1030 1624
2923 1301
798 1267
2088 4391
1566 1251
597 1895
1060 4018
3384 2
330 1370
4155 3168
3128 655
5208 2092
2161 4544
258 1049
217 125
3718 3948
2393 1762
613 11
256 2532
5212 3095
2631 2018
4191 3549
3172 4718
3241 2099
3211 3747
1258 2340
1631 2738
31 2995
1784 1864
2985 5020
2200 5260
4439 4916
240 2560
1964 746
1190 5253
2618 4693
1812 4301
2213 1962
1141 3342
5097 1058
992 4897
2797 25
2196 3084
2293 5394
1822 3685
2402 724
3203 938
4353 2132
2523 1214
3739 3777
4006 112
3717 4983
3067 851
4143 2224
4552 5232
2723 5337
2709 2473
5384 2878
4078 5298
104 4284
644 776
2721 2067
4308 1939
2140 985
4511 2435
3407 1397
4626 1529
701 2144
2860 1336
3006 1389
5320 609
2032 3924
2041 4467
1684 3675
1556 1174
735 1212
1635 3395
4739 2215
2469 657
3574 5125
4220 88
2789 913
1459 2597
3802 4213
1334 2349
2714 2771
3701 3391
4847 169
1247 279
743 2733
4241 5267
2239 3260
2320 3832
4054 4413
910 3174
423 4190
2936 4288
1339 353
632 3853
3556 2748
2980 79
2061 4708
1356 3368
2669 2883
3578 1566
3132 2089
4423 3974
4339 40
4500 2806
4807 966
1165 5372
3871 4988
3143 304
2865 862
868 2589
4490 2093
964 2002
809 4052
3137 2359
4286 3868
3519 2334
3503 374
3644 384
3568 1441
5399 1173
2830 4338
1843 1445
4465 3460
2332 2062
2077 305
2496 412
866 4829
1293 597
47 1257
4023 2314
1504 1520
4218 2079
3079 2393
3882 5305
4895 4620
4304 3083
5261 4980
3349 2217
4664 4080
4014 4465
4185 3953
1265 4769
199 5325
3116 5364
402 5108
1318 405
3106 5270
3064 613
5266 3978
2405 4424
96 4695
4589 1488
2427 4426
3940 4159
1695 1291
4472 1118
1465 3124
3900 3652
3178 2819
2902 529
4215 4940
2667 3205
960 3258
823 546
1837 4096
497 643
4392 3862
4095 1187
4043 48
4770 4723
2553 4082
2746 3228
3429 941
984 2178
1272 4508
2958 2515
2255 5361
3670 3430
978 3895
5119 3282
3264 1163
3500 5058
3898 3189
2309 2642
3420 4445
2208 356
5017 2639
3012 2982
3762 4514
2459 1426
2650 3220
3965 1300
5033 2336
4008 2859
470 81
2938 4384
101 64
2944 4452
4830 3153
515 1460
3724 337
3370 1297
501 4354
5330 2710
3877 686
1733 3128
371 3456
4464 4812
4022 4057
3957 4862
4879 3731
2047 4541
1769 1948
1011 3743
3588 3419
318 4325
1109 1708
5000 3646
2930 2809
4290 951
1882 2891
4659 14
3023 1617
511 799
2219 3285
4817 13
39 3690
950 3454
2381 429
1414 815
2268 1339
5252 4329
2445 3396
3793 608
4756 2280
4228 1517
2275 2696
2971 3515
127 3968
2274 2869
4818 501
2289 1625
2561 1161
4099 1147
2253 2730
3270 4702
1997 4889
786 3841
3114 1497
38 778
3468 3595
28 3615
3186 3578
3003 4286
2955 587
2913 3122
2659 1853
765 3490
5146 5239
4826 5380
3715 2542
4488 3048
3914 4782
5296 5154
2117 76
168 4593
1978 3110
4750 1300
2873 3301
1841 603
3441 219
3346 4666
5008 3863
3235 1130
314 2726
1927 5069
3649 2583
3960 1352
2942 3469
425 3835
3795 1838
17 1965
1294 4771
1760 973
4555 2187
343 3724
592 2755
3329 4495
3227 3672
1534 4084
4081 2801
3720 1778
1598 3059
1076 899
3369 162
2476 3381
207 4000
1188 4336
5258 4361
1829 4767
2977 4228
3961 4552
4216 3227
2328 1107
1679 3198
3466 3597
1920 383
3883 1354
299 3705
4783 1356
954 741
2840 1259
3906 4023
1876 5344
2822 2911
3786 3788
5311 4570
2831 1030
4396 4394
2396 3167
1136 1519
2907 1340
1704 5171
4107 399
4634 3631
4432 497
1907 1575
2317 4573
872 1518
3317 2637
1418 999
3825 3669
4963 3342
5295 5395
4816 4997
3206 3158
2162 1093
781 5038
1852 1433
4412 1533
3842 1871
2661 2983
2480 5032
4973 2972
3254 2368
1491 1678
1924 1358
2218 3189
1074 3170
2353 1852
977 1862
3169 1278
289 4132
448 5023
4540 1211
1438 4778
3408 1088
489 1995
3782 1924
2563 551
1160 3861
5351 1684
1657 4477
4375 4579
1186 1977
837 1953
3655 1694
2966 1946
3523 4133
3554 4075
4282 4098
3955 5382
2474 1541
1690 1528
3414 5297
3896 2340
346 3850
1910 911
4471 5353
2277 2413
84 1769
4315 1363
4751 130
1470 1288
2371 4024
3431 662
2537 950
4350 1404
571 3996
952 73
265 514
2053 3938
3217 3767
3439 1011
5019 1823
871 1844
5279 1285
1865 3659
1228 4494
4318 2809
3611 1672
3604 3215
4493 1829
4737 1306
3185 5349
753 4986
3569 103
2365 5246
1626 1673
3177 3161
4036 618
4654 186
4374 2694
5207 2922
1299 3288
3262 1592
5168 4399
3783 40
1824 2923
3054 71
5241 2963
3805 3742
9 2607
2074 4577
5347 1370
2536 2799
650 5042
5294 74
4160 1766
1699 2987
2648 3989
3351 611
578 2013
4237 1378
2201 2990
3015 784
4211 3122
1859 4602
1509 4019
237 936
4563 3181
5255 610
1521 122
747 846
5327 3829
3543 835
3635 1697
2511 3454
3475 3693
5149 2303
1986 2489
1085 3643
2725 4646
4248 2361
4255 4016
1800 1983
2613 1878
1990 344
201 4688
4226 4150
3130 4596
2693 2537
4784 5351
617 1466
204 593
4196 3258
1951 1200
3851 2381
3413 2007
2335 1278
884 2917
1892 4452
455 1434
1532 1483
4815 4254
573 3529
5223 26
370 4144
1573 2168
545 2280
1280 2955
2933 589
3060 1920
3165 2586
564 3472
2019 1337
3188 3367
3671 2711
3593 2401
2404 3231
2921 5374
3980 4907
2988 2662
4273 3391
85 4623
4415 4755
2399 5024
3770 4540
5065 343
2962 2894
5289 4866
4891 2301
2664 2161
3664 40
5177 4013
5064 2563
1960 5204
5132 4885
4243 3223
3820 166
3378 2598
2522 4734
3744 4097
4872 281
2516 3381
2343 3765
307 4126
2432 4350
3327 4598
5329 76
4073 1474
4860 2758
143 1204
2850 839
262 2424
1709 1211
2460 4228
4888 5101
1926 4747
398 4051
3271 2619
1238 2847
5196 4018
4619 5188
1653 4927
446 4008
1833 2640
1797 3033
4672 686
1234 845
4042 5203
2108 3705
411 4081
5315 1224
5172 1978
4205 5042
1314 2324
704 2578
5202 1643
3663 4907
1462 3877
1827 4881
451 1816
928 3669
4935 864
4835 2345
338 781
993 1698
2684 2795
1658 4901
3461 3735
3563 3408
4562 1128
2720 937
702 5325
859 2318
2518 4882
3325 3815
1921 1715
2147 1372
3309 3294
2418 3914
3532 3342
1442 2799
1974 4504
2157 3344
3818 4751
5151 4633
5131 5006
4065 1182
4172 569
4955 4511
2419 1095
4833 3726
4232 363
1620 324
266 4610
948 3890
3787 5400
4174 3455
4040 5382
3245 914
648 4133
3876 2749
4719 150
3416 2401
184 4704
2016 3103
3073 3114
2753 669
2769 1186
3120 765
3790 2771
606 206
3509 2147
3572 1227
4149 1068
4032 910
975 2690
1197 3682
890 2814
2792 3962
2837 4217
3082 3043
500 5258
4499 1630
2338 4290
2068 4530
4832 623
3498 1157
1357 4648
4868 3660
328 1693
2103 4441
2358 87
5117 4108
354 4466
3561 4821
198 1688
3356 872
1458 2378
3911 4744
436 1356
2507 3256
3614 1614
3028 3479
4547 4078
4680 154
777 3749
4123 1389
4625 576
5271 1016
1335 2499
439 4679
2547 2575
65 931
512 3562
4903 838
2843 2945
4760 4321
459 2504
2048 2982
3658 882
2677 323
2411 4918
1361 2469
2115 4489
140 2093
4427 3435
1408 4174
791 5132
5248 1126
2251 636
3138 2254
3014 377
2429 130
37 424
748 1198
1552 4700
5363 1838
5366 224
1406 4581
5061 1744
3698 1467
3686 3745
637 4692
4564 4198
4600 5378
4738 3185
5280 60
708 3340
4135 4187
2472 1169
5304 3151
4844 5351
3292 1834
1279 3862
4059 1383
4630 4831
4275 3844
1225 530
3994 1319
141 2222
2564 4785
3121 2312
4566 3839
2633 2473
10 1680
3090 1091
4468 4924
2238 5024
4239 1596
2704 4392
887 2916
4134 4301
5259 1256
4613 3706
4649 17
416 1709
1041 4402
191 2970
2028 3051
3629 3311
1548 4945
3691 2687
3845 3992
5100 1074
979 4256
2296 1136
5070 5167
2142 2611
906 1401
596 3279
2210 3020
2116 5110
3221 2793
4005 2092
1682 2339
2360 5018
752 1573
5293 4317
3688 2636
77 5369
1448 5131
2855 5369
5118 5390
4279 5126
2294 128
801 2215
5367 2670
3728 2373
3017 4345
4 5121
849 3847
5141 3677
4379 2764
1842 4056
3453 158
1083 2849
927 669
51 1606
268 5105
581 1349
2221 4409
742 1321
626 1629
2527 2117
2064 2398
682 2514
1714 2439
3139 320
3255 873
232 880
4787 1235
72 11
2114 1637
4039 2768
4517 4539
4510 5278
3019 3756
2762 4612
4741 4975
3331 4488
3538 4819
3062 3110
858 4133
1006 1227
4864 3281
1253 5187
3194 1961
3916 3372
1036 2009
885 3746
624 513
2203 3078
1078 4376
4055 3034
3389 2573
5197 1862
4967 5320
820 844
3811 4049
4981 3275
3056 860
2031 3615
4622 452
5404 397
4265 993
1796 2669
4663 367
770 4408
480 50
3910 2902
3757 4700
110 2802
1286 3564
3324 5402
325 927
2950 3678
918 90
4584 5404
679 2288
1973 5213
4063 445
5397 219
4289 3601
3816 147
1192 4602
5053 2521
148 4103
414 1583
5356 1962
2524 3648
3673 5312
280 1174
5183 1344
5251 4506
557 2745
3053 1320
4473 2240
4676 5202
2302 3515
5191 4388
2546 1673
924 70
5247 1644
925 3930
3418 2971
2877 493
4931 4604
1346 5165
394 2721
926 2320
1034 1930
2096 340
5375 4293
2446 1131
4837 3766
4576 1185
2169 4135
1743 4109
2043 2265
4460 2260
1166 3844
4385 2683
1396 4493
255 1114
1081 88
3052 1208
2185 3653
722 2016
1405 1658
3969 3314
1478 4897
4575 3870
4990 3491
468 3131
5219 4372
1106 4565
4808 3692
5249 3213
3268 1074
4208 3740
5022 2584
4298 4672
216 2199
3142 494
3063 2299
4343 1336
1863 2591
4850 4551
1500 5026
818 247
4212 2729
2604 3990
826 3253
2957 1830
996 3256
635 852
4956 4998
959 3360
4449 4050
1469 1277
969 1823
3499 2467
3539 4371
2229 4845
5257 3853
4360 597
2118 5130
5030 2790
3091 2684
4272 2298
283 1330
1443 2101
5335 3978
3108 1948
2823 4385
4119 5139
4422 4244
1323 2525
4791 4746
2641 2383
2421 469
2544 4706
1489 1404
5319 2918
5341 5277
3828 1378
46 3360
2740 1662
4079 741
1957 3529
1765 2103
1134 2326
981 3312
1010 4548
3893 2497
3986 712
1104 3377
1168 2624
4993 5309
5201 1766
1537 2767
3127 2415
3516 4490
541 686
1422 2679
572 4571
689 3825
2160 5181
879 3659
3729 1378
4234 5147
3771 2718
1229 2640
282 4396
349 4913
5150 2550
1639 3461
3488 3850
5122 2243
800 3513
4904 3389
5233 439
4294 2829
4189 1186
5085 154
1117 2179
5009 3807
945 5219
889 1705
4960 4720
524 4832
1779 5207
3891 1335
5286 2258
2457 3683
3546 2205
3249 1104
4291 2597
4549 3959
1889 2697
1623 1000
615 5071
2864 2553
1989 1442
2645 3231
4463 1808
461 4633
627 4416
1056 2774
1043 1874
4410 388
2174 5104
2932 5197
3799 4111
116 753
518 501
1955 2819
881 1186
3772 1846
5189 4923
211 5024
137 193
4066 5196
4458 5344
4077 2537
4957 736
3809 887
723 4596
2656 1580
2543 1713
654 4333
5175 2544
1731 1620
5028 305
4083 3531
234 1284
67 3597
2566 3164
1742 3841
5308 1245
963 3708
4764 4963
1627 944
1436 3464
4028 1332
4158 4081
695 3283
5256 1231
271 2661
2001 161
4182 1005
1482 5040
2785 39
5365 2767
485 1137
2263 5292
4529 3661
1063 1517
3088 645
1394 3919
4853 3036
1223 2197
536 1472
4369 4844
98 4500
4970 3471
4601 5387
2533 1571
2551 1587
1904 2817
1959 2672
331 4922
883 450
3406 3565
3651 814
962 4638
540 331
4193 2235
2959 2738
3892 2421
3977 1826
1949 407
1412 91
2112 3508
4811 59
1080 4566
3517 4126
2276 1436
4979 335
4966 688
764 1152
3608 1040
4982 25
1663 4285
3988 3073
441 3932
4710 4141
693 1380
3571 787
1903 4489
554 2048
2713 2198
832 4311
5352 5294
3674 5006
4366 5201
4478 3952
361 4995
3507 2633
1993 4188
4299 5285
5050 4417
1468 2279
2211 1622
41 2455
1022 119
4020 3945
2647 4424
4357 4502
4585 1331
2960 2758
2541 2361
3781 1032
1424 168
4536 4969
1181 1005
5186 5008
3760 1843
2078 1268
294 2921
3171 3978
15 342
1866 3085
4561 4891
3551 1364
1116 2879
29 3344
4300 2917
967 4290
5034 1962
1039 4684
2216 4386
3964 981
537 4735
2828 3471
3695 5177
4053 553
2094 1029
3233 1856
1538 1885
3860 1184
1640 1445
1100 3838
4820 1966
1801 2428
2081 563
4725 1229
3657 3687
3397 4850
4397 3661
341 561
4580 4713
4130 2358
4139 4343
4650 2075
3049 4066
228 1918
4952 4741
506 1720
464 2131
5079 425
2666 4301
4194 4430
3476 4513
715 29
4102 922
3600 494
483 346
970 3292
477 1064
2827 5187
291 5270
2627 2207
1745 5045
2156 3270
5014 3342
1019 86
2989 2945
4283 3430
1072 1603
3907 1290
3042 3460
2307 326
3879 5364
4007 5198
1254 3639
1205 340
1012 4567
453 2169
4166 1574
2896 4333
5128 4670
1087 236
460 3054
4524 1818
3300 4820
2444 432
5039 3235
2184 4802
3376 898
1495 4282
521 2048
2845 2897
1850 814
5242 3263
160 4499
205 464
2964 5406
549 990
440 4356
1172 2721
1790 3877
2776 4142
495 3295
4533 3634
5302 1795
1381 4534
3459 430
3065 3291
3707 71
2000 1299
2248 2823
3457 4028
904 2090
3753 5149
1707 5290
3810 1133
1042 815
4775 718
3094 2258
3016 4111
3009 8
3399 3296
5036 510
5185 4742
1719 5297
1347 2253
4114 2259
1516 2428
2615 2864
3074 2095
903 1491
5066 4676
2747 5304
568 4339
5035 4697
4001 4591
2882 3486
4870 4061
4729 1054
4542 4181
2342 2772
4953 5064
4687 3221
431 662
4526 5013
438 1756
3111 518
3785 4105
1956 85
523 281
490 3584
1473 4438
1937 3799
3888 310
2777 1877
1664 2807
5162 241
652 888
2375 2193
3834 168
574 4674
3343 4433
4669 3039
2775 1014
1510 1362
2325 1923
2414 1948
1730 221
2651 3319
3058 947
2754 4840
1562 2591
3244 735
1739 1748
2482 1198
3313 4439
1075 979
297 2517
3628 3752
1781 1692
1402 2549
4037 5121
2649 357
4140 3203
1857 1446
4926 5291
4214 4109
4444 610
1958 5327
2416 4475
4974 1639
5350 229
3609 2176
2571 1275
3081 510
5093 2954
2106 1111
4167 2661
3866 1550
3427 4389
1887 3617
1982 4026
780 2544
1809 4619
1847 1030
1326 4064
653 1967
92 1931
4175 1100
1782 489
4681 5323
2635 4960
3415 719
4277 1456
4786 4912
3287 5153
1129 3809
2579 34
828 3063
4377 2751
989 1097
1855 677
1677 4730
755 62
447 4176
4470 1378
1480 3998
2485 3637
3001 1428
1648 2399
2743 1467
2816 4034
113 501
5362 4454
1888 1740
2484 4333
1004 4609
4950 1854
1597 2772
2867 3265
4341 3186
4789 322
1706 4191
817 2117
1176 3534
3970 4594
4631 3811
607 3594
