5573
7 2367
308 7
236 308
2301 7
5157 236
2767 2367
1816 5157
2832 7
5482 2301
1804 308
3881 2367
1588 1804
4122 2767
1403 7
1961 5157
4875 7
1391 5482
2695 1391
411 4875
5331 5157
3605 5482
5012 5331
3152 2301
4011 5157
3741 4875
1259 4122
3721 4011
3123 1391
4357 1588
5374 2767
2275 1391
1818 4357
4930 1804
1936 2367
2502 4011
3289 4930
3588 7
3843 3152
4758 3289
2387 1936
1648 4875
1167 1588
4018 1804
4571 3605
4161 4122
4179 2387
4684 2695
3997 3881
1710 1816
370 3843
2125 1961
2617 4018
5016 370
4374 2367
2338 5016
3969 2695
719 5374
3143 1403
1084 4011
1821 1816
3905 3969
2519 3289
4217 411
4525 4930
2061 2275
5271 3605
4168 4018
3265 4011
2886 1936
1123 4161
703 3289
4211 2061
1175 308
4750 1167
1269 3843
3274 4217
2882 5271
2169 4211
1457 4122
2609 2695
4358 5331
2152 4161
4212 2832
2002 4011
3552 2169
3350 3881
1100 719
3009 3881
2781 4179
2562 5331
785 2387
91 3843
1005 4930
4590 1457
1159 2002
951 4930
2610 1259
5120 1804
222 3152
726 1816
3513 4875
332 2610
3854 5016
3206 5120
2444 4875
3444 5016
75 4590
2634 2444
4478 4374
4477 703
4845 2061
1043 1100
616 5157
5209 2387
559 2634
1926 4168
4340 4750
4133 4018
4613 75
1743 4525
3641 2502
2294 616
3771 3206
1635 3854
3367 1391
2635 3009
3651 2444
3415 1743
4872 1167
41 5482
5369 1804
5440 1100
252 3143
4550 4571
3055 3350
4407 3605
1401 4930
2109 4872
628 3206
2621 1961
1652 4930
1474 2882
2456 222
4769 2301
4565 4550
1541 3367
5105 2610
1402 4211
2877 1084
2579 3350
3783 2294
3496 5369
3941 222
3267 5209
2070 75
982 951
4424 4122
3555 3741
133 1743
494 3783
2661 4217
2734 308
4947 1818
4919 2152
2417 2634
1378 719
2353 2579
1953 4212
2131 3055
58 951
568 7
4004 1167
1647 1378
5123 5016
64 3206
2576 2275
4683 5120
2090 332
2905 2152
4232 2444
1713 3123
2036 3009
3488 308
11 1159
4071 982
1228 4750
3158 5120
2032 4212
99 3274
1468 1378
1575 4122
4498 3605
899 1588
3618 2661
4030 1804
2953 1936
3405 1401
242 3854
5168 1401
1613 719
4771 4122
1736 133
2844 2070
1483 3843
1842 2152
1040 4340
4345 3771
3959 3289
2450 899
3674 3605
5031 4478
1530 4212
1399 5440
5166 411
2743 3367
2708 4525
1753 3350
1675 133
1091 4478
4530 3123
4965 2032
2753 616
2158 1040
4813 1401
247 4590
4884 4590
1279 4771
3932 1259
1305 1961
1553 3152
1417 3555
4019 2061
5114 3651
2837 4771
3660 2953
2187 2109
1880 2562
2674 3289
4037 2301
3822 4133
5559 3651
2103 1743
3663 719
4767 2519
2272 4684
3758 3265
2176 1228
4869 4037
971 1575
3025 2844
5384 4550
980 4161
347 1159
2678 559
5138 3025
221 1005
4368 5016
1807 4530
4387 785
2838 4232
5215 5157
1590 222
5334 4232
3171 1652
4849 2838
3761 1259
4622 3674
466 4478
1719 1818
1494 2767
753 4845
3155 3555
3428 1305
4642 5138
758 3428
4215 1613
128 5105
2802 58
5202 1530
1812 3674
4022 1675
258 1613
2316 2635
3648 4845
4362 1743
5492 719
3067 2301
4863 3605
3334 1040
934 4965
5125 3588
72 2519
967 5157
4108 5138
449 258
5524 449
3087 5123
4517 2338
3683 3334
4921 2562
2790 3496
4091 3932
4140 308
5109 3771
4549 2953
4765 1807
1999 2316
312 1091
2486 1378
4315 4217
1792 3055
5225 1953
14 128
1576 2953
4792 2832
2289 1675
442 4517
2878 3152
605 951
4606 4161
5495 2272
3946 2708
4055 1123
3351 568
5066 4565
1142 5225
3977 5482
1410 4340
4159 5225
3102 1483
2126 222
1928 2036
157 7
4388 2734
744 2061
1209 1842
3868 4845
2933 4018
2698 236
4513 3783
2699 2417
599 4004
3484 628
5186 312
2004 5186
3751 4424
3564 3905
5450 4813
4251 1652
677 4872
536 347
3753 4387
3294 2953
1934 5450
4672 1675
4121 5369
5473 4845
1979 4590
1194 3055
4918 3405
2297 7
3498 4424
2919 1040
2245 1934
4649 3351
3018 2158
1533 4517
1493 3206
384 2502
3081 4550
2361 4358
3548 4758
620 1936
2796 1279
5413 2790
2408 2275
3101 616
942 4478
4082 3548
1356 75
3288 2061
1803 2674
2831 3444
2426 2708
3238 1391
5146 3683
4841 1533
946 1403
2717 2004
2573 5374
2529 1675
3466 1457
3076 5120
1739 411
3915 4683
809 3663
2603 2289
3427 2289
3708 5482
2904 1269
600 1647
1875 4872
2643 3618
1630 1468
1464 2678
1169 252
2862 332
4599 2032
2947 726
4099 5524
3090 1979
1788 2036
285 4159
38 1630
1319 1842
3826 4140
1608 971
943 942
3772 2090
4790 2301
2917 2862
3020 1934
1757 1936
1627 677
3877 726
1841 4030
2170 3548
349 5120
4718 4037
3999 2297
854 1464
1499 3941
3179 4683
4636 4251
2392 4792
2477 3350
2270 4358
2206 449
4880 3618
2908 758
5560 3941
1070 157
3891 3020
1726 1652
2410 1928
2555 4362
2395 5209
4435 934
2121 3758
2735 3488
3615 4790
2454 5157
2943 3605
2853 946
3181 2109
1234 785
5285 2717
3366 4498
3784 4672
2014 3238
1701 2698
740 2678
3600 2004
3062 3605
3246 3600
2313 4613
4308 3663
181 3941
105 2886
4798 1123
985 3181
4479 559
4660 1713
3471 1630
961 5209
2464 2878
5140 4550
5097 4030
3457 2297
4279 3721
2017 3155
3804 2131
307 5334
2370 1040
4585 4798
5320 4424
3945 4875
2091 2919
1009 3945
614 1575
1525 3366
2766 2502
5373 105
3318 1979
2349 3751
682 1457
3093 4011
4235 3648
2096 4030
3323 3457
2146 2096
2127 4161
5291 3772
3145 3868
4411 3179
3863 3274
2777 5066
3806 3513
532 943
3417 1319
3944 605
2377 3444
2828 2767
5152 3944
4437 2289
1191 5097
1543 3123
998 3143
3103 5495
779 1576
368 4358
294 3641
2665 1091
322 242
120 4642
12 5120
2286 5271
2340 222
278 2395
4273 3641
352 2919
1808 4357
1181 5492
1718 3564
4967 744
405 3018
1907 4771
2062 980
1563 4965
4519 4133
5517 2635
1973 4606
5350 2904
3412 1356
4499 961
187 4121
1535 4121
4203 3288
1492 4479
944 4179
4971 946
1149 2301
4446 943
565 568
1662 4018
1618 4565
1380 2103
1206 1269
1131 1999
700 2289
5458 4758
3934 1483
3745 2917
4842 2781
149 4842
76 3123
3570 5559
1883 3062
4734 5146
4533 2790
4336 951
1732 2643
731 1525
1666 3366
3836 1319
172 294
4301 3267
693 2882
4469 1961
789 466
2003 2275
2687 3444
446 703
968 11
3990 4585
2971 1191
2227 2678
1685 2370
1902 5374
2993 3761
512 3660
2554 2313
113 2687
2049 1821
769 307
2371 2554
5396 3588
574 5291
5236 1100
4210 2289
4265 3238
3901 1483
4659 91
4627 2837
2871 4880
3585 1040
3269 2573
5070 1483
778 3618
3690 2635
1297 3152
4648 4357
3703 4340
2994 370
4923 726
3195 242
2452 3090
3208 1543
2897 5031
1054 1936
3319 4765
4748 3294
3016 568
145 3946
1196 565
646 1399
1352 4519
767 2828
4650 1576
5532 1618
290 1228
5572 2294
5119 3484
1984 5166
5094 1880
4952 242
82 2661
2860 4792
5415 2090
3566 2699
554 1175
4850 2555
1823 2933
925 1319
2980 4133
3112 446
2663 5331
5294 4108
4690 4203
3634 3605
2407 384
3765 1043
4131 4649
4171 384
4782 1483
4514 3496
955 4771
2857 1402
83 4648
1155 2734
1833 1961
2931 2837
122 1009
1076 5225
2424 1928
3113 944
150 554
2389 4684
4794 4550
1528 4265
2022 5384
4306 1234
4047 2410
2439 2994
5129 2980
2620 2477
2762 3267
1462 4930
4352 370
5465 1821
4907 4161
1096 3351
3875 1823
4791 1493
858 2753
1580 5123
4670 4683
2936 1391
1893 944
2742 559
601 3496
4328 4211
2443 5559
1638 3181
1682 5070
5019 951
1478 3246
4327 3854
110 4018
1767 2844
3231 1576
3430 1818
5531 1953
4705 128
4084 4590
3896 5125
388 2529
4686 565
1509 744
585 446
4007 4336
1111 1462
2060 682
1557 4771
3465 2313
3876 2452
3467 899
2945 2060
4026 446
1113 5140
3429 1553
2100 4670
4039 4308
3898 2853
341 3881
642 1719
2458 2477
1614 3367
3393 3231
4935 951
3455 943
1220 1808
3209 4203
2551 4211
3148 3901
77 3471
2302 2832
2680 4642
3034 5202
3827 4869
69 388
1049 4659
4862 2297
2425 1732
4840 4850
3706 2270
1313 4525
5342 4750
2785 113
387 294
3304 600
5544 2126
510 4477
3698 1875
2347 2004
3000 4971
1308 2103
5420 1576
2873 2634
10 1902
860 4750
1386 1808
1379 769
2612 4478
4452 4357
847 99
2847 5114
5164 1984
913 387
17 1401
3577 3822
4822 2994
4416 4387
3083 3513
339 2576
5382 2612
687 693
3217 1808
3702 1803
244 1675
3360 4212
4898 3112
1247 971
953 4840
297 252
4262 4660
4993 4026
97 3690
4183 1999
2923 222
1019 2734
4762 3206
2413 5524
251 388
4145 3367
3452 5125
791 4018
5092 726
1264 3690
1277 3641
2236 3901
1919 1043
1552 5215
2376 4549
1351 2100
5353 3102
2709 3570
4655 1209
3121 1743
168 4469
1447 568
4129 3683
5315 187
3790 2877
1731 1264
3503 601
2951 769
4797 1541
3166 3905
4286 1131
928 1984
3509 1417
2467 1356
223 222
3448 953
2220 5315
3508 2170
3606 2176
3867 3206
659 1662
5089 1417
5509 4121
874 3496
5429 2187
2809 1535
2835 2367
893 2297
4868 3706
137 4636
426 133
2281 2743
3998 1804
4922 223
1695 1792
4102 2096
4521 2802
539 4898
3182 2301
372 5123
2415 10
26 565
5296 4007
1967 2831
842 2301
1272 1175
1686 2832
3748 3771
4081 1953
675 4841
4726 3783
1136 236
4190 536
4480 149
3285 4018
3275 368
4724 2176
1693 4203
2675 928
178 1417
3243 4767
5264 601
435 3319
5165 5420
3402 3427
929 1528
2059 5465
3063 4845
3425 1228
4814 3334
1594 3548
543 934
94 251
143 388
2995 1803
3258 4525
2789 3999
1797 2603
4040 4921
3567 3552
3931 3428
2655 1979
248 247
2778 3488
498 1447
461 3101
2342 4792
911 2002
2984 3896
1683 1718
434 5458
772 3663
3178 5152
1871 4613
3680 3488
5273 128
3613 4590
5107 1297
4716 3195
5023 4091
1219 339
781 854
3731 1259
1235 1054
801 2678
5493 847
2633 1410
288 5031
202 968
5554 3182
5007 5138
3381 3513
2399 2634
1656 4411
4006 3702
4415 3867
188 1557
2881 2347
4805 4648
2909 1797
1185 4308
3023 1159
2669 1608
2684 5509
1110 559
4774 4765
1641 3577
1505 4690
4468 2529
590 2882
4574 5166
2911 2477
3927 2832
3423 3901
2025 1588
3623 434
2308 2275
35 2610
838 17
3616 110
5354 2620
2868 1883
5546 4521
61 4550
2606 339
3241 3208
4820 3182
1271 911
5253 1305
323 4279
3515 3087
3125 1757
5317 5264
2858 559
3374 4006
1243 4308
639 1234
2641 411
4600 1648
5062 2606
4496 244
2283 3318
2097 1478
4503 510
234 1627
1770 2152
3554 3931
3293 3334
95 4301
2428 4232
1605 4606
4453 3616
1779 1379
1858 3783
3805 4840
4867 4327
2651 1380
1930 5353
1592 2036
1254 719
3073 2743
4989 2606
4294 510
686 1883
5052 4345
2351 1528
3396 740
5365 1483
2374 1808
562 2655
2668 2096
90 285
3272 2862
3770 4965
3480 252
1637 700
4540 2126
3080 3428
4669 3393
4255 4006
5297 4255
3260 4306
15 4971
1411 5296
4289 2943
2054 3509
1325 122
279 5114
1959 91
3193 2837
4086 2789
1612 4499
3019 2025
2752 913
795 568
1074 10
2527 223
2381 5097
2903 5465
2763 2297
1955 5440
611 308
1022 2857
215 168
602 2911
1834 3680
4592 2684
2168 4388
342 3660
3786 1541
2398 620
4742 3125
1534 1842
5502 466
3838 3509
3089 686
2690 605
4490 4407
3139 4513
1143 3334
2883 17
3233 1576
2819 149
1520 4923
4445 4479
1840 3498
4163 143
558 543
74 1074
2686 1719
2948 4091
1367 4636
5075 1713
936 2633
4033 1788
1210 1100
5390 3334
4564 2126
1874 2752
867 1666
4753 700
819 38
4577 1185
3370 2634
2273 3090
1634 2289
1368 75
1366 242
872 1149
103 3238
3486 1652
764 1142
2156 1557
4177 4898
1192 5168
912 4215
2073 5334
2115 5119
4865 4374
4620 5164
1927 1019
3884 568
2 2837
729 4571
1853 1534
4403 4718
3701 1386
3187 5236
2624 5105
1239 2399
1389 3496
3051 893
1374 2752
4958 4327
2670 4452
3749 128
5466 247
3200 2090
4027 2633
2657 2860
2972 2819
2052 2220
2263 2669
1476 3206
3271 2621
4092 2428
2028 3701
329 2316
232 1181
4908 1662
1526 2127
3948 2452
2311 3484
5020 758
3283 2909
1104 3103
4554 1605
5002 3488
2493 181
302 4762
5247 4869
2278 2187
2019 2527
3322 1009
1365 4813
3154 1084
1327 2236
1350 5296
4058 4232
104 2
1980 5572
4457 1327
4021 294
24 1352
2352 2302
577 4613
2618 3606
4698 4262
2012 2735
5478 4262
4773 3977
5295 297
1809 2904
158 2753
4041 1526
2093 5374
4156 2802
4658 4792
3122 4336
2482 2527
4363 61
1868 388
4893 244
4751 1367
287 795
1263 4183
146 2342
1584 287
5388 12
4339 1926
986 145
3911 2361
4707 3415
1257 143
5341 3063
3398 1553
1906 99
1021 323
1668 1113
392 1880
2058 590
665 242
228 2283
957 1613
3344 2367
1077 5524
4595 4771
3008 1365
3624 234
4112 4698
4744 1868
681 1973
5090 4540
3762 1739
958 2377
5538 2948
2013 2853
2799 1934
3173 466
1497 2993
2412 4496
4342 128
3224 1743
5401 3360
1651 1647
3754 4357
5523 4145
3578 4698
2737 2275
1283 3513
3855 4540
367 2059
3375 1656
45 4018
742 1131
1850 769
1931 3089
5345 1613
4172 1718
2382 2
4386 3267
3966 860
1217 4058
3384 2897
68 693
1939 3721
892 3555
2385 4794
2298 958
5102 4698
4883 279
3839 2367
1873 3143
1072 2610
2276 1219
1670 3868
4096 819
3052 2283
316 3843
4224 4660
1168 1526
2265 4358
3981 3721
1158 4498
2866 1143
1048 2349
4609 3555
5083 2353
517 779
4438 2933
5263 5365
3980 3674
969 4841
1409 1630
2252 5105
3565 4021
40 1072
295 1812
2630 3193
5030 7
5556 4880
1432 1584
5081 4554
3688 3231
360 4872
3386 188
4906 285
3506 700
2435 2298
643 90
1901 4669
4042 968
257 3260
4779 3448
1705 2699
527 3206
2328 5166
4247 2371
3656 143
4494 2297
2129 3294
5130 860
1341 3384
3729 4453
487 4705
5151 3896
908 3959
4839 5247
763 4971
3474 951
3290 4499
1995 1084
1550 316
570 4452
4619 1159
1203 1022
324 5523
885 2017
1956 4086
5404 1368
2024 2737
4916 2767
1905 1695
3974 753
3066 3981
353 2289
1911 3486
1633 3055
1981 113
1408 703
2118 2450
3207 4112
4276 3155
664 2090
5024 3351
522 4742
164 2298
5095 731
5229 2610
4972 2871
4685 3623
4420 164
1008 2131
4201 4868
4987 4922
3106 1580
2901 2252
4483 4753
4973 1739
2810 2252
359 2603
4408 1557
2976 2425
4256 4762
1058 2717
2685 146
5268 1366
1056 4947
2137 677
343 2844
3631 744
4843 1842
415 2275
3307 616
5238 2389
555 434
361 3052
1090 5263
776 3896
4130 1973
4978 3509
3185 4779
975 1411
3312 4893
5412 368
283 3863
3691 4279
1052 3425
39 187
4206 4416
3032 2674
618 4648
4370 2641
3242 1779
4727 3931
2586 5538
3646 4140
945 1840
2470 1058
1439 5168
1878 2170
44 2273
441 4987
2159 3152
2040 247
4986 729
481 554
273 1812
688 1235
5337 2717
1717 3496
4829 3854
4 2809
4076 3605
357 4273
5003 4670
4892 4650
6 3193
2841 2060
3739 6
4443 2857
2041 3641
2324 3663
4005 1505
5255 4892
444 4875
2761 3233
1891 3656
2991 753
897 2835
1000 236
949 2993
4515 4565
4926 3548
5192 5353
269 1530
4506 5152
413 2252
4001 3173
1621 2059
4221 2060
5226 24
5305 4047
3824 4907
4422 143
2693 628
4150 4159
4772 928
4149 3200
2085 3578
4214 3868
5084 1219
3559 2100
3823 1979
1636 2415
2870 1767
3601 5415
1678 4642
2822 3067
3667 297
1324 498
126 2919
2805 5291
1394 4798
1146 2802
1835 4883
2622 726
3071 4952
220 4797
848 1417
238 559
1755 5107
596 3081
909 3429
4135 3267
2173 2621
1141 5083
4996 5450
56 2477
1012 2283
575 3804
1932 2412
4637 1391
1917 4642
3640 1893
23 3980
762 3640
2055 3751
3084 2678
1384 232
5494 150
3421 2371
3609 4163
3252 1146
3497 2690
1044 795
4119 3790
1650 2351
2237 4865
4806 413
460 1111
1810 848
3864 1630
1830 2841
4454 1630
1965 2070
4937 1196
3693 642
4486 2665
301 985
4322 3195
3256 168
4269 4918
4749 1209
4377 847
1820 1254
3599 2562
2317 2634
5112 94
4997 4898
2247 3981
906 2054
1343 342
3910 3786
5205 3121
2495 838
3662 1726
4702 3999
266 10
2337 1666
1771 278
2975 3806
832 3691
3989 3322
4957 769
1488 2495
3837 2837
2453 565
4471 2752
4208 2125
1786 969
939 961
3991 4206
186 2237
3928 3674
453 2012
3547 2311
5272 1939
2348 4947
1419 4345
3359 4416
4871 1352
1514 2643
3364 2737
615 94
1347 2621
3773 3393
901 3863
3403 5016
88 1305
2180 3396
716 1271
1582 4599
5009 4702
309 1883
916 273
1214 1907
1589 361
889 2012
966 332
4095 2435
2770 4772
610 1634
1250 4660
4809 3966
862 5546
478 2137
3462 426
3069 1901
1330 2425
524 1366
4299 2819
3132 1528
979 767
571 1641
4491 3231
4783 1305
100 4840
410 985
1055 3112
5069 517
2895 2276
1124 1313
2108 2444
4890 38
1684 3826
1318 4506
2306 5130
1522 1535
403 4021
5505 4649
1664 4328
2468 2328
3936 2294
1968 1979
3268 781
1578 1810
846 4042
3180 222
855 3698
3672 220
3818 5095
2475 2361
5447 3051
1811 4221
3595 1410
1426 2273
5571 3999
5187 3838
3940 681
1420 1630
680 273
2063 5350
794 347
2938 3783
534 1695
5184 3513
3433 554
4933 3998
2970 349
2513 4814
634 3990
1001 332
4505 35
668 2737
5141 2060
2880 4750
1126 5337
666 1356
414 3073
277 297
537 3275
2296 97
5260 897
4545 297
1162 2370
2043 4865
2145 2901
595 860
1862 2936
3456 5554
1988 3497
3543 2464
4859 5184
561 1185
1425 4172
2720 5123
5301 4206
823 3155
205 5186
619 297
4776 2663
5200 164
1504 3421
57 2351
3040 4620
2925 2173
2183 3615
2423 1012
4124 4702
1620 753
300 35
5321 2146
2219 1351
3779 4565
2892 104
5535 2743
1242 4039
463 3691
4721 4779
4318 308
5279 1283
3047 3567
4025 1973
588 659
1490 4734
1450 442
4902 3656
3151 5084
4012 2853
509 1347
5132 2012
4675 4206
479 2263
4741 600
2177 1953
3619 309
720 2993
2329 5321
1135 307
1723 410
1119 823
4324 2055
3858 2055
3529 3674
2072 4387
3886 3474
1416 4454
5490 3770
878 2871
3339 3503
200 410
947 2428
4378 928
652 1257
4266 4483
4857 4550
641 4082
2442 2294
4226 3106
5400 137
3550 4751
2681 2439
710 682
3591 1701
5091 4918
4854 466
3279 4590
5366 82
2016 215
1252 4211
4589 2936
1814 3209
2021 4091
3006 892
2705 3698
5244 1893
354 2470
1941 951
2280 1853
4665 590
1454 536
304 5396
1890 4251
5137 4499
1655 4445
3518 2482
2067 3868
1334 3884
999 4424
4576 1464
3866 1084
1489 1926
4866 2947
3223 1965
3184 3997
2638 3125
2514 1325
2053 1327
3153 2072
1692 5341
518 641
5008 1530
2463 1196
185 619
633 2173
141 3272
697 5020
5199 3773
4406 2444
5115 3946
298 2976
4573 3547
5316 410
3685 720
1671 1552
4093 4997
4827 453
4270 247
2116 359
973 4771
3408 4829
2358 720
3141 304
2029 2032
670 2475
3176 4906
696 300
2969 744
922 1488
1679 188
933 605
1164 1797
2852 2311
4056 143
5348 2423
771 1123
1215 4783
2985 3224
1028 411
2088 1853
216 3656
2780 2278
1877 1973
2899 2993
799 2146
4241 4600
674 403
803 1830
3299 414
1540 4727
1251 4471
4812 1334
4195 1012
1006 1254
3785 2555
5180 5125
1691 2778
4837 1146
1079 3991
4964 2617
2257 570
3172 4255
1754 4322
111 343
2165 1810
553 3567
3666 3153
4578 1012
259 4486
2260 855
853 1215
4354 2328
333 1158
4895 5199
4612 405
275 2425
2209 1483
5397 4996
3794 3289
2874 275
3689 3193
2086 3381
5449 1391
4391 510
1060 4345
2887 5238
3900 2609
5182 434
1824 4212
3723 4840
3261 5505
1172 1627
4144 3386
235 2450
3162 2168
508 1718
2484 1060
1782 3855
2214 1074
3362 1956
3612 4469
3988 2206
193 1072
4283 2371
1207 1873
3705 5505
408 26
4591 2126
1975 2407
2006 2841
291 3646
1720 3062
2710 3884
4429 4840
282 216
2800 1505
4404 4214
3213 4388
1912 4721
1200 610
4250 3370
139 1483
2479 415
375 411
5228 2442
671 1379
404 1824
950 2458
567 3915
1062 4119
2888 1592
482 3548
839 4716
844 4256
5113 1146
3967 4675
474 4122
402 5112
2875 474
3015 4525
5032 95
5456 785
890 3393
1654 3148
3332 4922
1300 4195
5045 2058
5484 5466
2045 5107
2042 5081
2738 1000
2856 2860
3979 4997
5214 4387
2585 3465
3056 5458
5108 634
1561 534
4693 1967
289 2886
366 5075
3376 1637
2254 309
3494 4026
171 2763
5409 3195
4608 4499
3028 3731
948 3455
4236 3339
144 2860
4956 4820
538 3231
2662 1450
1669 4866
4885 4791
4999 1124
2074 2126
4552 3506
1983 1300
2105 4872
241 3498
3777 251
784 3672
4470 1251
3849 4515
472 911
2253 2994
741 979
2267 3946
2405 2622
4988 916
1082 4637
3337 2678
4816 912
1151 3706
197 3771
2372 61
2625 4773
5357 1928
5231 26
4891 44
1889 2013
1353 2972
2122 4792
2494 628
5287 3066
2235 3731
625 2908
4729 2911
1752 3293
4017 2415
1680 2908
3499 3595
136 2062
2974 3152
3264 1871
3194 1203
3887 567
2402 4926
4858 1522
3263 3997
5148 1308
52 2698
2363 1803
4568 3217
5552 966
1422 3076
452 4648
2718 4916
2262 3565
2711 4649
1418 3612
1780 4627
1998 1520
2530 4506
4440 4195
4302 2828
4048 4724
1764 1136
5116 3698
1854 3028
3743 5413
1245 4533
4602 2951
1944 5168
4493 1263
4733 4568
274 1447
54 5279
3330 3898
653 5146
3632 99
2924 2423
3002 1209
1033 3071
5239 74
5160 52
907 3384
645 2969
1954 2105
1393 2943
609 3651
549 4037
1740 2875
1139 1764
1218 4907
4815 143
3324 1588
4825 2790
1768 3285
31 3376
1363 3452
1502 113
4715 949
5159 928
1933 4212
4704 3773
1938 2049
3769 111
3070 2392
5265 4854
2701 1786
4282 3513
4389 3779
4579 5012
191 3231
962 893
4500 446
2437 367
2172 387
3247 2398
3450 2630
2928 2919
4582 3224
362 1403
79 4620
5061 5031
21 11
1339 2778
3387 5337
1145 4299
5126 1257
385 2562
96 2579
2824 2426
5201 3158
871 273
4709 3703
2920 5316
338 2796
4803 5091
2845 2338
4915 2519
3128 620
407 710
5198 871
1370 1905
477 2675
2005 4869
2648 3868
550 329
4191 1635
3679 1499
3250 3246
5250 653
5258 3731
3527 4549
3244 5116
4132 295
3711 1713
4598 4082
904 4183
1260 449
3755 441
3734 3428
409 1731
3902 951
4209 2735
2249 1277
1326 518
2232 4408
3590 294
4818 2257
2422 5294
2918 3486
1127 309
2092 998
2087 558
1157 323
4360 238
1985 3364
1529 634
4945 1770
4508 368
4078 4119
3584 4360
905 842
5011 549
2304 2838
2250 3839
19 367
5015 5123
4831 2311
3510 1656
3378 312
1536 3337
1431 234
1593 4595
4754 4490
3796 550
2112 5115
3752 2874
5372 3271
102 1842
4430 951
4087 1771
1275 3081
1109 4514
3392 1275
4230 2693
46 1058
4405 2381
1467 2663
1610 4144
1644 5052
612 2247
5063 300
4323 4690
381 1675
1694 1938
249 688
4428 596
833 2405
4963 3749
2008 1490
4032 2943
2208 4454
3920 3786
3031 4428
1548 1980
712 4705
3469 5184
964 2173
1063 228
959 4041
3620 2770
2167 616
849 784
5533 1263
4080 916
5344 1883
3218 3272
2163 611
2319 4283
3413 1447
2996 5166
2773 3289
902 1932
783 4660
4516 1930
3446 5493
4787 4262
2292 3264
644 4289
4717 1686
3733 2752
239 3080
1922 474
3533 1126
2082 172
2962 2643
4968 452
1573 3646
1261 2901
1231 1638
5217 2886
5363 2669
1785 4429
1943 785
2441 4429
492 913
4819 4972
36 2294
1237 26
398 5231
2973 4360
62 644
2079 2573
3542 4494
3707 4608
3573 2206
2341 367
5398 1217
841 4717
1011 5126
2682 3731
4621 2975
2671 4533
1059 3618
2523 1654
2078 2206
5254 1520
281 1720
5185 1330
2751 1259
3458 279
2517 2040
3926 3455
1092 907
4504 312
1117 248
2406 3462
198 200
1485 3690
1444 2897
1806 4649
662 4968
5103 251
1390 553
1081 5404
5431 2878
542 1933
891 3577
1280 3864
4444 1563
4821 2870
3869 2063
3133 426
3971 1868
3468 4517
3719 3503
4492 2993
3699 5083
935 703
3308 4132
647 4627
5203 2324
2515 4849
468 4749
884 4724
1064 2247
428 946
5481 1944
2077 1785
5064 3332
2816 4256
5174 3223
4877 4328
5349 252
1240 2382
4757 3378
5472 4907
4164 4130
2044 4342
931 3242
5172 1011
5176 1854
78 3322
2967 10
184 3122
1080 2663
4901 4352
4333 2358
4810 1647
690 1326
5352 1842
2741 1076
2602 1816
739 5447
1377 24
875 5165
1844 4642
406 2743
952 4328
3479 1124
4838 249
810 5535
5035 4582
4290 4163
960 2077
1658 4168
1190 2911
3537 1764
1246 5524
4522 1890
3778 3564
3986 3547
192 4525
1222 4033
4614 3926
4268 4918
1270 1350
459 3836
2553 2272
3482 3527
3086 2308
2205 4869
5289 4080
3049 1308
4534 347
5043 4704
284 279
1781 1621
592 2800
328 4363
1508 2633
2221 4403
1491 4933
124 2402
4870 5523
190 4989
376 1175
915 3408
3668 1251
3127 3606
5282 4971
1623 1535
2068 3106
5056 2980
2704 3121
2787 3588
4456 3180
3057 1871
3561 4445
3068 1811
1897 592
2223 2917
4000 1215
3389 565
92 2947
3107 3927
786 942
5189 2967
3795 2682
5433 4816
1960 4363
3872 90
2132 2860
4928 1955
582 4490
5454 3838
1817 5374
1751 973
822 4971
340 1960
3459 5066
390 3469
3281 5209
5323 3152
1238 4748
3617 57
4474 3902
4325 2878
4097 2381
5195 3743
2595 571
3982 2573
1855 1370
1790 459
1969 2385
28 3260
3519 2296
3571 2911
3792 3370
2048 1701
5329 62
3443 2530
2825 309
1061 1243
2914 5184
3639 3486
3262 690
4061 1593
3451 943
5150 4430
4038 3032
1451 4250
5529 2250
1625 2585
3669 338
2320 3299
790 2158
3098 838
1674 4149
2472 4930
138 2267
3764 1504
2199 3247
1645 4021
749 5493
3516 2183
3292 2832
1603 4471
5422 1732
4615 2882
1990 5215
4557 4831
5553 1740
231 647
4482 5165
4725 2112
691 4866
2518 4599
2330 2519
3523 1833
1699 5422
5561 3729
869 3867
262 205
4700 3433
669 1270
1407 4140
5249 2118
5547 402
1866 1699
1966 45
5017 4704
1179 1804
2547 10
5563 3376
2644 2638
4756 3698
4153 3103
1166 4756
117 4026
5326 3672
3844 801
2080 3651
5170 5023
1473 4574
5147 3047
519 2923
4746 5165
169 1533
3574 3474
3041 2873
1673 5189
2321 4825
4148 405
5252 2423
5222 1834
2240 979
1802 4918
1078 2686
250 2743
3220 3619
3860 1110
5193 487
3650 659
4334 3666
1574 426
224 4822
1899 4609
5364 4971
5197 128
1923 4370
4189 2877
2271 2931
393 2442
4524 688
5519 3792
2228 642
4536 2167
5487 1806
1631 1692
4940 4670
5526 1351
718 1146
1328 2296
1915 1190
515 5372
4628 4782
3165 1399
4015 2415
3720 4816
2007 4578
1224 2682
4882 4416
4786 284
2946 4357
436 4968
5568 2857
373 1917
1696 3786
4980 4322
4104 1158
4651 1313
2729 2796
5048 2735
2383 3772
2942 1019
2794 2116
626 2493
2557 3381
5543 3741
1014 2086
2065 522
2587 5186
4475 2417
895 783
4244 4725
5340 1252
486 3896
4531 1214
5383 524
3532 2040
1443 3532
5224 4718
3961 2467
2941 677
5417 3999
455 562
2623 5265
3880 618
1442 3836
218 3988
3105 1835
4588 4391
5310 3006
793 5224
1128 1242
5190 4230
1769 4342
2510 3141
4904 1407
2233 2338
3545 2223
3958 2621
4395 2298
3744 3265
3525 3761
4186 3339
2490 2903
1761 1732
4115 4474
2619 3002
1288 1277
877 641
4795 1893
4193 610
5303 3494
2793 4490
467 1209
1486 1062
5438 712
3676 2294
1086 2265
2645 3112
3692 4206
814 4783
3017 1365
457 4967
3682 568
2186 5114
4400 2777
1032 1621
3725 5048
5246 3223
2706 652
3993 218
2360 5083
1778 875
4433 1492
5156 2077
209 4650
3300 5129
4460 5396
3196 942
176 538
4234 823
5274 2878
5470 4340
4343 4928
5039 5166
4949 975
2716 3880
994 849
3445 5205
4631 1557
1727 284
4512 4898
3021 1620
2988 52
1107 2410
4029 2324
2791 3928
2666 1662
5276 5203
1099 1243
1604 4967
991 3151
3326 3988
3424 4868
761 4602
226 4276
4187 2693
5565 3494
852 5238
5162 4345
5468 61
3144 3508
3528 3720
2712 619
650 1377
1741 2221
2696 1082
1294 1092
1863 3989
1106 239
2839 3112
4626 1890
335 5279
4879 61
1892 562
820 44
5212 5023
2949 4080
1295 1478
4332 5198
3575 2029
3963 3623
4657 375
2929 4573
348 4301
2885 4809
4401 952
882 5201
1344 1604
2113 518
2601 740
1849 1873
5077 2618
63 1917
2639 1124
4677 1610
1867 4161
3327 2595
4185 1543
3054 35
423 554
4903 3139
2501 1755
2814 1530
3965 4262
4581 571
1734 3324
3811 729
1859 5069
3695 1792
114 2678
2594 2412
4643 3290
738 5016
1513 1425
1676 4506
2128 3708
1484 5535
723 4377
2203 289
162 3195
2009 349
3813 4590
2999 1844
622 4266
1856 2573
3245 5031
130 352
1775 1808
4090 3770
3167 3961
1278 3869
3557 5470
5306 2275
87 5141
2823 281
4778 1076
170 4769
2471 4721
1707 197
3160 1535
2939 3006
970 3545
2210 2405
5551 2641
2786 1052
4024 3656
4755 4018
1822 2112
2748 2423
1733 2634
5188 518
1496 527
331 1367
3491 5285
627 5352
3186 1614
4607 2786
1276 2716
5143 5224
685 991
4950 740
2769 4690
2986 1172
5104 4087
2788 4862
2192 1816
1050 3101
4909 2501
1924 3863
2212 3322
4449 1243
3735 1502
4833 4164
1336 1810
3255 1300
2396 3945
2031 5012
2725 3796
963 2621
5248 1810
351 3753
1025 3268
1749 633
1075 1998
1544 5433
448 1264
5443 1589
2983 4416
2627 1257
531 3294
1472 626
3560 1849
4305 783
2550 176
2429 1855
578 1573
2015 4657
2189 3186
3655 4093
3954 4665
3726 3932
2449 994
747 3641
429 2471
1888 3792
4413 1923
3937 3016
3420 3811
153 413
2719 5156
2968 3762
3131 2928
4851 1999
2537 3795
917 2376
1455 1300
5040 5119
2161 4908
2143 5470
1198 1966
2478 964
2731 4996
3737 855
2274 973
4561 1926
1653 1166
5046 307
1007 3218
1273 3105
1342 4613
4261 3585
868 4156
18 146
2580 2145
2611 2871
125 582
4070 3323
4630 2484
3960 4756
1986 1092
3724 578
4309 2928
3673 1540
2155 2748
1317 1807
2020 1995
3654 951
5275 982
3390 46
2331 1155
5122 2262
4291 3739
4002 915
3627 1849
1558 1683
4192 4619
265 4750
5087 4797
1430 2009
2861 4762
1440 3818
3924 3243
5284 5287
260 3931
4229 2735
3580 3424
4219 2348
4532 3753
2520 12
5240 343
2038 5120
3487 2878
419 4862
3029 3330
1848 3988
2582 185
4723 3359
2998 3405
2876 3529
4346 4607
3978 1056
2213 4930
5332 3967
825 4783
1945 5320
4969 2371
824 2260
2447 2871
1845 4185
2565 3982
395 5102
1268 2348
3232 1830
4632 1753
5402 3748
817 5125
420 3123
5099 64
5339 4577
2420 2819
5515 4685
2099 4926
3819 902
608 249
4451 3824
5038 5568
4227 2042
663 3366
2489 2172
4697 5015
2182 1064
3088 3471
2318 393
1415 2725
5183 4877
1144 4863
4897 769
336 4323
2952 960
4031 3773
3562 5187
880 1666
2162 779
4465 5306
2476 4514
2394 1536
1461 1614
1471 3691
502 3165
1469 1686
1184 3112
2538 5384
3011 57
4166 790
1721 1415
4228 4092
2855 2835
3314 4795
1758 2053
1715 3107
5300 4112
3464 2435
5029 2888
271 1172
5060 647
1537 958
454 347
4861 779
1977 3185
4959 100
3082 4930
1801 235
3517 2240
3198 942
2950 1592
1448 39
5423 1145
5477 2948
861 2790
705 4166
500 953
5451 2385
2288 1605
1760 3666
394 799
5167 2895
2549 479
4396 3200
1274 5029
3916 3299
3453 5401
230 2519
4981 1850
1929 5271
4674 2844
5330 4090
147 3446
3847 4449
4629 986
2325 550
1921 1637
5508 1040
5288 4607
1615 2112
5042 12
2818 592
3024 4212
4068 3550
4100 4723
344 1749
4995 1494
2427 575
313 2785
4954 592
1766 1278
914 4651
938 5249
2834 4122
2322 218
5500 332
2030 3860
161 1326
214 5056
196 1158
1556 1785
4023 2280
4644 3735
3949 3837
422 4273
3234 3456
3558 817
3135 1203
5516 2447
3955 1907
2922 681
3036 3911
3951 111
229 1472
978 448
3203 3680
3236 2743
5266 2235
3846 4424
1554 3071
1041 1175
3157 1254
5514 145
5483 1859
4966 960
2492 2328
1706 4607
2564 5413
5101 2426
2064 2328
864 231
8 398
4432 4269
5219 5401
4297 5141
421 795
4594 3015
2758 643
5455 370
3592 5372
3684 2064
2561 4048
4364 5187
4128 1960
4009 257
2613 339
4624 1054
3368 779
737 1325
497 2324
1314 1127
5280 2586
3812 5500
2035 3265
1065 1350
3060 522
1137 4210
1815 785
2119 4850
3556 3233
765 5383
4932 361
1289 1025
5080 18
5278 5164
3853 1835
591 4025
1304 1945
1607 570
919 4411
3942 1610
4330 3308
5370 938
4597 3178
3201 4748
4646 2212
4383 2146
1498 3293
4495 2352
2215 3201
1094 4015
2388 4762
3832 4491
1851 3128
2336 4858
2193 3018
1708 1448
2140 2690
835 4915
1910 4582
3861 1875
4089 3826
1388 769
2536 2163
2826 2017
3520 434
2506 1604
3490 3527
3878 3334
5131 3090
1805 1563
564 4456
5033 3545
1248 2040
3212 1647
4695 1955
3287 2634
1381 2428
4676 428
59 487
5376 3141
89 4090
321 1938
780 394
1359 5195
813 3209
2912 2324
167 4591
2792 3660
3251 2016
465 4588
3435 4626
3331 5240
2130 2045
5026 5126
4572 4614
379 931
2134 2800
488 3632
4414 5353
658 4229
106 5383
3637 2681
4292 893
1216 354
3406 275
4137 5316
4079 3674
5173 405
4344 3396
3840 3260
4766 5253
4199 634
805 4797
2531 4042
2264 3246
1438 2994
921 3978
3126 3265
1069 1755
5426 2819
199 4122
4555 3166
798 1740
2346 4006
2896 1033
2225 1708
1881 1556
2157 4695
1322 3637
4207 2839
4728 825
5118 4971
1703 5553
3611 4884
745 4816
2251 1767
5207 2183
4873 4140
1089 1164
451 3752
3044 846
1860 4091
3524 3252
1309 4413
621 1669
473 492
32 2947
5085 1072
1103 3537
1134 2670
3788 4405
5144 1448
4823 2298
469 4009
4178 3417
2144 2132
4394 5108
2548 4490
1133 2476
4575 2825
2391 4674
4123 2073
4293 4429
866 4916
5375 1096
3798 3967
4887 4908
2990 3798
2714 1131
3947 2352
1311 1394
5235 601
3237 4816
3987 3967
3353 5553
5504 3946
3738 3196
3608 5519
1202 64
770 5195
4003 5523
1433 3444
2431 4767
2890 269
4541 4851
4316 844
2284 3427
2982 1128
4365 3779
3883 2862
4043 62
3815 3084
4264 4339
109 411
3394 1557
4828 4040
5343 5481
4126 4325
3540 4183
2559 5487
1449 3641
1570 3187
3336 446
2691 619
1622 5494
2863 1439
5393 1390
5522 2167
560 3550
2335 4006
3909 2696
4747 2708
679 3705
3346 3362
520 650
4706 3905
2521 4102
4288 3247
1034 1276
2846 24
3447 1902
5194 109
3059 3588
3188 3872
4511 3131
5233 2562
2703 4449
2859 2734
5304 4779
604 3464
80 4012
2849 1367
5154 348
5491 1327
2397 2296
4233 2651
5004 1840
656 2385
4920 2705
1784 290
3602 3307
5338 739
1354 5097
4760 3275
4280 3662
586 3924
2175 2601
4780 477
896 1234
1714 1881
4196 362
3732 1096
4184 5560
724 5552
363 5310
1355 79
3100 3978
2820 1610
5158 4508
412 2004
4034 1966
416 1694
1232 5194
1600 4698
5121 3523
5405 934
2700 4686
4489 616
5471 1264
418 1461
2023 5125
5464 907
4929 2705
2166 196
836 3047
1861 4863
374 1052
4198 187
4846 4810
1569 1006
1424 2177
3774 4435
5314 3351
2569 4989
4257 949
584 1615
5074 1768
4319 1509
4205 2425
2332 4571
2238 1680
1323 36
2460 5099
3037 849
4375 4080
755 4987
3124 862
4654 4184
3787 4954
1115 2696
3249 761
1441 4655
3404 436
364 5080
548 434
3658 1113
2084 1493
2631 786
5462 4822
1199 1157
2660 102
2768 596
2926 5468
701 4674
2303 4981
3576 567
3320 1849
2037 1589
1320 1563
4570 1893
802 4920
4385 1822
4384 1868
3050 3028
883 2951
1765 362
2955 1235
2727 4090
5497 509
956 3467
2305 3755
2577 5137
3085 1866
4652 4203
4311 3707
5534 5348
4347 5130
4180 5048
491 4206
4834 5119
2357 2519
4775 718
2605 1943
3493 614
3072 5016
3870 3771
1226 2410
5527 4837
1744 1247
937 1222
3879 4438
2563 2247
1120 4895
3175 2665
1229 3902
217 519
2578 5304
2473 1162
2977 665
1405 982
4366 1128
3852 4443
4223 2383
4542 3552
2817 814
1427 1936
22 3337
286 4115
3530 3443
3722 2926
540 1613
2827 4862
1852 2103
2018 1198
1241 1965
5036 1641
2151 5465
4046 1405
995 90
918 3466
4461 3978
2784 4408
2323 363
5177 614
5444 5158
2197 5443
177 2112
1170 1675
2775 4871
49 3384
4667 4221
1406 3375
1677 1802
4543 3552
1640 3425
1937 4025
2075 5119
2000 394
521 2143
5567 3931
2915 618
1256 1726
2222 4324
4188 2562
3643 5123
3379 4264
1346 1295
898 4840
514 527
834 2577
1962 3044
4736 5150
4663 2260
5078 858
4931 1685
5410 1127
1051 2189
684 4132
579 1797
2362 3699
3365 3506
3956 5099
3670 1359
2694 4850
4710 4989
2314 4728
55 1224
1597 5043
5292 4164
736 2700
1836 2177
2754 1570
1020 1308
2803 241
2244 5462
3395 1070
1935 428
4507 3867
3828 62
4181 4573
3808 1248
475 239
743 2158
5503 2122
356 4081
3865 3855
2697 2550
3460 2090
132 2471
1903 4809
2110 1530
5474 297
2246 4395
5096 1801
1035 601
4781 2029
5411 2447
2359 1924
3842 2131
5377 1155
4731 3786
3349 4823
3411 2002
993 5517
1838 2778
1174 1637
4991 3323
5223 4534
3821 2820
2804 1052
4246 5332
5022 1104
3700 18
3316 4840
2231 2816
4961 2946
1970 1491
2488 4776
4481 2237
485 5482
4567 259
3004 2551
1689 4922
3058 785
759 3927
4466 4909
2293 4121
715 4403
623 2183
2191 968
5403 2362
1262 899
4912 5254
4267 2668
3589 3946
314 2822
3 1784
4275 459
2664 3940
5418 3011
2207 681
1470 3444
1887 5332
4036 2701
4768 32
299 2183
1872 3640
2300 1483
1722 2232
2164 1120
3994 1490
1920 5248
3373 1106
1996 3928
3266 3806
5110 3946
5367 3246
4008 542
828 5056
5210 1365
3918 2488
305 4368
1017 3466
4253 4354
2615 5016
3454 2203
3665 1771
2540 4872
3716 2860
2516 5508
587 4071
2368 4414
1510 1824
4050 10
2312 2426
1895 3702
4984 474
3174 4825
2957 1235
3431 783
3730 449
4472 1128
2451 4707
807 5431
4238 1203
4441 5422
2120 5273
1116 2648
5327 2538
5256 2769
270 2091
3064 2874
2393 3706
2419 3947
3521 1786
4146 4340
3222 2551
2590 1891
1340 5048
2632 1408
1555 5470
1847 21
4942 2087
1397 4043
4304 2236
1281 933
2545 184
1204 801
1579 375
3205 921
3215 1464
490 145
924 4185
3204 294
2591 772
3541 2917
1395 1574
3012 3627
2647 2545
692 1850
4939 2281
2411 4741
2142 1209
2964 375
2893 4422
5463 3974
4418 1604
1148 2964
4703 3529
3678 1245
2535 2969
2659 1432
4349 407
1624 1455
4894 5160
530 2615
5469 416
2150 1162
4759 4091
1282 295
4487 4767
673 4772
4864 3378
2026 614
2801 2950
1087 420
4103 5398
552 1055
2066 3398
3894 4244
480 1662
1452 3755
3286 834
3461 3427
4647 3575
1361 5345
2541 3174
2574 570
4811 2661
2339 3028
1045 130
1876 5560
4010 514
2583 1722
1392 61
3645 1239
3696 1556
750 4047
3371 2020
5027 1614
804 2064
4509 236
1398 4037
3882 4731
1503 2340
4558 4786
3930 482
458 4517
5098 592
4169 3832
5381 3669
4118 5048
140 4933
4106 2794
505 4999
383 3016
4671 1079
2179 3901
1182 759
811 4169
992 4591
4116 719
425 5107
246 185
2123 5184
1643 4078
4152 1694
657 2903
2434 650
3369 3555
3159 1931
5073 4076
3935 885
1434 2482
4955 3080
5234 2337
683 4221
1869 405
4114 2215
5049 231
2111 2831
1010 1381
637 1063
4176 2725
3635 810
1140 302
4712 354
5319 862
3291 4683
4639 4823
3328 5084
4125 5203
3504 3754
237 4383
2677 1483
4633 31
711 3672
3895 3558
4979 5471
1249 1674
4625 4952
5051 3564
1299 5462
389 1684
3536 4609
843 1965
3214 1087
4661 5231
4074 4875
4666 5275
4535 4023
2309 1094
3030 2471
4450 2696
155 26
2692 3212
3301 3525
4083 3086
3500 4907
3859 3680
4807 4041
2750 1164
4905 668
3305 4574
267 938
788 750
1118 3947
5241 239
396 1625
4285 136
3899 2717
1839 4845
3889 4330
206 4935
2869 4608
86 4000
4421 579
3380 890
5163 1111
1884 2536
3136 3561
3763 1390
5432 2349
2575 769
2355 4332
3715 3733
334 1052
4170 4863
2764 5447
3343 2236
2117 2704
2001 3337
204 1454
4222 5382
292 3640
4692 2873
1372 3125
3026 2529
3270 2337
760 2751
3137 4156
4982 3064
4379 884
1205 2994
1156 5483
4173 1215
5175 4115
5548 652
1212 2100
2571 2368
2414 3122
563 492
990 4894
1412 3041
900 2861
3607 3731
981 898
2815 1554
4951 2387
1704 1055
5021 3331
5333 1491
1428 1751
2299 4849
5142 726
541 1457
4225 810
3833 2043
391 4058
525 82
1371 4532
60 2264
4943 354
2409 3513
651 4814
2672 1530
2843 1281
2089 1127
337 5104
5281 2826
3309 5365
2552 2302
3953 1683
782 854
1101 1441
20 4024
2757 4981
1435 2250
3874 3193
2642 2036
4361 5556
3476 5234
3534 4795
3793 3605
1446 3876
3526 2835
2334 429
2365 1276
311 1391
5025 1906
1626 5455
3335 3028
507 4330
4605 5560
1909 1119
3140 2555
2509 5547
932 2920
4120 2615
53 540
2749 2853
501 1439
2343 518
5408 2289
5520 4907
4447 1166
4350 316
3414 1295
598 1022
3636 3214
930 4115
1176 931
4617 5334
2384 2210
2081 3275
2148 4443
261 3924
3440 2822
159 49
253 5420
5453 3184
1989 4949
1642 5334
1244 1325
4248 1805
2526 2032
1267 4627
4426 839
632 1087
3483 4716
173 2482
1177 929
4077 867
5555 3464
1458 1205
3382 372
3598 5444
826 3527
5569 4632
2050 2545
1047 749
4662 2359
1826 4253
5549 3264
3647 4186
2496 5514
1396 4116
212 5085
3925 205
2797 5363
1037 2530
5124 3783
5211 2165
1659 2045
5270 2489
5227 1701
4052 1888
3985 2422
2913 53
4194 338
430 957
3544 2346
1843 1920
2567 793
2229 3326
3399 2805
3436 214
1030 705
3551 5300
624 4435
50 4902
254 536
876 4655
1487 363
5206 2228
1539 2545
1728 1462
829 2036
2135 4347
4155 3070
1095 2585
29 1377
3923 1682
9 4939
1527 1397
3221 1765
4300 5052
4970 4261
751 742
977 5061
630 4194
5018 3041
2544 5559
1577 455
5439 1452
166 1692
1029 543
4641 4892
4586 2324
1774 275
4213 1268
493 596
4045 867
3003 2311
1197 407
3950 362
3816 4106
3109 2464
3661 1393
4941 3608
1660 2097
1376 3396
617 2766
4601 5273
3439 1200
2560 3589
386 712
2011 4674
1777 3417
4107 2206
3345 3894
255 1701
613 2413
1258 2949
3120 2828
2195 890
3280 3260
318 4357
3254 1872
378 2311
5325 5390
3253 4568
5452 4148
1105 2949
3410 2113
219 686
2902 4037
2350 3925
1302 3181
5480 2983
4962 2984
496 4007
3130 1249
4142 2049
3191 2668
98 414
5541 4733
1255 3985
3850 3263
3277 4749
43 4772
4111 1249
1827 970
1991 3034
3426 4047
1362 278
1950 5084
42 1431
3775 1936
4975 4342
1559 4387
5053 828
152 5131
3625 4629
1046 5295
3914 5141
2243 1543
1312 39
2147 3758
2095 5252
2051 5432
499 2729
4242 4989
3939 1975
5204 1973
2865 755
1789 3632
2522 1103
1482 1876
3664 1055
3228 1184
1290 2191
1667 1653
33 3493
4847 5110
1088 3426
1865 1197
5055 1378
4548 214
2234 2535
1154 274
1896 3452
1942 1912
1829 3402
4985 5268
2906 4050
4239 5104
5387 1450
4732 2342
1506 4012
180 1478
2307 2108
303 3566
3908 3112
1747 1192
3219 4290
2202 1344
2872 515
4801 4086
2133 3328
4139 176
3489 74
4051 3758
1562 2278
4856 1086
808 5473
1329 56
1523 2645
4501 3528
2524 3670
2465 1032
3996 893
3297 387
1227 2453
2628 2731
547 4666
4835 686
2487 977
3437 5019
382 1959
4442 2323
4714 3089
1437 1343
4914 1115
1730 2169
4249 3368
1201 4251
727 1699
4694 4940
903 2789
2989 5474
3077 3916
4254 2577
2616 329
722 269
3709 2488
3053 2192
545 932
4329 4121
3614 5095
4313 3711
2185 2319
593 4214
1606 929
4938 2012
5394 5103
5528 2281
4476 2029
2230 232
3820 4206
1186 2180
5196 1392
5059 2970
3929 2420
27 3585
2960 4315
4855 1367
3325 74
3780 3279
1828 5310
470 3041
3046 4235
2637 3878
865 2870
3766 4319
5139 423
2076 2080
326 3929
2688 2948
2440 3963
4584 3428
1027 2964
1265 1686
66 5401
3190 2158
1516 5514
3311 1424
3907 3468
2432 4813
195 753
1586 2032
4101 3381
4372 247
3197 1656
369 5374
1038 4849
1551 1874
4088 2693
3848 5464
4423 810
2992 214
3099 10
3917 2729
5014 2616
3358 3724
954 4289
5562 5471
1369 896
4699 301
3768 5556
5380 5182
4804 5099
2546 4545
3687 20
5359 4939
365 3783
3257 2545
4402 50
894 23
2436 4850
2217 312
1221 2303
1236 1686
3372 3854
3841 3783
1031 361
2981 4206
1952 891
4066 2641
2266 1190
3801 4956
148 4506
3388 382
3710 4734
773 964
2160 4525
5557 2370
227 4692
2010 2973
2315 4340
3970 347
4946 3044
5058 2947
797 1327
4708 1462
3278 548
2721 157
2277 3826
1477 5471
4701 4465
4886 2661
2216 2001
660 2519
3092 3392
2106 3664
5356 1041
4740 5064
3569 80
3957 1380
1039 3238
818 248
5424 409
3539 5429
2745 5051
4553 3008
1138 1910
4848 3213
2069 35
2596 671
3912 4442
1098 2693
873 1728
4355 3209
3549 4247
4583 2306
1617 2328
1908 4868
648 3365
464 5192
2200 1575
2760 3301
1018 4198
2459 1708
4983 4131
175 3570
4593 4437
4761 3818
3240 5157
3303 904
3697 3672
5001 5551
5328 3392
65 405
317 488
5218 38
1285 4217
3992 5073
3317 858
3671 2156
1585 1662
380 262
4314 2363
4020 1816
315 4553
5521 1470
4277 3288
1188 1733
4158 5394
748 5114
1230 2079
2469 501
280 3818
3097 2250
757 3700
2812 2544
2373 5244
2593 2331
4439 3574
581 3194
37 3131
3129 1561
5406 5130
3239 4255
4563 3738
4618 1576
3306 552
2649 3785
1382 869
447 810
5128 617
1122 3739
1532 1028
5371 1134
1894 1915
1315 1766
4434 4768
1904 3796
3235 1374
2400 1199
3782 3127
1596 3843
1292 4884
5221 5089
201 2552
1649 4046
3354 4041
3110 5328
3161 5137
1213 3685
2094 4768
4035 3584
1023 3390
4064 3635
397 1205
2589 677
3321 3414
2629 4449
4202 498
2356 4590
3401 2048
327 2665
544 5440
1066 157
1211 5471
1068 826
1546 3437
2954 3145
4412 2926
4073 481
160 5152
1957 5164
3079 342
1964 458
5448 4543
4551 3231
2198 3021
3538 3982
1153 5256
672 3552
1565 4932
3315 2064
3596 4323
1284 2052
1813 3062
2101 2804
4785 2526
2171 102
2327 5201
1571 2012
5117 5124
2136 2100
2290 2348
881 2028
5111 420
1266 3254
1073 4022
445 4261
1358 1407
5428 5192
572 5431
859 1315
2600 2780
3653 2623
4054 3924
1165 4176
5088 2860
694 548
640 3126
3164 872
1298 2214
3633 4480
135 4476
5232 4813
3644 2064
25 3886
3885 2020
4072 2017
4331 2262
1360 994
1466 2520
3001 4364
1982 722
4085 2549
4730 4521
2779 3486
3397 5296
3893 4050
1697 4124
2242 347
1831 1938
345 305
573 5300
5545 317
3142 3311
4832 3011
2430 426
1993 1739
5362 144
3501 2496
2747 5043
4953 3331
2756 823
927 1282
3438 5448
4218 3842
2498 3413
1759 1372
667 3762
2640 885
4520 128
4739 3113
5360 4099
2268 3267
1916 2773
2940 2828
816 59
2083 12
2326 78
3933 3201
1949 1319
4243 3818
1479 4728
4204 3387
984 3450
2497 1656
5392 5344
2821 5424
2956 1405
2224 5569
2608 1670
2910 2103
1914 553
3409 584
4538 3153
67 1906
3273 946
863 691
4317 3249
1193 3415
4371 2838
5309 802
1724 2341
3472 710
597 4739
3677 300
3756 3158
2378 4503
256 2859
3904 1371
1183 98
5395 4093
576 1509
2380 1294
2369 3076
3694 1993
5005 1269
462 2501
189 300
1976 2037
3442 187
4260 623
3604 1624
4556 4145
4976 3112
2935 3868
1864 2118
709 1311
3400 2035
432 1311
3022 5426
5351 3021
5318 4982
607 477
4510 836
2204 5296
73 4490
2739 5089
2795 5562
4397 3902
3809 435
3825 4744
5153 4907
2386 5296
2364 2103
830 2657
4485 5523
735 2760
2421 3435
2607 3591
5245 1863
4917 3706
2961 2518
1517 158
4688 2752
4830 226
1628 3026
1763 3438
4635 1504
2927 4265
2889 2031
513 4440
4537 5103
3211 4812
4094 3796
5347 2970
4338 3883
2139 4251
4656 1322
1787 331
3013 1767
30 755
1459 1486
1501 205
4604 1200
3481 434
4722 49
4547 3944
1436 2337
4381 666
888 2429
4427 3991
5461 3219
3104 3607
2438 2922
2474 2165
1024 3866
4539 3001
4990 3832
4853 1100
5475 4834
4645 899
4900 397
3630 5319
4518 5157
1750 255
2566 2425
3587 2422
3803 4198
4278 4892
756 3179
4735 3137
4888 444
2978 5183
3922 2119
1233 2311
5082 1339
3192 3471
728 662
16 2036
4852 620
4788 3721
3377 1118
3361 3710
1799 31
2445 2655
636 4363
997 3103
1053 2230
5308 3784
371 1682
774 4781
1423 4233
1602 167
1125 2688
5358 1950
2401 1835
1321 5144
1783 1617
2153 2187
4546 2043
3659 4491
1886 1527
4069 1110
4836 623
1913 1689
4117 9
2744 1437
3586 2780
5243 2191
183 4036
489 4718
4679 2315
2836 4723
1129 5185
4359 4145
2039 421
1375 4735
4789 818
5171 4533
3038 5420
3202 1834
4147 3162
2461 1199
775 1022
5414 3130
3282 2750
3952 3794
2190 2105
5459 1419
879 510
4369 5238
3310 2773
1453 3196
2898 3459
850 657
2598 5258
3116 2818
1349 4316
2724 4525
3871 4836
1475 138
1974 1273
3117 3980
3802 5490
4948 2718
4826 4108
870 4869
4436 621
5010 4199
1940 2752
2462 4423
580 755
4998 4119
3463 3530
5421 3825
3835 1769
4752 4266
115 3665
2390 4850
3005 1641
1002 3547
1729 3690
1595 757
4320 4812
3579 4555
2722 3923
4376 4070
1171 949
2457 2751
4824 3632
4587 4558
2850 1298
4259 2062
2798 2336
3531 931
263 4429
5542 5533
4271 248
526 228
3810 1323
5485 3539
3964 3914
5044 3057
2932 1783
5445 4000
1599 3365
4067 3151
5442 973
3227 3595
2181 3158
4175 2349
1130 3599
4014 4001
484 1066
5336 1945
2588 4108
5564 4501
972 971
2811 1109
2730 3178
2056 5381
2034 4892
3338 2486
1794 3774
456 4406
440 5475
3675 1410
5071 994
4231 4729
2673 4260
4417 2306
4165 3836
427 1999
2379 1726
533 4867
3313 5274
2466 3959
5558 3838
3216 5183
1987 3532
4680 4645
655 2589
483 3054
3622 2812
4711 1651
1337 4027
3712 1055
1538 2498
3568 2936
4544 1920
2807 2126
1161 817
5322 4805
4373 3346
2418 3640
707 5502
5161 622
4390 2411
5385 3159
2979 3517
4634 1415
5479 895
4994 5029
5054 1023
2772 1907
4143 2042
5047 2398
3594 1432
1150 3933
2532 4218
3007 946
4245 855
2543 4577
4105 3367
5065 598
3742 861
2733 786
1601 4537
1948 1274
699 2613
4925 4666
3681 442
4664 3037
857 4100
4527 1525
730 4115
1672 2271
5302 975
1310 4986
3189 4170
5261 2023
1791 2290
1994 366
746 3643
2715 327
3975 2358
112 1781
5135 5549
1253 3308
4488 3137
5324 3174
1776 2323
603 1955
1661 788
3356 2447
5242 2975
3834 3734
1619 2976
3747 3250
3800 1297
3407 4524
2503 3288
4458 3070
5391 5347
4237 4370
5378 2670
3593 3633
1832 301
1598 2917
1963 1094
2261 4710
5513 219
4448 4918
1180 4212
1690 3598
1800 2283
4154 4862
5013 1151
3357 1490
733 1851
2900 2634
3746 3707
556 2896
1515 1430
708 544
2255 1942
5570 1647
1609 862
2344 844
3352 1248
5518 4717
2295 105
2879 3842
1085 3593
4502 3655
118 2464
1583 4761
1316 3794
851 5291
1971 611
2829 2024
51 3596
4924 4359
1857 2920
4860 5415
3583 527
1189 1697
2997 5026
320 4963
1042 3712
3512 712
3791 2717
71 5189
4016 333
3897 1916
5076 4290
2650 1961
1097 4727
399 4658
2833 2462
70 82
2597 5453
3225 2997
4274 853
5436 4041
3094 1420
1364 3573
4399 278
2867 1865
5537 4851
504 4951
245 3161
5028 2049
1383 4605
2732 1517
5540 284
5437 605
3014 1364
3903 2711
5539 2401
443 3109
529 3472
3817 1651
5 301
2966 4773
1997 5
5386 5508
4610 3821
976 3005
1404 4017
5498 3821
13 2797
3296 4000
5368 5282
4817 4331
1195 2527
1152 5321
2138 301
766 4111
1663 283
5067 1397
1879 560
3150 5276
4992 3567
3799 1610
4689 189
1616 3483
1657 1166
5446 994
2194 309
3363 5449
5149 1336
2774 2863
330 2847
3183 1022
2806 2253
3027 4458
84 1626
5379 37
546 552
4696 1982
5006 4192
5307 3456
3199 571
48 3399
594 5159
5427 3297
777 4244
5346 809
3383 2966
940 4043
3652 5532
5155 3694
5512 4143
3704 1999
1303 148
3717 4843
346 2294
695 3646
2483 5125
706 2957
734 4322
2783 3777
2736 3334
4668 1329
2965 5459
2154 3876
5169 878
1015 2235
5311 2929
649 462
1036 1648
2679 1994
3163 1669
5399 3560
4936 2388
2572 2327
3757 5492
1067 2545
1639 180
827 2733
1208 2182
116 5459
3973 3799
806 5350
4065 1860
4182 4139
1519 1747
1178 1760
2755 3058
1429 1142
1951 155
1071 3013
3061 3005
350 5137
2636 1111
3074 3116
4611 73
3797 2431
1531 5334
3170 3338
1307 706
5430 1401
4682 2012
2556 4693
5313 4482
3890 1036
5460 3819
208 5454
4800 1019
1163 5011
4392 1583
941 1649
5536 4009
377 2807
5257 1472
1700 3213
310 2026
5573 1441
4796 2781
3610 1593
3829 2490
2604 5415
3342 1307
203 839
2107 1094
4713 2078
1102 5569
4484 4050
2614 2618
3473 3112
3485 1540
439 5069
923 221
1591 1152
5057 20
1611 611
2840 798
2987 5538
821 3016
165 666
3095 3800
3728 5291
3259 5544
2184 652
1521 1239
5566 618
2848 3040
1173 5502
5041 2821
5550 4283
3295 3861
5134 3753
3629 637
3873 4611
2507 3699
4463 2186
1293 994
2259 2436
4569 3560
3553 1792
1481 4895
1545 604
2114 1516
1665 2950
2653 188
840 4415
3298 434
2740 2893
3138 66
1564 2753
182 3667
4562 4684
151 1350
4075 899
4310 2546
3535 5253
2403 3054
5269 3040
4459 1242
1688 605
34 5085
2512 3521
4295 1908
1978 3314
2689 74
1160 2940
2141 3203
3230 4446
2258 1874
1306 4074
5136 4996
1357 242
4098 3377
2027 4877
3416 979
2201 4098
417 3023
5389 2902
815 380
213 2895
3507 4247
4063 4792
4911 2472
3736 105
2776 2777
4638 115
3727 2056
4307 616
3983 5211
2654 3624
4934 3660
5216 14
2864 2643
1093 2213
4298 3691
1460 4869
3284 2430
4059 5245
2104 3221
3857 3363
1748 330
511 1394
4425 970
506 4680
856 3884
4808 4557
3713 4591
3642 703
4382 2063
2568 2552
2149 3761
4380 1106
3043 1940
325 3987
5093 2954
2963 3571
3177 1510
4136 1657
476 1450
1301 1610
268 3093
4062 3528
503 4544
2646 1604
4216 3529
5457 5173
1223 2961
3572 972
4348 588
5501 4561
1132 4846
754 270
4977 512
2178 3151
3750 3296
4673 3077
4653 1342
1414 122
3789 3946
401 3713
4296 2233
4284 316
2416 2924
272 929
4596 80
1121 2529
1465 4937
210 4261
1681 1786
1507 2387
4409 300
4110 4003
3581 1903
557 3827
2511 872
4337 601
1947 1975
1057 2878
2907 3008
1338 1409
2285 4832
3492 952
2656 3668
3042 2968
4326 1157
108 1249
965 182
3546 4278
2366 332
523 4423
528 3453
4174 1532
3626 440
4927 4337
2345 2986
3048 10
3422 2563
5489 1355
1745 3395
3118 2131
5262 5514
4473 1148
1345 3969
1632 3190
2057 2100
3111 4850
4560 5384
1547 394
119 4118
1524 5428
4240 3869
264 2816
3210 2847
4141 3741
678 4245
4719 3166
4263 1783
3582 1483
1560 2733
5499 397
4028 646
3972 455
1333 4997
3718 2994
4876 2834
1737 1539
306 2142
638 1507
5416 908
3226 3030
5506 1874
3597 4282
4335 5206
4467 2417
5511 3757
792 252
4134 2213
4603 1693
2047 3097
2934 4590
2759 2018
1846 1750
3807 1597
4013 4961
1958 2794
3418 1612
1711 896
3134 4550
988 789
3347 5470
3714 3741
4497 23
3759 4638
3943 1936
5476 3100
3355 1165
2542 1862
4431 1494
1463 4017
3035 2639
3168 753
4844 976
3649 5568
4419 3841
3851 1662
983 5546
107 4963
629 4863
5298 2273
4529 2636
2446 3885
2707 1493
2539 574
276 1406
2959 1713
2505 2356
5178 1201
5191 4713
887 3700
4763 3353
2667 2595
3938 4248
85 470
3862 5474
2723 1887
3449 835
1885 217
752 3576
3229 1661
121 4065
2455 3189
3302 5234
3968 3622
5237 4484
4878 2313
3856 2879
796 3413
831 1249
5361 1757
5213 970
1114 1891
4057 3744
3065 2794
566 4229
450 1418
1796 2938
4691 4231
1511 5326
768 5237
2813 1617
4321 4475
3096 2586
4272 1377
4793 4280
1568 2177
3033 2917
5293 2234
2098 5113
4720 3973
2884 3063
4528 2706
1946 4590
1918 1281
4312 4268
1445 3765
4802 4185
583 1425
1291 5184
1332 5271
4737 2869
704 2673
4151 4387
1735 712
431 2758
2652 3732
1581 5550
3147 1634
3505 2710
3434 1720
3156 2845
3740 2545
1572 3933
2211 2006
437 5176
4281 5443
3563 4436
5068 594
3115 3606
127 953
4889 1194
1566 1853
1480 657
5530 167
319 1041
129 3807
2188 1520
2102 4340
1421 4497
5525 4588
1387 1553
4526 1538
2726 5143
987 2506
4874 2924
1287 1144
2771 3332
5079 4119
3169 4409
1373 4048
4049 378
4799 170
3962 2298
2279 924
2248 3974
5145 2820
1972 4493
4678 416
989 2267
2937 4460
5000 5274
3638 4474
1013 4371
2683 1625
3502 4792
3385 793
5181 510
5419 132
713 5130
2033 3537
4681 2005
2894 1595
5127 3754
2491 1295
606 188
1567 1959
2310 45
2226 4652
3781 1135
5425 744
3329 2164
689 3465
5208 2250
1335 4164
926 4825
4398 4095
2404 1438
154 5160
2525 308
3906 1777
1225 3974
4770 1551
3495 1553
1925 1616
717 4998
535 986
721 1714
4640 256
2174 4927
2854 1806
1587 1747
3621 5091
4053 555
5488 3226
635 3026
3628 3491
5335 889
81 2710
1646 369
1709 751
4745 3837
4367 828
93 723
3976 2085
2808 1553
2728 114
4881 1583
5133 1248
4127 4862
974 5128
3831 524
5220 2666
1825 1817
2916 2769
5106 2730
1629 3252
3149 1586
886 1967
3419 5401
996 747
1385 2805
1798 3914
3010 3139
654 2502
3995 1080
101 4851
2599 374
4353 1277
4896 412
233 4742
1725 519
2504 2875
1286 3371
4160 3909
5486 1469
1898 1565
3514 30
1687 2117
2533 1167
2626 2184
4974 1974
3075 2066
2291 5327
1793 4545
3391 4865
3108 5163
400 3011
4341 53
4258 1460
358 4728
4738 1221
2508 3700
4462 182
5179 4948
47 2912
1746 2270
4687 4208
4616 5337
4464 4568
3686 1731
516 4761
1331 1696
2448 4255
787 4561
4109 3322
4910 1679
4960 3040
3470 1227
732 4811
4743 4624
1742 1041
2558 71
3767 5403
2702 487
240 3674
1870 2076
5441 696
296 2762
2944 2537
3760 927
1773 4681
5100 2716
5355 4274
2354 1326
2241 3897
1495 4196
1882 1085
2287 5419
2481 3771
2851 4695
163 1388
5277 4986
3341 109
1026 2394
812 5192
4393 4782
1003 5486
5072 4502
2433 2905
4197 1185
2676 1588
2842 2216
2658 1376
910 689
4623 5402
1702 2873
1716 4010
471 4924
3830 1170
4157 1733
1004 4749
2218 213
225 2271
551 901
2958 4800
243 3735
3478 3781
3432 748
2071 4362
3078 2819
1698 481
179 2463
4044 1158
4580 637
4252 1065
2499 344
433 1356
2269 4412
4764 5450
5299 2963
2282 4121
174 1056
1712 1752
800 5115
5312 3106
2485 2227
4559 5068
5230 2468
569 815
4410 4411
1083 5548
4351 2131
4113 2417
2921 4891
4356 5398
2256 111
3511 3571
123 5146
424 1410
1016 1792
5290 40
1112 5326
3814 3155
1542 934
1762 5303
837 3526
589 277
3919 4679
2375 4752
2480 4901
4162 1734
207 59
438 4329
661 1773
142 3838
5086 301
1549 1193
355 4463
1400 3023
194 4070
1296 5566
4303 4659
5267 3851
2581 5248
134 3286
4523 3370
4566 618
3984 5303
5251 4386
3892 3291
3913 4445
2592 3255
3475 4569
1756 2426
2584 226
1108 2252
1413 5058
3441 1448
2333 3991
3921 1750
3119 3570
698 4389
1795 5413
3776 2112
4899 812
156 48
4777 2735
2239 2527
845 756
1992 3820
3522 3445
5034 3631
3888 2488
920 4326
1187 2087
2046 2532
4200 353
4060 4160
1837 2563
1348 149
3248 1137
725 735
1772 4749
1819 4919
676 1266
4138 2294
1512 4304
5259 2222
5286 878
5496 139
714 3195
1500 1535
3603 16
4220 2066
2124 1077
2713 73
2765 22
2930 5112
2830 1962
5050 3388
293 2999
5467 238
3340 3195
2500 1357
2534 1453
3657 592
1738 3873
631 4193
5434 2527
1 5189
495 4032
4913 619
1147 1713
3045 3070
5510 438
5407 3898
3146 515
4287 5184
2570 3041
702 3186
1456 5059
3845 4247
3477 1540
4944 519
211 1535
5507 1325
4455 3783
2782 1710
4167 1038
3276 3188
1900 2585
5037 5070
5435 4438
3114 5286
2746 5064
131 4802
1518 3322
4784 2362
2891 1148
3091 3495
3333 2639
2196 4242
5283 3585
2528 4843
3039 3727
3348 487
