8496
2422 1293
5929 2422
6213 5929
7256 2422
3088 2422
6637 6213
5571 2422
3696 5571
2530 5571
6263 2422
2561 5929
3055 7256
4658 7256
6001 7256
6006 3088
8004 6001
889 3088
2930 8004
4249 3696
7612 5571
6203 5929
5183 2561
1150 1293
170 6213
5762 1150
7584 2561
2669 6001
3062 6637
6842 6001
6805 6637
6121 2669
7777 889
6549 5762
3716 889
4635 2530
5055 6006
6191 6213
2873 7612
5502 7256
7725 6006
5873 2930
4442 7725
3442 5055
6916 5055
911 4249
7338 2930
1515 889
6375 1150
7591 6916
1451 1293
4238 5055
4574 2530
3774 7591
6592 3062
3721 170
4370 5502
420 8004
4855 170
3563 5762
6941 6001
5366 1451
7286 3716
1786 6941
6510 6191
2058 1150
1331 6916
3151 6592
3310 6637
635 6549
4859 4658
7598 3563
5225 5183
4305 7338
5379 7338
1290 4635
2096 5366
4037 6375
6857 5502
1889 1331
3533 3716
2217 911
6701 6857
5338 4370
995 170
3501 1293
2713 4238
4218 2217
1040 6510
457 420
531 3151
5443 6121
8405 6001
1954 4305
1741 3151
2609 3062
1678 4658
4851 1786
4794 5055
1269 1150
2439 2530
7858 5571
2619 3088
3882 5338
1156 1331
288 3774
7820 7591
3341 1954
6339 7584
1751 3721
7983 2217
7227 4851
5054 1269
2836 2619
3401 6006
7733 8405
7433 4635
5983 3696
4899 5054
658 5929
7829 288
3266 2058
268 5571
6306 1156
146 7584
5603 911
7575 7591
3200 3696
7521 5054
7173 2930
6105 1451
4895 7820
7562 6339
7662 5183
7589 889
948 7725
107 1156
4632 3563
5553 3341
1719 7829
3352 4574
5586 2836
2947 420
6353 5603
6738 4899
6905 4658
5387 457
7600 4370
5717 2609
4579 3401
6384 7600
6217 1451
6332 3563
6513 6105
6783 635
753 5366
3934 2713
3086 1293
7078 5387
7556 5338
1016 6916
3821 3086
1510 5571
3747 5183
5632 7227
3327 2713
5903 6513
2414 6306
5713 6203
2449 1016
6142 7662
2864 7521
3565 6191
1998 4218
1904 6105
8322 5054
3220 658
7068 3352
346 3352
190 7589
4682 2096
6589 3401
5949 190
2681 5553
7080 420
4681 5387
5529 1786
3899 5055
5092 2449
73 7600
2883 7338
3776 6916
4577 4632
4291 2096
1144 7078
5325 3721
3124 4574
4398 4574
5224 6384
1086 1904
1026 3086
5840 5225
7712 4899
814 3747
7371 3776
418 4398
8209 995
3378 1293
4068 3341
507 1016
682 6121
8039 6339
2809 507
1297 4632
1869 948
6359 73
6519 507
2335 6701
8127 5586
4949 6905
5258 1889
554 7662
8425 6592
7746 3086
745 5983
5726 3721
6912 7746
6330 7600
1907 2530
1124 3899
1506 4635
875 7612
5279 2561
2221 3086
1868 6306
569 3721
1267 5762
319 4238
2115 1156
1683 107
6148 2809
2634 3062
4482 6589
2751 745
2000 1269
2213 7433
4339 4305
4373 5632
2680 2836
3313 7725
3504 6805
3799 3747
4359 3055
4182 6006
2728 7598
4462 7858
3620 4037
4791 6912
766 1868
513 6637
3331 6006
7879 2561
1785 1156
1316 418
2185 2096
3769 4339
6791 7080
4860 146
555 5502
3478 6916
8233 3799
4559 7584
883 5224
5268 6375
7503 7591
5485 7983
2931 2669
6004 5713
5364 4305
1382 1086
565 6332
5623 3055
904 6510
7851 3565
6269 5279
4143 7433
1474 4373
6272 3882
1967 1954
7943 5379
7882 7600
2719 7068
4426 7068
4253 4398
7262 418
6177 7879
4513 6359
3360 2809
4200 8004
3928 3124
4603 4895
6560 4291
2739 7068
3627 5258
1064 5571
1798 8004
7604 3310
5451 4253
7924 1124
6250 3352
7635 766
1406 3563
7682 7924
7161 6519
2394 4482
1682 5364
3318 3341
7184 346
7930 4603
3970 3882
3693 3327
2155 7612
1321 3776
1737 2155
3781 346
3855 3627
6930 8425
8031 7600
7290 190
189 7858
7520 5364
1027 6930
2521 2634
3461 7556
1632 1016
3551 1907
3757 2931
4783 875
5049 555
6044 2864
3806 7591
3584 3821
143 7662
4974 6353
6293 6375
3619 5055
5763 4249
5708 7173
8155 5366
5966 3501
5058 1737
7093 1954
3760 5903
1348 7286
1850 3696
3686 2931
8003 3760
6695 5451
4762 745
517 2728
6265 1144
1333 1026
7320 1786
4064 948
4805 8425
8460 3855
1724 6272
4261 513
6264 4143
928 6695
2599 2619
4856 2751
2248 3310
4050 4238
7089 1678
3566 531
5435 8031
8043 7262
3355 4632
2089 4253
1541 3620
6557 3533
362 2000
616 2335
3919 362
4605 1682
3320 6148
8316 1724
6654 3151
6019 5949
6064 7584
3247 8405
496 5571
770 4791
7394 4291
4022 1150
181 1040
7624 4860
3615 6549
8144 7777
3703 2728
874 3928
4165 2669
1097 7080
2127 3703
7266 1267
53 3619
8166 107
2695 107
577 189
7029 2930
2769 5054
1870 1290
1663 569
7311 2127
3911 5502
3614 3360
5768 1868
6639 418
4078 4022
1980 3721
593 7879
7918 507
5014 1331
6545 170
849 770
4424 1267
5468 6912
1101 6510
6422 3355
5969 7600
7178 4762
2993 4165
2636 1293
7165 6006
1640 1316
2060 5502
304 3352
3118 6510
7822 1124
5311 8209
2999 7635
6986 6912
5187 8043
2689 7093
2676 3934
6219 4577
7158 6219
3381 7256
3994 1333
3060 995
1926 3696
1277 143
2349 565
7230 4577
4089 6006
3274 5268
318 1889
6920 875
4515 2422
6467 4859
7321 1293
7567 6930
5483 2414
2956 7600
4144 1027
7101 3551
4613 5366
2714 2115
842 7584
6429 3934
6343 6842
3602 2999
6577 5366
3275 3821
6750 6986
2448 3401
3510 7612
3643 4050
6037 1741
957 7311
1091 6557
4642 5726
8066 7918
8229 3703
5914 3360
7663 3088
2256 7078
2114 5726
8055 5435
7972 6339
5152 1954
6903 4895
8032 3760
2463 7930
947 4143
8114 904
7889 3200
5405 3355
2771 3716
5802 7230
3742 6738
5790 3381
2544 4143
8153 2185
5436 8127
411 3806
2834 8209
4146 8031
8426 3266
2461 4791
5425 1724
5760 7918
201 2544
342 3781
2189 8003
686 2873
7823 6510
448 7520
4195 8229
2181 319
6487 6916
6308 6545
1194 948
6496 268
1517 7943
2587 3742
3473 5435
1791 6330
7837 3266
7934 7930
5071 5366
4988 2864
3240 1156
3042 2448
8157 1064
2866 2719
2720 6496
1119 770
1729 53
6522 8153
8442 7173
1222 1091
2133 2619
6448 6219
5253 5014
7054 3970
6681 7158
5815 143
5244 6589
955 911
113 7266
1924 7635
3354 5760
5622 2809
1694 5058
4409 2609
1390 2058
2949 107
5154 6429
1748 3799
4710 2463
4584 3776
7866 1926
1942 955
5686 4856
4602 7983
4321 6905
3865 6064
2955 5966
5712 3806
444 3584
2494 3928
242 7612
595 4613
609 5760
5198 346
532 304
4073 1097
6789 6272
1111 6250
4695 5055
8353 5763
2475 6549
5783 3620
1740 6487
281 7820
6835 3355
2781 3062
3853 3042
84 7624
4015 2956
3625 3055
2129 1091
4639 7503
7092 4253
3495 5726
7974 1144
6420 7930
6016 7520
374 1382
7653 3602
3706 2836
7396 1119
2965 1150
1532 342
6652 1682
704 3625
6127 3757
7642 6142
5937 7930
8261 4515
7964 1348
4379 6589
3059 875
917 6422
1031 5726
3967 2836
4487 346
403 3401
6094 4584
344 1390
7727 1474
8354 3643
2774 319
6856 6560
1896 2714
307 4579
5069 2866
6717 3310
2151 304
7113 5253
2659 5183
2210 8144
6843 3919
5941 2422
2202 2681
4262 5802
2513 554
729 6191
6991 1333
5988 517
8172 6654
3016 5154
5329 3706
1597 2587
7422 6306
7546 4261
20 6191
6509 5763
3849 7851
7870 107
3741 842
7885 4783
7494 1729
4619 181
3225 4253
2426 883
2276 4037
7764 4794
4873 3401
3075 5364
2311 1942
6893 7520
7423 5966
8010 3747
5722 3855
3761 875
6075 2728
400 6191
850 3774
7345 2680
638 2720
5883 5586
2621 3016
4312 5712
2900 7733
6236 4037
5574 5279
3678 3967
1593 8157
4353 53
5514 5586
4104 6064
3492 2439
2 4253
4355 3275
6379 2681
2981 4073
8366 7858
7 1506
3432 4974
1960 3757
6470 3919
4650 6217
4961 3774
5984 8043
702 6203
8134 3352
3057 5713
3631 4426
5036 7556
6595 6652
2527 4398
5123 4851
6787 3760
1204 4639
4763 5760
7073 5183
5024 8425
46 7161
3679 5574
208 2947
4701 2202
6147 2256
350 4794
1425 2129
7894 2129
412 6903
8150 4238
2354 1156
7678 3781
3178 3354
1697 595
7536 911
4463 4321
2556 4373
1883 5435
1738 766
4973 5914
8228 496
3179 513
3728 5883
7435 2836
8364 3614
2705 1506
1259 2221
3942 6293
7001 1259
1563 4426
61 4370
5562 3693
3794 1290
1995 6470
6600 3274
1665 5279
4479 3495
4134 5949
5644 4860
717 3799
3605 948
4275 3461
1782 5644
5957 6639
7498 3678
463 3678
5958 4200
39 2354
1952 8261
5345 955
984 8031
253 3678
1975 6332
7835 7663
7194 6639
484 362
442 4577
3334 7078
8436 4515
7778 6191
8398 7435
5159 2058
3670 6075
5407 2213
3494 7682
1083 7520
6900 7835
2384 8032
3931 6654
3700 5443
2263 1663
1131 7184
8320 2494
5624 1640
6117 6470
1372 4249
6480 5468
4449 2955
1910 8353
1592 2276
8237 717
510 7089
6451 5603
8341 3584
1364 3354
3083 770
1087 2965
7758 1194
5688 4635
7648 8366
711 1204
3618 6509
4009 8460
7702 2394
1084 8032
7855 7089
7881 711
3384 3057
3767 6545
2269 7556
8294 957
8440 5483
5591 766
719 146
1363 6121
413 448
6586 5154
1070 3742
2531 6510
4118 2210
5919 635
6688 6343
1227 8436
3864 4015
7370 6075
6539 3794
641 1259
3435 6843
1272 5253
8370 2058
5344 6589
5457 1678
677 1593
491 1297
2227 1960
5015 8031
4438 3478
3150 2060
3661 7080
5324 7311
543 6539
940 3853
4625 729
5122 2422
2337 6577
5045 4015
3308 4695
546 1026
5455 719
3395 3757
292 4515
805 3124
2403 6343
4915 2739
3173 6856
453 5686
6212 2949
3883 420
2856 7662
6284 5457
5879 7972
5464 5632
6084 6250
16 4650
878 3761
4349 1593
144 704
1590 6177
1921 1850
217 4574
657 4144
6735 657
3469 6545
5959 8032
2420 1975
1318 1921
6780 6509
1337 6448
1106 766
5617 1111
1332 4791
914 6064
6244 4200
6124 4143
4712 7894
4329 7822
1190 3055
6623 2096
870 5159
6336 107
6234 3769
5859 6900
7782 6004
3445 507
712 3911
5388 281
767 6094
1944 3618
2132 61
4637 6284
5359 717
781 1406
5234 3274
4497 7662
244 6308
1089 7974
519 4794
2341 6016
881 2883
2043 170
6593 2221
698 7624
2423 3855
2381 1719
7527 7889
1175 181
1501 2311
2698 7662
6003 914
4744 8442
808 5958
7710 5762
1551 6272
1160 1190
2068 2494
5619 281
6407 5388
2458 1144
736 1907
978 5344
6468 6343
2191 7029
1008 3757
6673 3899
1001 201
7674 6941
3878 6006
1319 519
1229 5379
7294 1694
192 6930
2962 4949
5720 2463
2469 767
2824 244
3337 1980
3648 3994
2271 3337
3453 3566
2677 4579
3416 7663
7640 190
7354 3274
1162 3678
1167 5713
5207 609
754 5720
5742 8114
5242 7725
765 3931
5515 7777
4500 3565
8287 7093
542 5152
2878 6019
1242 7924
1824 6681
3916 6593
5437 2414
5333 3310
6046 3469
1261 565
3048 7924
4993 6467
7064 532
4354 6467
7460 2531
5380 3445
7244 2824
2668 2873
3962 3706
4124 8166
5271 6219
2514 4695
3079 5058
8084 4559
830 4218
7495 7161
3171 2337
353 5983
3829 5603
4570 6549
3871 6519
1208 1824
8060 8316
8252 1632
7751 6293
8282 6451
2318 7851
6952 3566
28 1162
6958 1089
6149 2469
7779 2900
6521 1954
1361 7924
815 3225
295 7870
2666 7712
6139 754
5121 5443
1575 7546
2865 7562
8002 2189
30 7820
2880 513
6065 2210
800 8398
1899 3469
4290 3401
552 1896
4945 4409
6662 1144
4286 6284
5426 6094
5602 5207
5821 2448
2941 1242
110 453
3272 2349
963 2719
4011 7158
5913 2384
4726 8440
8068 3179
3357 7782
6846 532
1094 6084
5210 1665
5876 6916
7003 6336
1802 288
7780 4873
1116 5840
3303 6105
643 5364
3611 3533
1492 3435
4971 3354
3546 2354
6540 4487
7772 3928
1205 7780
777 1910
740 4200
2024 170
7581 7562
7018 4851
1881 3355
4997 8229
8268 5514
4148 2634
5661 1506
2920 8155
7659 5619
7542 2181
2539 7772
7951 6673
26 6094
4524 552
7939 565
1126 4681
395 4148
7091 4286
6542 4305
6755 4973
4956 8084
544 5949
4891 7527
3798 7320
4209 6375
5585 4037
5369 1111
6526 6407
4821 3266
4043 3247
5261 420
7084 3614
5367 1896
1054 1382
2021 2587
4819 3742
6323 2341
3582 1474
3422 4078
4352 3337
5412 6662
2737 4238
6507 3357
4455 281
522 4619
6170 7702
2687 1492
5902 4658
2313 7882
3872 2311
5718 2965
7212 6920
7937 4949
6713 7435
4820 5183
5580 342
2262 2513
1938 2539
468 4497
3367 1738
3518 5152
3677 1883
6689 1824
6796 1492
3129 1474
6391 6673
287 6269
2406 8320
4399 3620
5006 2947
2945 1361
2421 5014
1209 1319
2874 181
3827 5069
5164 244
2288 4182
7482 4195
1647 6673
7386 4710
7269 3401
5499 7503
5767 4859
6936 1316
6285 8366
7877 6219
4624 5366
5064 3942
4241 5092
8130 2458
5780 5311
2954 3088
570 6507
1687 7951
1357 1748
6583 2836
1531 940
8079 1205
5870 4011
6881 1361
8092 7823
8434 3769
99 2719
4121 217
3400 2114
3709 7870
3137 2636
6854 4744
5138 7256
7378 1086
4593 1944
2791 2544
3787 6046
2142 3461
1762 3883
5542 5553
7883 1921
8025 2931
1650 6595
2264 8440
82 2677
2618 6513
4481 8066
3133 6835
6168 6557
5217 3062
7219 595
5721 8341
3658 570
3243 2513
1610 4961
3457 554
832 4165
1344 6652
5410 7779
2738 2227
1821 3313
2457 287
1014 4355
5782 740
299 7068
2929 6264
3788 2544
981 217
3750 3643
5934 1194
8128 3855
6254 4619
407 4637
3483 4712
6664 6264
2778 2096
6215 6244
3184 6673
4687 5366
6643 7
5291 1741
6551 682
1114 5919
4808 1896
4265 849
5504 7837
5835 2719
6742 5435
3726 4305
329 244
5027 3151
3364 5585
3739 6142
5743 7256
1516 5324
1243 2771
7238 1160
3325 6592
6060 1741
6283 1272
960 3083
836 1451
6189 2698
222 2556
7815 7018
6434 1040
8367 7930
5219 3605
6863 4860
5229 2677
834 5366
8072 412
3094 2024
5507 5426
608 2920
8178 2461
379 7262
4966 881
2823 7091
1399 8144
7509 6519
2455 4635
2700 7782
1046 4261
1085 2127
6271 1451
6987 4973
4991 3171
6053 2463
331 6742
6966 7435
5076 8010
619 4379
6419 7266
3862 5329
456 46
731 6191
8421 8228
1268 7937
3136 5941
1182 6139
689 8025
6794 3696
6696 7855
6481 5367
6770 7054
1690 1144
5465 3133
5395 6044
2163 6375
7616 5553
2324 1952
4336 5934
5666 5387
6005 6339
7117 5666
3810 2883
8180 2680
322 3615
5849 4290
6289 2636
4346 4577
5280 5407
2143 1678
3751 7093
7192 4050
8215 4961
3901 6481
3418 4352
3405 442
4325 2981
5748 1451
5576 7877
7360 8144
4889 1344
4795 4312
4051 1592
4538 4353
713 1980
5497 4681
551 7161
6745 3274
6340 8060
3018 7934
586 6353
5774 4370
912 7591
6529 7943
3528 3247
95 2420
2731 5338
8449 4121
211 6117
5795 5984
8146 1640
6702 7974
200 6332
877 4637
8117 8405
193 4873
2749 5410
691 329
6494 7858
5986 2791
4920 5603
1659 6191
3434 689
3779 2133
4781 7727
724 53
2357 531
4436 4895
2679 3563
8111 5058
7415 1881
1246 1348
5472 5443
3377 6019
8149 4325
1662 6285
2173 3453
6371 4625
1701 686
1827 3769
8455 3781
527 724
5569 7244
1041 1363
7363 8180
5458 5713
3142 4687
2432 5790
7041 6429
1338 3243
7723 3916
5013 940
6591 1786
884 1647
6503 5164
5696 4497
1076 144
4542 3696
5320 7003
4516 1097
3396 6664
931 2873
1437 7503
547 6147
7137 6696
276 5279
8122 3967
1334 3806
8231 3741
2770 6340
2500 4762
4372 7723
6671 350
7465 544
7245 6513
810 7983
4185 2096
737 2000
5994 1492
3126 6467
8200 6060
2601 4487
6246 2618
2703 7093
3831 7642
4864 3327
7037 2531
3074 2458
1212 6215
266 6671
5331 8166
1464 6263
3780 4658
6403 322
7270 6343
2736 2836
6402 5425
821 4602
1327 7943
932 411
7693 1899
7630 3794
632 295
1389 3864
4909 7371
3316 3303
289 5708
5677 2406
6270 7435
3866 5957
4532 1212
7383 3243
3710 5553
5852 704
4433 1425
1127 1229
6615 7964
6041 2703
5964 16
3668 5783
1561 1204
4638 7835
3098 146
6774 836
4675 6003
182 4500
5662 6539
3373 5054
3279 2096
8148 6688
7871 1399
104 7286
4773 2142
6151 4064
6320 7939
2048 4424
4125 1338
3959 6448
4679 8060
7449 6001
1043 5364
3637 5076
594 2403
6318 1425
3797 3911
4454 6702
5657 3528
7544 1850
7564 1751
1773 7883
7325 7433
7491 5795
2385 2809
2653 4744
2764 7173
2573 1896
4028 4009
2082 2269
3415 7822
5135 6250
1807 2163
7602 3882
7814 4920
2524 4642
7911 2263
1450 6263
1028 3878
4127 3060
2411 6215
6018 4249
7609 7674
4940 3883
7850 5164
7116 2191
1238 3316
5175 4286
7267 1031
7085 1551
7887 7396
4142 2791
1486 7116
2107 3794
807 3566
7420 3377
129 5994
5638 6189
6161 1337
6815 6019
2657 7746
5348 8003
4408 7879
3429 3776
5446 7073
2245 1682
4768 7616
2950 6075
5516 3962
3995 4701
3053 874
4031 3878
7438 346
2888 8460
5536 5902
4217 3504
7483 2142
3840 808
3394 7227
2316 781
4878 3739
865 4763
1265 4988
1973 53
6707 5380
2897 412
2305 6422
5612 5159
3607 5713
487 4603
1988 7640
286 6936
3490 3042
4091 3327
1685 2221
3833 2941
5041 129
5397 444
3043 7544
339 2941
671 5076
7046 7101
861 552
4615 6005
6601 3716
4126 4726
3732 7286
5358 4182
3524 3074
2106 3400
1917 719
2413 7245
1673 2601
2219 276
2754 3418
3683 4433
1420 5580
4194 5229
5522 8153
7040 6234
4549 6481
8490 6846
6995 807
2983 7604
6334 1683
6956 3602
5509 6019
7484 7746
6908 350
8119 7494
4145 342
2584 7113
5759 6586
4694 5686
7028 4408
5819 208
3068 6320
1702 7829
6793 4118
6278 3318
6083 638
3835 2774
3941 7345
328 8215
4831 2945
3102 7746
3595 2719
6801 7080
7492 4305
6797 6986
8136 7158
703 7983
910 1464
4975 3401
3816 7089
6561 6930
6247 2341
7729 5657
964 2866
2338 420
5642 5949
1974 5380
3529 1729
2235 717
6848 6639
3576 6272
7783 4974
5453 6522
6256 6551
5670 4370
3571 1150
7312 6707
4512 268
6587 2703
443 834
744 3781
2493 7640
2829 6339
5552 5122
2633 2381
3408 2866
8017 7591
7925 5662
3168 3833
3392 3179
2663 3142
6252 777
3218 3079
4402 4379
7065 7028
5923 1321
2926 842
5111 1399
991 4409
5077 6470
3857 7101
5630 3457
1381 3643
6873 4694
6145 5071
7629 8127
5003 1592
1624 6470
2798 2954
1915 7727
8131 5708
548 4658
7416 200
8285 3967
4734 4127
1545 5795
533 1194
4707 6791
3587 7870
6261 6265
2323 4975
7401 1267
8360 46
8392 7723
920 4891
6765 200
3660 5210
7794 3501
5072 3816
6243 1889
7039 7678
6840 2189
5901 719
3640 3941
8390 1363
2721 3821
7010 781
4225 1532
2435 2475
4972 2413
1777 5027
5191 7782
5216 8209
3288 6375
4226 4037
6438 6006
6894 1450
2076 754
159 3308
5974 1632
7289 1390
3110 981
1933 26
6464 6908
676 1486
6303 6041
2649 6170
1505 295
2153 253
8423 395
1595 3240
4276 2687
5401 1144
5753 7600
8126 5717
1109 2769
4264 4442
4779 995
4604 570
7322 7064
7623 4398
2882 5623
8340 4481
7464 6780
6887 5338
5494 8436
6515 2185
250 1802
1583 5437
2168 702
8087 917
7826 551
631 4851
5769 2475
1137 836
7381 7783
3847 6840
7626 4744
3624 318
1186 6371
1919 7165
212 7659
1166 8043
472 6339
72 3416
33 1027
654 6384
2616 6451
4197 6671
4363 4584
4955 719
2974 8436
4184 281
5248 7855
2026 3510
2940 3827
6033 244
4469 3016
4903 3524
3939 2926
409 4022
2175 6044
7799 1001
4700 1127
2159 7
4758 1338
2257 5603
4378 1988
1766 7616
4828 5790
4550 7589
7147 8010
3656 7609
4259 6688
2902 5244
219 6343
5326 5234
5532 2677
1088 6084
4863 6787
2388 212
2848 6018
5735 507
5627 7360
2171 3853
8129 4821
3973 507
4528 1802
7405 5331
7392 6986
1660 3883
1404 533
3983 2219
63 6936
5917 217
6414 6987
3158 8421
3544 4372
3421 7028
3333 3408
8416 6986
206 1106
2332 72
3567 3767
2826 1791
7774 7889
2238 7725
108 1896
7319 4126
4811 4015
5618 1087
5890 5154
6743 2043
5023 8119
291 3901
6463 5154
5707 3184
4092 7855
5784 1869
838 3352
5793 4805
154 1541
8007 201
495 3129
86 4949
3642 8268
3261 253
3472 6265
220 2
1055 5767
2538 3624
7057 5602
953 6863
4052 8127
5512 3658
6767 7640
6609 3483
6137 6429
247 1933
627 1094
2030 5395
6528 8341
1779 1014
1449 3310
3986 2781
4369 6254
4478 1259
6845 5280
5039 1777
4853 8017
4720 400
6585 2728
7154 8392
3447 3048
2748 1014
136 6549
1803 5224
7236 861
6457 3472
5346 1915
5002 4909
6935 3102
4600 6805
1428 8066
3147 6289
3782 6256
6861 1827
2582 4856
5202 2076
3552 3857
1291 4037
223 6041
1913 1344
567 4619
1999 3053
1726 6856
1555 6905
1439 7930
1996 737
4725 917
2061 53
4108 5425
4106 253
4445 6359
5019 1031
5315 3327
1065 5437
6427 1555
6266 7777
4435 5412
2512 1944
2523 3524
4133 3472
791 8390
6174 289
2095 7381
6394 3776
257 379
5892 6908
6249 2337
2470 6303
2569 7589
7067 4955
1703 3611
2761 403
8049 7256
3343 5983
2611 2824
5226 3627
2895 4363
2443 5969
3519 189
505 6340
1125 6930
4954 4524
408 3994
5565 6271
7217 542
561 1390
4564 2271
5645 682
6238 4276
792 719
4396 6083
6768 7165
7912 6191
6562 6745
3480 3360
5897 7733
501 3899
4206 5248
7008 4106
5900 7322
7583 5344
486 4639
4750 2127
4652 7460
6453 3354
2234 1125
1172 3563
5659 5379
7201 5225
3481 8017
7131 5591
5136 2882
6291 3510
8258 1127
2315 268
5330 5622
3010 1327
6473 2181
7863 3810
7340 3911
3676 5152
6232 3587
1607 2439
915 8128
7732 5782
5939 5202
2308 6303
5927 5645
1771 4920
921 407
1957 4144
3451 8004
7793 484
7566 5632
3081 2413
6950 8426
4191 2974
1756 3327
8462 2388
1388 565
5270 3074
4220 2920
7945 3576
6091 3833
5832 2619
4858 7084
3251 3472
2961 7370
3714 219
2789 7037
172 4538
5220 1910
2209 3939
6996 3469
4914 8434
4573 7591
7518 8320
2501 6318
7257 5686
4457 510
230 2475
7303 5338
853 4920
3159 3395
8221 4321
2471 4997
5746 2475
1158 5036
4769 182
3593 5468
5590 2494
4040 7345
2626 7937
5416 7073
5844 6654
5898 577
6919 682
8094 63
6227 1088
4105 4329
1596 2276
6682 346
1424 3445
2565 7381
5626 7567
757 8134
4843 6735
7720 5041
2199 2897
158 1995
3402 3394
3482 4961
1200 4768
7359 5136
4419 3510
6208 777
313 6213
3596 3288
2025 7937
4492 3055
3161 3360
7802 353
8344 212
4245 1028
3860 921
3029 8440
3738 5958
894 6375
7032 4750
3733 5210
2518 495
7676 6789
2853 2599
5544 3533
3628 5512
469 4355
240 7420
1894 4779
7424 1694
4511 3840
7628 4795
8210 7338
8297 8421
88 1907
2252 8440
1522 5898
1721 2945
6761 2929
8097 4305
7571 5522
6964 1334
6989 8039
3921 2458
3263 4637
3689 3133
2890 4650
148 3563
866 3584
6193 5717
2497 4687
1499 609
4385 5366
2206 6767
139 5458
1739 7154
2407 1327
5970 8002
3854 3668
7699 268
7735 4658
5999 4261
7033 932
7716 1995
4904 2463
5096 3552
7326 3831
1716 1561
3258 5762
3578 1014
4201 8340
1170 5122
8085 2060
3828 2143
918 3567
5287 6480
7094 6637
5493 4457
6406 7482
4630 8344
7651 487
1079 6359
310 5455
5353 7778
2358 3179
3054 7562
2843 2163
3715 5395
396 5782
3077 2421
241 4346
7306 2611
7265 3833
3149 3258
8393 7294
5371 2680
8185 953
4666 3679
871 5677
2290 5983
7163 3136
1015 7866
6871 3088
562 3628
2997 1190
3902 7464
3978 2902
2594 4492
6393 3776
5322 2764
5498 1917
4608 5191
4612 4856
7310 6001
3186 8119
1320 5852
8386 1119
3998 6339
5596 7642
7071 7777
5264 3741
203 3640
3214 5562
2204 1361
2712 3184
4171 4040
2942 6662
2656 6403
8336 5039
7134 4915
7447 1954
2287 4652
2184 395
4439 4369
137 995
6109 6912
4300 712
118 5121
3826 4762
1241 3619
2505 991
360 4524
5918 7091
294 5359
3135 6451
3409 7855
8164 3133
7139 4819
8239 2538
6981 577
3744 5358
4017 3043
3952 616
399 2061
1213 7837
988 6151
1493 671
6040 7131
1075 7320
3685 7071
3209 548
3125 339
7572 1683
7389 3934
550 1561
6489 6264
4062 4878
2328 3973
7644 7566
6036 894
6380 1583
2140 2798
7197 3086
6580 3853
5521 4312
1047 4993
3224 289
891 8294
2598 3605
3007 1685
2928 1242
5930 2962
1812 2974
1000 921
3845 6232
1572 4909
882 2824
3932 5840
8226 7003
3663 5603
7302 346
6655 5892
6954 1919
5789 5121
306 4603
79 1319
2710 3490
5265 362
3748 200
4412 7642
5872 4424
8262 7628
6048 4445
8042 1868
8306 5121
6460 3094
4660 3480
4649 6420
3778 5499
4177 8258
2553 4454
3664 3864
493 3251
1278 5366
67 3778
634 5612
6226 3102
1069 3136
6373 6643
3730 3055
4667 7937
1099 6044
8362 3748
3650 3828
1138 8340
4472 5268
7905 550
3475 6981
3812 360
599 3643
4232 1933
3608 6265
3877 2993
670 1182
6327 3318
2169 918
4883 8221
7846 4402
4641 1904
2322 5576
6228 3333
6666 463
2640 6271
2628 6343
1672 3125
6749 3664
2641 5596
5341 353
1315 4909
2613 2738
7654 328
6474 2888
3073 1740
7688 3605
2277 1798
2336 3739
1528 5198
1104 7793
3428 7850
8174 5329
4198 4062
5734 5024
277 1278
3861 4600
7960 5892
7214 5970
813 3074
5960 4652
3285 877
6733 3062
7398 3631
5033 917
7056 1204
7898 295
234 7420
7021 8221
2980 915
8291 6234
8295 7311
6220 8092
524 8087
4151 6545
5803 6065
6847 561
4601 1522
5703 8122
6833 810
540 6252
787 4435
3629 2213
2081 2698
7689 4973
8096 6489
1187 866
6712 6592
3946 2848
7079 6783
3802 2883
888 5369
7351 3706
6267 1672
1096 287
6552 6783
1920 6712
879 4783
7096 5366
2775 6283
4496 2394
2683 570
6354 527
592 1320
8489 5903
3754 627
3667 7001
2182 4011
1146 4286
2743 3124
6616 8185
7038 3882
4084 5802
3414 6941
302 3243
321 3029
8224 8258
5805 594
5462 2182
7908 7782
5180 2826
5697 505
3639 2598
761 5036
2672 3364
1627 1399
38 8316
5470 8094
2551 2993
466 6371
447 8360
4387 4241
7387 1333
4166 6429
8296 5455
361 871
5690 143
8063 3602
2103 7351
4161 5690
8159 2026
5305 3266
4212 4370
4045 3607
1681 2556
3146 3797
3045 5876
5403 522
115 4903
6089 821
1928 4105
7701 546
7841 7214
1296 1404
5887 609
6852 1099
8183 7219
4475 3872
666 7092
2622 4794
2812 6151
3431 6840
5814 7326
799 1907
3284 8097
7357 8119
7867 6735
5347 4528
7417 8146
2079 932
1902 7359
1178 4200
5495 2048
4787 3501
1142 7867
3297 3125
198 6797
3623 7663
2807 6161
2905 6121
6649 6339
8024 4329
2971 4855
4874 5344
4673 1541
6973 915
1230 1685
841 4329
392 712
6752 5902
6977 7116
4525 8136
8013 4068
4998 5495
975 3057
4193 5789
3375 5974
4415 7266
3784 3435
7897 5253
1422 244
5594 2771
57 5220
3413 1209
2643 5426
8264 8285
2559 5338
2041 4783
1966 2168
1699 1246
162 2598
5083 2618
2906 4574
8389 5959
1061 1200
2534 7032
102 711
1006 3829
7135 2848
3508 4972
3926 5183
3105 4863
1103 5136
4150 3882
373 543
3743 5602
6704 657
1257 3357
3966 7422
987 1486
2326 745
2253 7881
476 5426
3321 7943
4924 1883
5009 8340
282 8291
3955 7651
1619 8362
5197 5632
2704 8049
3139 4124
4752 2263
7941 3614
588 6481
4229 2677
2831 2068
6544 8386
330 4550
1759 3079
4730 3357
5402 1293
8348 5264
6206 4052
1971 7094
3723 2448
5601 4726
3975 7028
5667 5688
3906 5435
7806 82
2278 5590
7813 3377
3515 2866
900 3501
6757 2749
8331 948
992 7746
3194 1741
8479 698
4476 6840
4160 7078
7959 8287
1289 362
1442 2864
3426 8354
7550 4600
142 5966
6211 7387
1722 7201
1128 8013
7188 3587
7098 1111
5081 8200
1617 7867
5979 1382
66 8031
7384 5324
8154 1522
1234 6105
734 7751
7348 4476
2963 2406
2777 7484
1686 4438
3836 7589
1358 2798
6693 7521
7632 4573
4186 7941
3302 3955
7586 1694
7722 3866
6498 8295
3049 6272
6588 2021
4907 200
1434 6470
4688 2181
5170 2209
6399 4679
4568 7544
6029 1881
4686 7310
2033 8043
5144 960
6537 66
3497 4851
1846 5331
2161 2633
8330 2021
3574 8393
7144 4805
2688 3263
3201 7635
5587 6873
8453 7326
6352 5033
106 2475
3210 3016
4233 850
3203 4873
3361 7850
4208 6749
2250 328
5263 4808
6809 1209
4812 4198
5573 1321
6144 3218
2419 3919
2236 4773
1993 5585
1830 3962
4205 724
4299 7219
1609 240
2783 3240
6876 5612
6093 6695
4572 8489
2491 527
8332 608
5681 4457
45 594
7413 4134
2596 2081
434 7389
2684 4241
4803 1701
4109 8031
5469 1919
8494 6323
6329 247
8232 2681
3040 5315
421 8017
3654 2743
7513 7662
1048 6256
4948 4601
7638 3683
7555 6987
4839 2880
1385 4043
692 321
898 7550
8275 7586
2020 2582
7472 5793
5277 6623
3441 4469
296 7822
6895 6701
3809 6004
8428 3677
5668 250
3526 8239
5505 7158
4678 7312
7680 5930
6050 1902
3452 8119
3204 3098
2094 7003
2071 546
1256 5320
3880 4707
7454 2530
2837 1516
7916 2971
8056 1229
5747 546
5456 1425
1491 841
7208 1771
6684 5407
1469 7783
3684 877
7798 6109
1342 7815
1219 1385
24 2079
8350 8362
4823 2182
7459 4475
1946 6843
7199 3247
1879 1975
525 8364
4865 4276
1707 7389
3164 3083
6823 7693
6779 1960
4634 403
4093 3308
771 4166
4289 8049
1521 898
2568 1545
7664 1008
2301 4118
5022 5780
598 2414
5711 5498
7800 4424
1983 5369
5100 1234
5978 6189
6579 6399
4256 2611
620 2941
8135 373
6599 550
5826 1545
3458 1699
3925 4299
485 4481
2525 8416
3762 3593
3466 4895
8276 3421
6647 2897
4581 6861
8412 5624
7252 4750
2391 7348
3585 5397
1997 2749
5079 1170
3964 5315
5088 3136
3856 3452
1781 277
2353 6142
8292 413
6344 5403
5589 5726
4981 241
5438 7010
646 5497
7595 5170
7182 6263
3506 4831
5664 240
5583 4408
3649 3966
5665 3377
1581 547
3216 4500
6260 2262
5942 765
4964 6480
1908 6903
7042 4819
3292 7311
7222 6250
2063 1190
389 5711
4281 7212
1985 1493
7852 3274
36 6791
1009 7269
1768 1099
380 4949
7610 8159
3717 5458
2879 3552
5091 4650
4413 3614
7210 3761
8496 104
4219 2687
475 5571
7997 8129
1912 7826
3564 6232
4102 7841
5068 7422
3347 2874
1429 8322
6993 7068
4057 3475
8259 5903
5095 3029
6971 875
4994 7040
1849 2523
8266 4856
6859 5197
2367 3899
7986 7472
4192 7094
4019 4779
4806 201
697 7778
7250 6794
2123 2771
2154 635
1446 2132
2363 2248
1263 2669
3979 3018
7838 6494
742 8496
6837 2058
2317 2173
2429 1332
6951 8266
943 4858
3711 2687
5808 2250
5355 3110
867 286
1670 6046
6305 2525
83 697
8482 7311
509 7871
384 486
6325 7067
980 6293
5475 1256
2943 5138
477 3802
8064 5918
3929 4492
6653 3029
2797 2633
4014 8087
5098 4276
4886 1442
1304 6779
5034 561
5084 4593
5823 943
6087 6507
7715 7916
5040 2683
3713 3150
4539 4604
7090 353
3888 7042
6698 3856
8188 1172
17 7354
340 6065
2623 777
5824 5058
1601 217
6758 7227
4951 4667
4456 3458
6959 4604
5017 5263
7012 6468
3641 5333
4740 4201
3404 3967
1073 3816
7193 6615
7406 3519
6257 7256
4101 1338
764 2783
6533 1222
1419 4051
4936 7542
7350 2500
1163 1001
5048 7492
4485 3533
5963 5397
75 4650
2097 7689
4313 5079
5715 4426
7125 6468
3523 1194
6723 2531
6188 7054
303 4040
6530 6496
3771 63
8212 4660
4706 7798
6426 4966
7785 7092
2445 6513
4154 7033
7356 2497
3039 6599
1976 3845
5467 3733
6000 6749
7795 1919
1098 2250
7797 2853
4464 7351
4437 815
5776 7008
7268 5071
2157 3331
6645 850
4430 7064
8220 1827
2427 5071
3065 4907
5390 4078
7903 3743
5124 4843
7226 5197
6374 5054
6938 5039
651 2514
1353 6318
868 8296
6772 6481
8218 875
535 7064
2118 6666
3811 4346
6240 7494
6812 717
1329 5552
5328 2169
1254 7340
2591 5219
6081 4476
8065 4464
4235 3619
3981 8111
4090 7245
2725 2173
8179 5006
5786 2338
8250 3615
1554 4638
3867 3077
4521 3623
5682 609
3217 1327
7684 7359
3382 3751
6079 5601
6785 2209
6113 2761
6051 2458
4147 6438
1820 3150
3281 2873
8202 4695
1441 5624
1322 4864
5764 5014
7576 5668
134 6552
6222 8455
4970 5632
776 1563
672 6900
566 2649
6068 3478
5723 8085
2156 374
1948 4151
6490 6893
1240 4949
3438 61
3918 2079
381 7710
4021 5664
4306 978
6962 1126
4158 7326
1696 3039
2805 542
6275 1227
6813 4195
5704 8097
4502 8453
4283 981
959 495
3759 7797
7128 4961
4234 8412
5951 7289
1745 5472
4231 8462
8110 5986
4616 7415
4510 4396
1789 8128
1953 7057
7809 4791
1110 4998
1155 3629
5199 6222
248 4660
3306 5512
2800 4615
4029 7838
2650 7068
3092 288
4526 5039
11 3757
1247 8094
4066 8126
1336 6094
1847 5338
1546 2317
59 1087
7385 3518
7017 1953
2374 4581
968 7589
3796 2895
6817 7710
1228 6044
6253 7871
7377 3620
4484 4649
1783 4974
3353 3821
4775 1320
8102 4781
1661 4940
7597 3721
6071 6393
3851 6289
8265 8386
6214 1247
2178 616
5528 8164
5318 8453
4919 6391
935 5111
7329 4768
7592 30
231 3341
7048 1190
7445 4134
6992 957
2444 457
790 1096
4366 5064
3770 5380
4905 24
2991 6234
2844 7495
8411 6468
2285 2800
3496 2322
7076 6530
4179 3510
3635 2874
4785 1061
6646 6560
7721 3693
5099 2687
151 5191
1906 7387
5962 7555
7808 7396
1480 3854
4789 5619
7563 2168
6209 671
4645 4437
5701 2384
233 7012
6692 1096
4495 2613
7114 3607
7803 2133
3339 3928
4697 1469
6927 4226
1468 8412
4517 8127
2847 5960
1571 39
6759 1474
8163 5720
1826 5742
7083 1219
4310 991
1621 2153
5680 6380
5817 2058
6946 110
5414 805
4591 3826
5691 753
3971 5984
1603 1783
6618 7835
1903 608
2485 3077
297 6873
4766 2388
1625 4492
6875 7289
4280 2878
433 5717
8101 3139
6314 6246
1467 3926
7104 3623
1825 2256
4802 257
3427 7194
3768 3428
216 5092
6116 4064
7476 4194
2665 3040
1051 5291
604 7609
763 4954
3191 594
825 1741
6656 6191
4284 8332
2479 7591
2992 7306
7736 4863
4597 5371
3597 7632
4704 6271
5861 5328
4683 914
5490 5326
8248 7556
553 2781
2825 330
5561 7345
109 4678
2174 3986
667 6743
6337 3829
5441 805
7553 3159
3091 3135
2481 3619
1618 7974
3933 830
3577 5329
6550 3421
1860 7575
3671 871
3140 5844
7884 2191
8201 1230
1553 7384
4362 3679
3881 1204
6160 3730
7467 212
8059 7736
4793 8129
5155 6318
4896 2783
7979 2643
1414 6859
4431 4878
6194 7712
4724 8494
983 6142
1271 1825
6073 5504
7731 5364
8323 487
6605 3828
3346 1047
3572 6269
3581 1915
1143 6600
404 5645
3028 4752
1090 677
3892 3140
6776 5219
5386 5927
4595 3710
1537 2426
660 8221
6634 3759
4162 6881
183 5790
1916 2847
1180 1104
1874 1227
4922 4613
3257 374
8044 5903
2362 7521
2198 2656
5781 5713
2916 1257
1071 6684
7058 1870
1432 476
3206 4964
7027 891
8349 4605
6367 1694
235 5515
4247 2653
3708 4043
6069 544
873 8063
2546 146
6576 2501
2811 1980
6827 4475
3653 4154
6307 6761
3694 7918
8299 5721
5891 26
8396 3677
1871 7964
6504 3658
6080 8264
8338 4339
4913 2133
614 800
8388 7491
5252 6761
6062 8178
8298 4485
6449 6145
824 4198
431 824
6132 3519
3100 5707
1978 442
2907 8212
563 8065
5547 3088
3253 4603
3262 8276
4315 485
2339 1290
5910 842
4004 2963
5518 1762
7692 3418
2320 6758
7205 5914
4460 3567
7950 805
1834 302
2007 8275
2685 2151
6746 5914
4575 148
664 2063
5363 7
6002 5934
4588 7182
901 7454
6608 4694
2121 544
7034 8013
3056 3776
3752 1083
7978 206
8343 5892
8225 3110
1072 6861
2346 5363
7434 6952
3647 6533
1078 4922
1990 7758
4782 953
6049 6050
2078 487
356 6845
2223 7320
2482 2178
402 2713
5631 548
2478 2132
4835 5826
315 5407
175 2783
1604 421
7766 3706
972 5401
8193 1827
1509 4354
1742 4694
2637 2916
6891 2900
3464 5261
1676 8153
7324 4803
5161 7800
7775 360
4228 604
5473 3883
1123 4142
2359 2714
191 6142
2911 392
2379 1915
7909 2227
336 4144
3530 3578
5382 4235
839 4290
1949 7394
3294 2551
7965 4936
4880 4265
1774 8084
7740 7268
7421 2805
1224 2843
1387 2687
427 6144
4979 4124
970 6528
3514 7017
6984 7137
3785 4290
6939 6634
7317 1624
2225 6504
2740 3752
2226 8079
1961 3723
2085 4641
2179 6935
3702 2628
2014 137
164 900
1695 1681
4268 137
2348 143
4908 8146
4176 5596
1744 5742
4633 1821
1134 4783
332 5974
8230 30
274 6745
7776 164
7988 4964
7127 7027
3659 1446
1416 5898
6629 4641
8327 5509
8112 3683
3163 4104
60 1079
5804 57
7254 8462
478 3394
3538 281
5555 6487
7082 3343
3287 3125
4410 6234
1855 4608
2504 5512
7000 658
822 4245
4533 4891
1958 4218
3293 3637
3758 6585
1543 4724
3001 871
7081 2316
7019 505
4938 6353
2307 8154
6726 6743
2275 6958
6578 5502
6198 3514
5639 3625
272 657
8315 2601
8443 3732
4566 4217
6621 1111
4128 4697
6099 509
8236 1807
6932 5509
4901 7135
7143 6414
6640 627
2567 3457
1547 620
5558 1474
7811 6908
3958 6291
3915 4603
4583 3916
944 4550
2506 6148
8143 4769
4293 5412
3507 1547
226 4712
7787 5475
3115 4581
965 6698
6807 824
3454 266
7975 7068
1489 791
2803 1971
529 3405
7828 2060
3539 5696
4020 6137
343 7775
5303 2403
6808 7787
4471 39
5075 8224
5578 2705
7655 7423
2896 2962
6661 1338
1817 5191
1831 6018
4830 5897
2050 2931
6872 7492
3390 5315
293 3294
4432 226
2794 3760
3910 920
7615 7572
4647 3048
1036 6285
7970 2318
1063 3871
624 5590
1651 5234
3372 2014
2552 2419
8206 3867
5848 7867
3138 5355
8216 824
8086 3018
3282 1554
6405 3452
3383 444
2417 7354
2562 7814
2726 2794
4976 2470
4344 6337
7603 5553
8151 1160
2364 1948
5995 2388
890 8174
8235 4435
76 1721
720 891
4251 5746
5878 8354
1020 6930
131 1690
5377 7199
7402 5159
8466 7028
8203 1958
5031 6827
1939 964
2727 7188
7869 2906
2716 7265
8441 1510
7437 3274
716 7908
820 4641
4139 2324
6722 208
930 6438
4916 1098
6370 2381
3300 4638
2220 7979
4272 4678
7816 1785
4100 8275
2321 6789
3536 4858
4742 5499
6727 4402
1984 7630
5448 6765
4553 3150
7049 3901
1929 108
656 764
152 5003
4427 1289
6130 5077
2350 7626
5673 7434
3913 3564
4771 677
7552 148
3502 8216
3123 5098
3575 409
7760 3611
7741 6939
6125 5121
197 7903
7683 4808
5517 7184
3000 635
188 4510
7670 1522
1398 1899
996 6579
6058 3780
7535 1683
859 3435
7382 198
5085 4409
952 7520
7129 4208
2746 2014
1214 6735
6345 3567
1714 4093
1886 2781
1386 563
4866 6615
730 4424
8041 821
3411 5497
3078 1899
4557 6332
8205 6489
6156 8112
7051 619
4332 7012
3903 5873
3072 1493
802 1467
3884 4145
3634 1054
663 1926
2352 3730
199 1124
1950 4964
6382 7905
6242 7564
1447 4151
2446 1238
2959 5040
2467 6289
2673 1424
260 4766
1118 4139
5695 2153
3398 1118
6988 59
4122 8453
5459 344
7832 799
2610 2332
1011 1958
1840 2965
1012 7416
4586 1759
6502 3378
8195 834
7275 30
5408 144
8318 3320
2629 5804
35 5964
1880 4762
4627 6932
3050 5024
7187 6783
3185 3495
2912 4726
6604 4431
782 3210
3813 2050
5297 2518
4967 3124
7907 6576
3521 3050
6428 4073
3162 2896
6120 2633
4274 1545
7568 6457
3479 7303
8170 6144
597 2317
1007 4883
6312 7245
4834 1063
949 761
6413 4573
4071 3415
6511 7465
2558 5324
5857 3075
4560 7777
4056 2677
8271 657
7469 4092
70 4593
4965 241
3692 2553
2785 1908
5476 957
1770 6266
6150 3418
1734 3794
2091 3575
1885 2346
5605 6585
2588 3432
2867 6812
8033 5927
1569 6852
1645 3831
3775 8179
1579 1766
4906 3401
7893 7701
2838 3903
6122 2829
558 5784
4389 8259
4448 4812
1636 6842
1411 3625
559 2060
5273 5591
4659 3258
7063 5263
1566 698
6007 8416
1473 7143
1445 7048
2735 2311
885 1241
4097 2567
1638 2288
8051 2455
7150 4195
1730 8044
6904 1915
3034 3464
6282 6003
982 1939
8493 6232
5466 5639
1843 8195
2851 5099
2183 8111
2608 1748
6630 6144
6514 1785
1057 5485
7901 107
4149 3788
5749 6576
4576 7571
1237 5528
2821 3472
8283 4256
1936 1748
606 2974
4270 5939
4941 7780
7277 6854
4196 3884
1417 7173
91 4165
498 151
3834 5054
2891 3723
5871 7858
4677 5467
5548 5364
1292 2252
7148 7041
3181 781
6972 2021
2254 6275
2590 1773
7880 1670
6525 1597
1977 5913
5450 1064
8334 949
6294 2847
2498 2573
1614 3918
1 4913
7480 2223
1004 418
1644 1337
966 1425
1934 4740
2595 757
647 8493
3226 4293
4798 1240
2464 7498
5921 8336
7840 3577
8115 4037
3630 7034
8378 3275
1325 4415
5779 5891
6719 2942
8313 4769
1366 4134
5113 8327
7299 5019
576 5703
2289 8101
7110 6236
5912 4682
3228 8496
1305 3853
708 1386
690 1902
3823 3620
1981 5780
4587 3684
5660 4332
4984 6467
1173 3829
3006 7721
2682 3384
4554 5436
2188 6391
2889 1919
2784 2991
44 7841
4746 1803
6500 3962
7845 3045
755 6592
370 2081
2073 5917
4357 1908
3004 4766
7200 7628
6430 5210
8333 2525
2035 3422
747 6989
2904 1175
5570 6645
6762 3384
4085 3408
2581 4432
5087 3664
8376 5462
7478 7306
7594 599
3985 4612
6822 766
3063 517
752 2695
4759 2115
3311 4259
5710 8149
6799 5081
2517 5734
2086 529
7919 3929
1216 3184
7853 8268
4996 7188
1262 4378
9 2619
6015 2335
4872 4515
1534 7154
6535 2942
5592 395
8189 1293
123 1445
4640 2050
2674 6992
1403 1486
269 1603
925 7289
5025 6194
2266 3225
1795 5681
4986 4762
1655 2931
2084 79
5491 8393
2923 7476
5082 6848
8198 206
2827 7048
5429 2829
1402 4604
2037 1990
2792 384
6874 4424
473 2155
2924 6228
2200 3408
2832 4184
4788 7680
6351 8068
438 7382
7747 5055
4861 8292
6241 4354
7762 1686
2343 3861
6766 6964
4356 4642
4266 5721
5241 3797
2006 70
3556 6662
843 7644
4881 767
514 1995
6603 2700
674 6688
3687 3441
2456 1545
2724 8423
2647 4783
797 7974
2397 6198
312 7858
4367 7208
372 5735
5133 2227
4685 4746
809 6402
5604 4487
3885 1182
4777 7381
267 2367
3896 7594
1615 3163
78 4566
5792 2301
7221 3333
1818 2457
1349 3809
2747 1319
5384 959
6816 5824
7007 2904
5038 2071
8160 4409
7112 3466
3363 2890
5816 6222
6802 7420
2922 328
1478 524
311 3802
520 6726
8125 843
7055 524
626 3384
1955 104
3945 7012
5398 6004
3374 3556
4488 361
6949 6068
8245 5497
6023 2999
2243 3110
7618 3285
5989 3694
2398 3660
5010 5499
2430 7568
3046 747
1580 3747
3003 1971
4628 3426
1211 7939
4005 5499
6965 6519
623 3714
6570 4872
5246 5890
1149 7038
811 7701
2579 4177
1533 5338
1280 2735
1284 26
1132 3006
7812 3942
8372 5416
5608 6252
3644 1847
5652 5873
2462 339
7848 6595
3241 3571
7315 925
3842 463
141 5085
4527 6593
1475 3034
2488 8209
8040 244
2996 7082
3332 7751
3705 3056
4138 7267
5417 5122
5037 3381
516 1988
1959 4448
7419 216
7771 1694
3420 1156
7474 3062
1226 6156
2039 7270
5383 519
3969 4372
1207 392
7278 2461
7180 5329
2228 3611
3844 6160
4254 1579
3589 2076
355 7916
4324 5747
2016 6422
6974 6973
4939 272
2137 1985
5620 658
127 635
1260 3519
591 2006
1591 4497
4386 6448
1526 7419
8009 671
6788 4853
3517 4363
1965 4539
8222 206
8116 412
6677 4104
1189 5659
4796 1075
5228 6755
2886 510
6731 2963
5430 4559
55 5472
120 4344
5534 3274
6880 7104
5971 6426
3534 2481
3044 5919
6441 6332
4461 3628
4319 5037
1630 6874
5885 5037
580 1886
4822 6109
5254 4554
4441 8013
5181 2413
1628 3384
1181 3856
7754 3039
4296 5217
3646 4019
3196 838
3568 3620
6286 6457
3299 8134
2036 5536
7285 516
684 7722
2224 84
1837 4386
4778 7321
579 7762
5172 4201
784 4134
4503 5268
3144 3482
8257 1926
3791 992
7140 6603
7314 8128
1339 4839
1945 6142
1465 7536
3953 5562
3153 6474
1250 353
6416 3566
2762 1645
2802 7051
2917 2020
209 5019
1210 6514
6077 7131
4989 6815
2702 3068
7605 7055
5847 4704
5810 1580
5008 6004
5539 6068
6035 36
7743 7222
5137 380
3737 6903
1633 4245
7685 6533
1252 5261
5811 781
153 1673
6929 1770
1937 2137
1239 361
2244 5435
7408 1533
1648 2851
326 4057
7641 6903
7426 4011
7990 7600
4153 4802
2003 3063
3467 5747
1829 2339
855 4479
1852 193
8243 4861
4382 7150
4348 1243
7407 2836
4199 3881
1755 5711
2620 7555
637 8136
1248 6727
7155 7408
1461 7638
6108 5532
5182 1990
5474 928
934 191
5646 7041
376 3738
1584 5570
6423 7058
261 3769
6747 981
8089 1782
939 3272
5610 5665
5209 3186
3736 109
4561 5045
7072 5835
213 1685
1037 2538
5675 3044
3215 408
5858 2106
5018 553
7088 5490
6564 2838
3583 5937
6574 1551
6154 4805
7900 7370
895 4632
2968 1906
4607 7838
4959 4147
4007 234
568 7003
7773 1051
4397 5155
661 4241
6734 4561
2729 2751
6883 4734
2304 6370
1833 7012
4026 7900
3940 6148
5595 6662
300 7236
5478 5898
640 7780
749 3421
229 3634
7886 2829
5011 234
3772 2202
6401 7882
425 1579
6461 3381
3038 7363
4950 7381
432 7371
4990 2720
7202 8159
7458 5897
6224 7659
4825 6971
526 7909
8335 3567
3561 2726
6421 4675
4042 7772
4318 8193
633 637
817 2048
5551 2221
7724 8441
458 4627
8026 947
6115 5099
2102 7382
2431 4795
5213 315
4072 1993
7455 4750
4152 1173
7543 6972
2868 4759
446 7003
803 384
3244 8298
8467 5364
3766 1096
214 310
4393 7363
1524 8283
352 8343
1147 3762
4391 3139
1249 3065
2468 4675
8253 4064
1029 1156
4983 1234
6596 5555
440 559
5800 5781
2862 8193
1401 6337
4 982
2080 5049
161 3003
3923 8178
5316 2349
2533 4212
4070 6130
4418 3761
4119 4955
271 4177
7016 547
5269 4066
5754 353
1282 6040
4213 4415
2164 5652
2249 2525
2365 4052
578 939
1511 35
4112 3523
6024 891
1157 1802
5432 7889
4845 643
171 3926
1495 2485
3712 3605
1159 3700
4852 813
4486 1403
3190 4608
5973 4315
8480 6908
2334 3519
8402 7912
6898 4909
6454 1160
4963 4517
4508 2220
5392 3196
2592 219
6452 3648
5190 7684
1169 7068
5865 6091
5186 7911
1049 8233
8385 1852
3009 8084
1140 4454
6633 6875
7373 35
8005 7575
6853 6987
5424 3190
500 192
4741 1083
6172 7683
6045 7483
1367 2288
6010 2601
5828 663
6979 2746
8476 1915
2045 5430
794 2501
5820 3325
3440 2552
1806 5872
6499 6653
4810 5175
6918 8222
1674 3327
6455 6402
4507 6000
5510 2996
3887 67
263 8002
3152 4456
7933 5898
801 5082
4316 4150
1270 4177
6931 624
1202 2749
4395 5596
8407 3287
7810 6419
7323 8228
3729 1650
6356 5717
2222 1210
8495 5510
7248 3383
596 1147
13 300
7160 5859
251 171
5309 5632
1991 4758
2152 720
3025 2307
8470 719
4295 987
3824 4683
549 5978
1752 5743
3498 7094
6565 8195
1560 6874
4159 1089
2416 8157
4137 7918
5362 2720
6669 7907
1487 608
2259 1260
4930 4225
5178 4895
8199 5036
4049 2705
5830 6847
2138 6227
3468 877
3976 2337
2966 8226
5067 361
977 448
905 7990
3819 7567
6594 7494
3688 2285
8133 875
728 6393
7243 6991
5116 7699
1754 849
503 883
7992 4391
6176 6797
4925 3856
4689 6887
7403 8097
5078 544
6597 2812
1314 3955
3278 6995
264 1593
3898 6283
5282 3983
43 3142
4596 2837
1059 468
305 496
5389 3418
5057 2695
974 6856
3071 2843
7657 3640
94 4773
3815 6816
6711 871
5738 5494
8345 547
1151 5379
5319 5529
7989 6640
1251 6293
7913 5207
5208 6529
5089 3985
5992 8126
2351 4906
5904 6805
1405 6962
1715 1110
1400 5497
1706 1954
2015 3623
7696 535
2412 5191
6947 1166
3594 4108
3489 3040
3348 370
3141 6600
5985 8221
7976 1212
2408 197
2136 8338
7519 930
2733 3844
7801 3357
4384 5913
979 870
636 7760
1130 7112
4501 2227
1218 3811
4317 4502
3505 6561
194 4228
2536 4595
119 3168
4804 6394
7995 8370
7634 4482
4621 3741
163 2115
6907 1357
7225 2797
2255 5458
2172 4062
7391 4891
8270 1996
2876 5571
7827 529
644 2341
1800 3078
5243 3794
1301 2959
2053 2068
14 3514
6326 141
4505 3658
7923 5495
6381 5498
6255 59
4718 5859
1472 2353
7282 4575
8162 4901
3175 1975
2570 4914
6980 84
5351 286
7971 2391
6386 6646
3808 2339
4260 5608
5581 3123
613 3608
6584 251
7189 302
6680 2341
5725 7084
3513 3567
5126 1975
497 4321
1482 2210
6054 2688
3419 8476
2218 6177
5321 8128
5839 7282
3579 6320
8118 3006
715 5277
2849 1049
3012 1434
6358 8129
8192 3479
5488 6680
1476 825
7817 2659
2232 5234
2441 8253
7847 1665
2667 5220
4958 4597
3697 5688
56 658
3207 1889
81 4777
5153 7889
4622 3129
897 8466
1017 8063
6128 4525
5487 3751
2885 822
4320 491
4932 4362
6013 4577
1666 6405
4168 4318
4842 4427
5765 3181
6819 6984
176 2114
8161 805
2828 6416
6906 5734
7920 3396
2757 8398
4636 5280
3724 4101
2605 1480
8458 3206
7534 8210
5020 5844
1080 7422
899 7199
4518 3057
5218 7618
6472 4354
6146 6494
2979 853
5206 6238
7753 7724
8021 4700
8197 5664
6482 5410
1657 2698
3180 7736
4867 2735
6679 7078
1062 1441
7368 580
1587 2596
536 8276
6162 1109
3830 2926
375 620
1352 2980
7506 5722
6736 3776
6201 1388
5538 6487
3148 2568
8312 4139
2511 7454
6607 8224
587 3217
18 1256
3276 4913
2839 1913
6061 2720
2442 7345
6012 682
1274 8224
6914 6734
8069 6727
6475 123
3720 3303
2377 440
4048 3316
4672 2618
710 1439
3989 1916
4080 6018
560 6679
3329 1661
5928 5055
6390 1332
3047 1609
7530 5181
5636 3829
6821 6475
8208 5814
2645 6474
826 6788
4340 3452
756 6308
7375 4843
1397 3530
2732 1944
1758 6707
6648 7401
3222 4286
2312 4950
3399 8443
3193 5057
6022 3712
5235 5966
7526 8416
6276 2138
5740 715
2692 7822
5365 3148
7673 6649
6412 5670
3211 3206
937 7882
3636 1216
2298 4397
4816 1798
5880 5803
642 992
5139 920
4953 8318
7952 5392
2507 1099
1757 8153
8492 1486
2460 3263
2919 2647
225 8360
1179 3605
725 632
1914 2824
5163 5995
4342 4538
2819 3942
1255 4455
3560 4993
3485 7782
5853 4507
5822 4566
3376 7850
1963 7275
489 8162
819 7626
5150 2191
1444 1840
1326 7275
4314 2033
2690 6652
1520 4139
1867 3741
5130 192
1859 370
3991 3316
4928 3171
7343 8287
7738 1984
3968 2738
5030 6203
4167 60
1895 6695
7767 3458
3128 4176
6868 996
7717 3778
4098 5571
3248 7881
6709 6956
5332 2045
4333 2656
8473 3375
5671 1543
6968 6677
6349 6589
3227 2030
3914 1952
6210 3597
6458 5079
5391 152
7706 7644
2145 7290
3984 362
3070 3228
4380 849
2814 8366
87 3348
1828 4853
1542 1106
2382 1590
6714 2719
5694 3678
8175 3533
5104 6040
467 4205
3443 7976
2806 3654
2496 6500
1384 544
3550 7127
7614 4672
2554 2628
8168 6256
1458 7478
6627 1338
7759 1971
7864 4896
6397 1774
2711 5555
1050 2026
1792 878
121 288
6216 4193
2029 7978
7590 811
5972 1868
5541 514
3368 4835
5924 536
4294 1707
2361 1531
4358 8168
8240 4928
7190 3409
3662 2106
2935 3574
4897 4194
8165 6696
5733 6498
6376 2974
7917 4762
3612 1800
4837 7721
1822 1934
4832 1267
1941 1041
2982 4720
1608 7591
7517 3384
5375 6621
1484 5553
610 4505
1022 5878
1507 4581
971 4852
913 7960
4087 5910
7260 3297
8281 4340
4450 554
2857 5983
7497 8134
4035 7847
6820 536
483 4925
51 1213
2345 6813
4470 5036
6582 542
3570 4701
6199 5470
3080 11
1671 3784
5745 1084
2454 5784
3002 7340
6398 2269
1206 7905
2120 6352
5527 1770
7982 4851
4400 624
6866 4532
1019 3209
334 5436
2901 6713
5356 5565
5256 3163
1992 7803
827 8240
1675 4828
7558 4336
6836 5985
333 5303
2247 5011
1943 4295
2409 7964
7283 1831
2477 6077
2009 7799
3525 7723
3718 1912
5192 5020
4429 7478
7291 3519
6806 6257
4523 5824
6348 6397
3322 6498
1235 5135
5787 7894
1231 248
6631 4675
2390 7200
7393 389
4343 6965
2854 6511
789 3676
1634 3263
1058 623
3814 578
8368 7484
275 4413
8269 2747
831 3741
7551 2431
6994 7976
7353 2819
1892 6210
4934 3647
7938 5450
6663 6717
7931 2681
5598 7971
8417 7684
4120 6719
2545 983
4862 2805
759 6776
6955 4576
7652 1579
8254 2531
6047 3902
1689 6307
3356 5365
7216 7208
314 6016
424 7648
5000 6238
8106 952
2342 7871
5977 484
7111 6080
673 2364
3924 4886
4297 3261
100 6330
2816 3390
1564 8455
6508 1251
8107 7534
6897 3226
1668 2883
7488 697
3317 6623
539 4941
4443 904
1311 6873
3463 4788
6043 8332
2932 1632
7487 7469
3177 6762
6295 5386
8219 834
6885 3830
4594 4771
5549 5020
3254 5565
5526 6244
1717 5475
1727 6130
3586 6991
2894 6618
155 4983
4244 1260
3017 5701
4204 3175
707 2107
4169 2628
4871 2382
6828 1282
5909 5849
7050 3732
8483 1944
6074 7460
449 4883
1854 4828
973 6570
7906 2142
5679 2993
7573 686
780 7019
4030 7567
4365 1267
7307 2359
8080 2919
2333 4464
5975 7392
5312 3798
6229 6503
1409 7699
956 2874
6100 1132
2297 5753
4912 6696
6103 4867
1161 3684
7441 3847
7658 5414
7730 2050
180 3162
6028 1140
6642 6498
8303 8417
3242 5351
1753 8051
8141 2322
7955 3544
4350 2645
5798 154
5926 4124
3023 1213
410 3664
5940 2738
5563 5485
3873 51
5433 672
4027 8111
4620 4612
4088 4004
1811 8179
6492 1618
1413 6005
4536 6977
2101 2
4729 2000
4417 72
2314 5135
2166 2191
4309 6722
3977 4150
4721 2769
5796 2710
3675 6094
7606 1683
3236 5872
5867 8495
8019 8161
2180 5465
5378 1110
7761 3929
5530 1595
3359 5517
2251 744
1570 7562
1488 5636
2237 5216
7044 6263
6554 598
3295 7761
3503 3405
6921 8219
4003 8376
639 485
7481 1263
5886 4825
2745 212
2170 5790
4187 5793
4077 763
6543 3302
3905 956
6617 60
126 3409
2946 5570
8020 5514
3365 7078
5070 5585
6052 151
5851 1553
1056 5852
1562 5667
1283 1031
768 1854
876 8368
5004 4497
786 5541
8121 108
4780 3023
762 5677
1108 1742
2842 181
6280 2120
4962 7715
2300 1591
2918 5382
2557 1579
124 7724
1712 5883
5065 396
2369 2248
3036 5903
5129 3853
2948 8266
4809 44
3304 983
5109 33
157 3276
3238 6229
7784 4247
7337 3227
1578 6645
7369 4332
8420 4194
5165 1381
523 4974
6183 1384
6063 3399
3099 4990
338 6220
4116 598
7967 529
1375 7480
5572 5904
2119 7974
5850 2336
1646 6988
4307 6358
428 1296
2577 8079
7284 4897
4702 5819
3157 8226
6896 5679
357 2775
6725 3138
2022 3375
5684 7090
3121 2827
117 4339
8300 247
1878 6796
4183 8322
6548 888
6311 1089
4590 6188
3256 6045
7023 4293
5361 1896
4614 7535
6038 7558
6479 5657
4423 2569
2822 5277
5196 4294
4337 2539
2117 7886
7888 5551
3085 901
1733 8192
5421 6508
4117 6876
2744 1532
6667 5749
6728 5821
1901 2413
1635 5076
6415 1807
5801 7850
7429 6981
7947 7116
2768 3634
8485 3241
7070 4746
178 1840
5115 7090
7141 1946
8037 1189
6387 4768
6715 6561
6435 3723
5775 3853
1466 7383
7926 8032
5640 53
6803 1339
1164 5849
5650 859
4617 5407
5744 4429
3484 163
4210 6015
4509 4418
2858 7917
1295 6592
5635 6809
1698 2680
2051 3062
7697 3899
185 2673
6784 3667
6302 728
5090 3043
3205 6216
7757 6787
3651 4
793 5769
7172 194
416 8192
6341 2000
4827 5541
6892 3747
3610 8442
3493 8482
941 2420
3907 4386
8278 1017
5427 6920
4388 1807
2440 1630
6313 420
111 6607
3603 5745
7246 4462
7004 1509
1135 6912
7362 4398
2709 4092
1658 8175
926 2896
7448 3243
3195 4133
4140 4573
7554 5089
364 8245
5987 7503
2990 4573
7293 2037
6839 2724
6506 7926
351 3684
2372 8174
2452 6671
2578 6593
5520 5207
6322 1726
7579 6498
1559 1260
3601 5819
6699 4435
4947 7905
7102 8467
202 170
5837 2569
2755 7906
1313 5198
2165 6955
1152 6887
6721 5743
3259 6448
5874 5697
6433 5417
1653 3482
7873 4574
2368 4821
7557 240
207 2312
1351 3905
7791 505
7522 1981
8077 4636
2852 1069
488 3057
405 7917
377 3053
2995 4617
7108 5571
112 2665
7582 328
7251 5379
5413 4971
3562 7128
4841 3627
2386 5923
2087 616
3800 6839
4311 4775
4520 7419
6555 264
7490 6489
460 6468
7593 5534
1986 710
309 6278
5145 7089
6553 7813
7062 7673
8469 2251
1392 3179
5026 3310
3476 257
7379 1472
4876 635
602 8168
7059 6578
2032 247
238 3572
1435 136
4006 3945
4411 577
7538 7454
4693 3473
4879 2454
5146 7135
3947 7730
4599 3551
4243 6260
3786 7754
5943 7688
1221 5680
1819 5973
1815 3054
628 3761
864 1609
4322 2213
8054 2479
6753 6759
5005 8489
7133 5903
3267 3059
3369 8002
3753 3702
3305 542
156 7368
8140 7490
6826 4419
1972 1885
5110 635
3904 4858
2331 1533
7505 692
1285 7924
3280 6787
4893 1255
6021 4307
5868 7939
1407 2220
8186 4638
7825 6043
5349 7028
600 497
2694 2317
2522 2812
8301 1811
8050 2271
2122 3995
5791 1757
6953 8202
5444 5585
7621 3184
2708 1026
6882 3321
1749 4457
5162 7832
4534 5837
4910 3976
337 219
5314 4457
7439 432
1141 6822
645 1973
2871 3320
7457 1748
6569 4528
2560 1618
2516 1270
3 1759
976 900
6231 4587
693 1078
7304 3650
8008 3501
6934 635
2466 4594
872 6698
3035 82
4269 3457
3897 5707
985 600
7209 4536
2603 6554
4885 2603
5143 3748
2141 2849
4692 4125
4381 1554
2952 7614
3509 3768
4684 3717
7099 6977
4606 4333
4172 7571
7431 3226
8035 7782
3839 7178
3449 5164
6175 8362
3569 3578
5920 3081
2130 966
6299 7353
6810 8134
2072 6861
2750 142
990 932
5614 560
4715 608
6884 6308
7639 6588
6418 3651
2976 2452
6133 4098
8379 4591
893 2471
6017 2823
2325 3073
3890 6747
3590 654
1122 3582
8464 6872
8001 992
2303 8183
7690 3855
537 4783
5582 1006
2149 2647
454 6091
7066 2321
7666 293
2360 2172
3096 3979
2861 3495
7115 163
8070 3266
6090 3603
5827 7887
2046 972
3487 535
8387 95
4578 3918
7549 5572
5540 362
3790 7595
3972 731
8071 4469
4263 7148
6290 7193
6756 6974
735 1144
7963 2929
6466 1059
8075 172
21 4398
1718 1995
590 4808
4222 7798
2239 4342
3111 4839
1927 2068
4708 4909
5440 4429
1232 333
2759 5746
6781 7825
2654 3068
3013 5691
6659 6457
2872 3262
5250 7841
2953 3262
7844 7375
2810 7189
5156 4311
6192 3605
1649 8133
5061 6381
7013 99
617 6137
3936 1492
5074 3078
390 4162
5350 3129
6800 3871
5093 1283
804 849
7665 6271
1736 4120
8429 7733
7737 2720
8190 7886
160 2359
7865 7720
7107 242
4499 4678
323 3468
3817 5988
7501 5624
924 6974
1483 7202
6477 5444
6832 7673
7313 6500
1994 5115
3858 1339
2428 1435
3166 6334
769 7267
5895 299
3235 3518
2813 8229
4944 3369
3893 5273
6440 7033
8104 8253
4347 5943
2371 2831
4709 7088
1168 4196
90 8151
1154 416
3961 915
3269 4970
4801 4781
1503 5539
7859 1173
936 7351
29 3203
7276 234
1778 3647
3362 182
5142 7806
1887 5109
3993 8348
2231 8003
1010 6643
7442 3276
5394 7597
6923 6809
7765 2690
6383 1382
7703 6679
1145 5402
6782 3243
3516 2025
1622 6244
3109 2952
8073 3278
8217 6738
5524 3815
6092 3736
8424 5379
2624 6206
5434 1387
4308 1087
6915 3517
685 2629
4024 537
4629 5362
103 8183
4506 2452
783 5917
5785 2814
4494 1411
5706 2874
1691 5459
6568 7753
1677 5405
5556 331
186 2997
441 7101
5301 7757
4302 2546
3886 6872
6913 8297
726 3715
4425 5808
254 8367
7547 8224
4556 336
659 4071
2110 4471
4665 8259
5360 2394
452 5927
2790 1283
4303 3454
6112 2264
2753 329
4631 5988
7123 3721
7875 6249
5042 2568
2124 8348
284 3216
4491 7096
3008 6779
3930 2209
3219 5850
2272 4229
5492 5087
6741 1997
5051 3582
7849 1475
6082 3138
1589 3421
6985 3739
6512 5795
2801 3334
2734 6803
2392 6837
5260 6589
7242 1304
7707 5333
7022 7108
2830 7141
1930 2874
6442 5963
6963 5042
2246 4294
2936 3504
1199 8189
1462 7737
534 5680
3938 223
5862 4276
2489 3892
4555 8148
5393 1670
2730 6506
6720 1419
6575 2462
816 377
4969 4436
8375 7852
1873 5081
5579 2456
470 5270
2921 1850
1888 4769
7122 172
6928 1607
1092 8148
3613 6920
7890 8059
5568 1404
5428 4048
6190 6871
5998 2183
538 4621
5855 3718
750 4485
683 6214
3407 3692
1287 3287
5239 7534
6948 1570
2008 2259
903 4520
2870 8112
335 1265
367 4229
2967 2145
2541 2339
4174 1633
4918 7143
2612 7774
7514 63
3462 1277
4541 2695
4081 803
7993 3798
5531 6062
4882 1364
694 2082
4985 2145
6350 7447
739 6449
3296 834
6141 3781
8358 7884
795 3736
1704 4507
6488 959
2306 3929
5157 4195
4854 6963
5996 3569
4267 33
8451 704
1535 2950
7414 5091
902 8354
2028 637
6729 4470
1746 4515
6439 7653
7613 1493
6179 6472
7287 6896
4567 392
1848 5315
138 5457
1808 1147
7341 3157
7195 1733
27 6179
2580 4417
6775 4198
2576 7751
5112 6001
5131 7323
2090 8085
723 6664
6076 1651
4887 2641
3371 6832
5869 6448
4733 3405
3026 5324
1735 4172
7493 4665
5304 7056
2203 7997
5771 2219
706 2930
1426 8043
1494 3337
3437 3538
1427 7641
2602 72
97 1535
997 5783
5766 2334
2615 2115
2706 2359
3112 6010
1308 4165
5105 1308
4977 3062
5965 7081
6136 5068
4868 1401
7910 7670
3869 3714
7928 2479
394 1435
3425 1850
7120 4081
7991 1971
6534 3602
7698 4863
2268 6868
2646 7254
8076 3952
3832 1930
4407 3072
7249 4147
1552 6548
779 6358
1074 6038
5633 3829
6665 4494
2927 244
7998 6474
812 1425
6456 8278
6114 2770
3963 2831
8419 5081
7617 5960
7726 7345
2519 5070
844 4989
5125 5532
2644 3890
6855 5868
993 2732
8067 6037
3895 3729
6651 6704
916 5921
4032 7230
3255 3752
1557 7567
7169 6054
906 1636
2985 4897
42 5077
3187 491
6769 5986
3455 501
3268 7505
1460 113
1731 713
2780 1942
1013 7429
3446 799
7477 3068
4214 3524
3557 6845
2309 3007
1760 5633
2675 634
8247 373
5415 8270
5050 66
5295 1263
5266 8039
450 910
6501 5684
8113 4625
7756 5850
7748 1511
7643 2301
4537 3458
2056 1672
1497 664
397 4625
3319 4026
3701 5497
701 109
1530 8248
6641 4949
7677 884
6445 7225
7167 1486
6818 297
3022 3259
327 4633
8452 4488
6262 2268
4504 4974
7954 5190
1184 5483
8181 7723
4175 1182
6158 8195
1823 3564
5189 81
5925 670
1723 4032
1003 131
3229 704
6184 1503
5251 4692
5021 1638
2162 5180
1421 7943
7103 6029
6317 2976
3465 6345
7578 6769
5222 4031
833 7710
4334 4087
5906 1208
675 5000
8167 1607
8090 6351
8255 8323
3749 201
7450 2087
5431 3562
741 3794
5357 1630
8302 7266
6239 792
4531 1015
1932 3642
6365 1361
3430 4874
455 4352
7388 3318
5409 6386
6248 6071
3988 6894
886 1289
3020 7393
6969 3320
4242 7
584 2266
5616 7822
6195 7674
7541 4028
1918 1282
2240 6402
7619 3759
5724 6840
5845 2159
1940 3574
4136 5391
2540 7480
4946 3539
5296 2709
8187 1003
5284 2494
3927 2825
3101 731
6155 1444
1044 8135
5750 5612
7301 7266
2617 3697
6378 1207
7223 3963
3621 4973
3740 5735
7124 533
8487 431
5310 1903
3277 1446
3208 4212
1436 1332
7872 5819
1171 3136
2057 3966
2635 4658
8029 4162
5908 107
3894 6170
4772 27
6182 6608
1192 7846
5700 5036
2108 6254
1708 3325
6624 5750
7830 5801
6563 6898
7332 3102
3233 569
6059 2809
7372 749
4931 4253
3406 7911
5063 3111
5461 3914
4163 995
722 7654
3456 6946
1620 5851
2292 7971
4164 4472
2642 4309
6165 3364
2989 5394
6385 6374
5352 2659
5134 7057
6315 3035
5829 7943
7958 4247
5151 4925
5255 4256
7661 7894
4714 8407
7136 1170
6933 7250
7234 1384
6764 6766
5231 8483
7705 2191
823 5325
6171 551
1102 3785
7752 3812
2975 3857
5755 7062
1574 8421
1711 7983
8477 399
1082 2251
605 1724
5916 592
6740 7457
6703 5314
1556 964
165 408
1023 5332
2075 6082
8413 6984
919 2249
8447 8221
4368 8458
8319 351
7427 7610
607 928
5980 6113
1005 7542
6362 284
1519 6416
4921 5514
2484 137
8058 6979
8304 3523
2978 2385
3531 7736
8052 693
6566 7665
68 663
5140 3571
499 360
1303 3530
774 7758
2059 5622
7170 8283
3417 421
168 3610
1281 588
6152 1407
89 4391
5247 7617
135 2053
3120 266
3182 1116
6200 1521
7233 4102
1035 1484
1504 5601
1613 4984
7486 6177
6163 4254
7203 8149
3735 3619
492 2015
4181 551
2077 4109
4237 4442
7224 6643
4888 4641
1368 4497
4404 446
4335 2695
5066 3057
3852 3821
6581 3224
4008 8113
3846 4555
4569 1368
2376 6015
3250 7319
5007 1450
6088 6965
7241 6696
856 4627
7915 8299
69 6574
6970 2641
8381 4513
34 5542
5777 3819
3052 4845
2958 5112
8484 1996
3917 1556
2846 4741
7097 272
8307 70
1514 587
2763 3215
2286 5682
6159 7793
1030 1531
6792 1766
2542 3952
1866 827
2718 6526
1176 83
6042 5524
5236 7382
2402 3778
8227 2033
101 756
3727 1755
6538 1145
3553 2445
6389 1938
7531 3557
1052 523
2356 5795
4824 5009
2040 3054
3033 7937
8036 6406
7633 4321
1394 5849
2459 8291
4530 102
5537 1644
4053 4219
285 1194
4132 8159
2841 2332
3755 5362
1911 1342
5106 6876
1529 7464
4797 2060
1582 8127
3260 3369
733 715
3470 672
7739 4721
4847 7798
3943 686
2100 3526
8093 6578
1002 4768
6485 8188
5215 3218
8100 6211
1018 4182
1113 6182
8194 2475
3841 2448
7669 4578
47 5712
5496 1003
5794 5876
7504 7141
8099 3637
5132 5959
270 6540
7344 6871
2503 5626
6281 5768
363 8429
862 6455
1857 2979
4271 2020
5683 7325
8432 5586
2001 990
4767 6581
58 1122
512 2603
6396 404
236 7877
5968 7661
7607 6755
4203 1427
7177 4399
1266 3203
5372 2429
1253 1268
3520 5138
4546 735
828 901
3264 7405
8459 3404
7569 628
869 2558
1502 6007
7789 2313
4540 2096
1594 8389
320 3640
2273 5473
5567 5749
5184 4944
6546 5403
149 4402
5012 302
3825 8313
8363 3484
4875 8136
6732 632
3165 6589
3820 3215
8083 1649
6204 1996
6031 1318
429 2805
7834 231
5442 7926
5797 1255
4799 7840
5200 5110
8108 282
2586 2298
8095 7683
7235 2757
1225 7373
6140 4704
341 7027
1836 3157
3385 2775
308 1572
6185 6920
2760 3458
4113 3427
1956 4500
1805 2540
8030 5398
2910 888
5884 6191
4063 5019
2098 7120
6760 8221
4892 1712
324 7391
4748 3378
5128 8304
218 4515
4735 1084
386 6733
5221 1234
7352 4007
1032 2809
5946 2581
3340 1096
3725 2262
5053 7778
7186 3529
5185 3035
8468 3718
4326 5181
1328 8495
3542 4949
6368 3701
2410 3775
7695 7459
3511 2647
1490 5159
3920 6723
3795 158
857 7657
7119 1192
3108 402
3160 5844
1616 8175
6366 3594
5560 6953
2144 2118
4857 4715
5479 161
908 1181
2158 4387
829 6117
7011 5009
1033 6935
7367 4524
7043 2659
5160 3209
508 5261
7342 3091
8251 7254
8284 3976
615 5969
4732 2468
687 8072
8356 2560
840 4819
5482 4029
1982 1756
464 1344
1605 7951
4813 287
490 3813
140 277
2401 5479
7339 1634
6070 7284
7935 8084
3672 7795
5953 5255
5385 6415
3992 44
6668 8356
2875 4555
5211 7915
4157 4270
1383 7486
6331 7612
3999 7721
1865 7289
2373 7222
6465 3561
1764 2014
4351 7605
6890 2006
4770 5145
6297 7068
7095 3042
4664 1795
6999 7277
5993 657
2055 3277
585 8378
2486 6094
3540 4183
5313 7134
2898 2920
3459 3256
3491 1164
8158 7249
3197 1754
7946 202
4060 4470
5334 3152
557 776
7671 2757
8399 867
1396 7759
518 2935
7444 3158
4776 7487
5513 7965
1705 1035
2474 5800
7836 912
6129 2335
3982 5855
7461 143
680 3216
5761 7114
1042 7094
8347 7352
345 8270
5223 5767
3954 2455
5758 4506
1120 8483
8109 4050
7446 711
3957 2649
4698 6721
1863 8149
4582 7089
8062 7879
573 3747
5653 2097
847 7070
8463 6487
8317 2315
3037 3413
6469 5391
6523 1735
8491 2227
5373 1176
571 3812
5283 1265
8310 3816
3719 1955
2395 3148
5799 4573
4978 3561
7574 3475
8373 3434
6364 3551
6870 7140
2483 6915
4331 2144
1365 7534
3156 219
4786 857
5120 4042
618 725
4086 7049
3859 3723
6670 5134
2693 3670
7404 7108
64 5358
479 1850
280 488
6039 2204
3106 3018
3632 8099
5893 1991
4123 403
1652 1032
4719 7602
4585 712
2766 8058
2604 4429
6424 3692
5990 7275
2167 6656
3891 1043
7024 3481
2543 4437
2436 3814
6849 6204
7953 6007
4248 1035
4328 1096
2047 1521
48 7058
4055 3716
2147 6035
2707 3279
7524 8185
3370 2246
6619 8143
8006 4649
5337 6108
2083 3215
655 5321
4467 4248
5177 3028
2112 4256
6998 6341
2630 6563
1448 7552
5778 3938
1979 6668
65 7481
3230 4858
5167 300
6527 881
6095 5010
1500 2163
3722 4903
4323 3036
6625 7879
1459 7707
4833 3931
2049 6641
3592 2635
6678 5928
382 3092
7985 6496
2808 3524
7281 4024
6333 4647
2589 4873
5276 5824
196 7997
1477 7338
8098 5263
8213 4229
5508 7029
1453 5722
2850 4357
4453 7148
5613 2339
3604 6713
2242 5041
8337 6108
4548 8247
7473 3524
8000 1973
1629 5968
2487 833
1784 1689
273 3510
6901 7044
2701 1533
6301 4121
1343 1214
2756 6892
4498 7558
2109 516
6101 756
3756 7417
880 6467
4434 244
6672 2735
4655 1308
5339 1293
5445 5814
7587 1089
2093 5378
4075 8212
4239 8040
6135 5276
6657 7680
8461 3894
2267 7480
8120 7136
147 7457
7981 7275
4000 7736
2972 1161
1374 547
5588 3986
5838 2221
1335 1584
8454 8187
3064 5074
6357 4666
2310 3456
252 1726
8242 5185
6324 8375
366 1789
2944 841
6223 6348
5739 7767
1512 2685
1408 4296
1129 1915
772 3259
4731 1727
5232 4564
1452 7097
7015 7044
5335 2096
5447 7814
1112 7236
574 1472
7255 5077
5807 1291
7611 1260
316 3999
2370 1533
98 1179
5046 3585
778 8209
5889 704
37 6928
5306 6796
2614 7643
4723 701
681 1977
74 5026
1969 2542
6541 3318
8018 4918
3212 7514
6279 2255
2176 2802
8196 280
5368 1560
1345 4087
1558 3203
3051 2701
5863 81
951 3597
6620 5883
7540 5744
583 3739
611 1954
6197 2684
2207 1147
572 5369
6102 8128
506 2832
5737 6211
105 4525
6690 7414
1373 1012
5174 6805
7516 2770
1796 3086
414 1895
4468 4972
4047 6463
8305 3901
3996 5472
999 5074
6877 4799
5566 2343
4764 3200
1626 5686
2964 5123
7035 3360
3076 5482
2691 6193
5259 654
3652 5225
7331 433
4403 1338
3380 3993
31 822
2574 367
5649 2852
2116 1474
732 5133
4377 6365
1177 2587
8290 570
3617 6734
2957 7332
7436 1482
4059 235
5947 6562
1794 4142
7999 6354
5212 7016
6034 2769
1606 8073
5806 2370
278 6646
662 5008
7510 8412
8061 1694
7336 7664
1790 2178
301 342
669 6898
6166 2110
5732 1719
8346 1670
1540 2995
3870 8026
679 217
8394 1219
5119 5711
7430 1532
5899 4431
6864 8162
4519 5455
6751 5025
5262 5555
2192 7877
3922 550
6622 2020
3588 3401
7206 1512
7126 7089
7364 6866
7625 8255
852 6257
7577 2122
5559 3719
1900 1051
7637 3426
5952 4560
5931 3579
8204 5526
3704 3842
7295 3610
2186 3729
7537 5258
5052 5491
7749 7582
7296 6537
6573 321
1377 3175
3792 7919
2265 88
5080 3194
177 4689
6444 4901
3669 1902
6611 364
2329 4164
3289 5775
5299 7697
6221 2220
8057 3564
2697 212
8486 2086
465 321
40 7321
5846 756
2193 1870
387 464
2973 7131
1536 3073
4250 694
6886 3203
5981 2235
5525 1753
8272 8349
7532 2162
6957 2512
7949 5900
6319 2423
2375 4718
6922 2957
3909 661
6879 5810
4580 492
3691 3100
5641 7178
5625 6019
7994 7131
1300 1487
1191 4819
2575 7609
1215 5412
6153 2714
2528 4956
5731 2800
969 4632
8103 7715
3935 6315
1380 2432
7927 1620
6777 4961
2860 7618
5047 3052
5956 2688
5663 1514
4416 1436
4656 1487
8078 2255
2741 2198
2625 4265
6675 8170
3170 4936
4383 7616
3655 2001
2405 6966
8023 7674
4058 3473
3980 6195
459 2075
5454 5433
1573 4265
5418 6246
7380 5512
5489 726
4375 1076
3234 6059
2820 6900
96 3718
6347 7795
5205 7387
6635 3835
4814 2500
4252 4612
6300 2759
8191 3812
2004 2015
1440 2943
7239 5075
5035 5451
3245 6555
2215 4145
3541 4214
6517 6281
4923 8447
348 3425
5370 2965
8351 5385
3789 2710
256 5375
2772 6787
1769 723
8280 2310
1355 7068
3868 2921
2327 3953
7728 3297
7463 6742
4001 1592
1485 3498
3937 7563
4760 7408
1201 7477
4690 7554
6169 5398
4039 1162
325 8240
7220 1691
7667 155
1810 6184
132 673
1038 969
922 6337
3547 537
1598 8118
1430 6552
4957 8312
6237 550
5950 7837
480 2498
7700 1924
1842 7018
1174 8467
5511 3297
5056 6816
6730 268
5506 8412
1835 1250
8238 5919
7660 7729
4074 781
7687 233
1922 3711
7496 1562
4094 107
2909 5132
8 6367
4406 6387
4046 6914
481 2247
3314 1352
8279 1334
71 6563
2717 1501
4995 5478
6610 6232
6960 4798
1989 5069
2295 1083
798 5527
954 2946
2258 693
8326 8266
5599 6721
4668 6012
1544 8079
6450 6232
2450 4707
8474 2162
1139 7368
4131 6845
1925 7324
7599 1032
8082 6312
6838 6313
4189 1074
7204 271
7523 483
3990 1251
4703 610
7207 1593
695 4174
8137 725
1410 767
1548 1266
8365 3861
3645 8436
4571 2264
2855 7033
796 6953
1412 3144
3097 8061
3626 470
4285 6880
5249 7887
6178 127
8263 4524
6342 694
2925 2292
3291 2622
7410 4835
2914 4389
5954 3893
2815 4336
1183 1718
7156 3787
581 4045
204 1703
958 4084
3019 5182
6118 3794
7936 7779
2835 8210
8403 2452
4010 292
4651 6601
5308 4708
4728 1830
6865 5529
5752 7820
474 3884
3174 2954
7146 7837
998 5684
6014 4028
3031 4340
3087 1605
8211 3004
7215 1300
8152 2409
1780 1366
6235 5815
2038 617
8309 8181
2606 7284
5227 8024
4338 1429
4676 6720
2284 7538
5288 6731
3680 4910
5643 1041
6602 3725
7987 7269
1393 1366
5888 3255
709 1104
1775 8319
5449 6069
945 7603
7940 7249
77 8159
3119 1044
8478 7066
3944 6043
5736 1313
6790 289
3388 4199
5550 6353
4743 2523
8132 792
4240 6159
6134 4708
6097 5513
1356 6339
4917 4515
7263 5908
5651 7517
7645 2525
3433 2228
3875 5688
5463 6333
4341 5222
93 3029
7570 4476
7002 2186
967 2182
8274 7584
1923 6010
2758 3538
7763 7433
6943 2507
6628 2337
5086 1625
114 5362
1931 8114
5204 4157
5294 1657
1100 614
1679 4583
1743 6736
7365 2735
3202 1678
863 6485
2027 8078
6361 441
3863 4484
6086 7343
7833 8388
3403 5207
3682 7224
541 1992
3030 6735
2658 2159
8311 487
3512 6035
5285 7048
2447 3394
1438 4931
23 193
1217 440
4061 6651
6795 1057
986 4698
5307 1058
6925 434
5533 971
8286 5745
7511 2486
2859 6725
3132 889
2696 5798
5877 1137
7996 5506
2438 3394
2465 5468
8329 4450
4926 441
7588 6652
391 3034
3522 2090
7768 6828
8034 8388
7183 2553
6505 2815
2190 8180
4096 2288
4255 5464
7805 5288
652 4468
5501 722
4371 1344
3127 2644
430 7623
5230 2941
2903 3694
2499 4183
3807 6973
946 3022
1423 2816
1233 7954
1599 7050
494 1697
8374 6511
3336 7754
6009 7958
6754 4542
3591 8019
7818 2545
7631 4744
4036 119
4727 783
3090 730
2799 8487
760 5279
5936 2457
462 6049
3764 27
2380 4550
7929 7946
15 981
7400 6764
4869 2325
6072 1678
5554 6115
7984 2048
8047 3128
4543 7476
7298 8135
3114 4398
7479 6038
8422 456
962 6854
4717 5053
4699 4263
2177 1207
7868 2361
1637 5598
6056 8368
1747 4191
5991 6988
6425 3054
6164 4463
7077 777
1962 7868
6763 2206
3027 7449
2555 5677
8074 5613
7502 5919
3232 4921
6408 8300
7824 180
1964 2780
5062 1192
3326 6393
4287 5638
5699 7070
2104 4311
3535 3613
3974 5675
8401 684
5788 4515
6878 4203
5812 5331
3616 7534
1024 6053
3082 2505
8400 1522
2387 890
4069 7664
1195 352
7786 3561
7734 3248
130 682
5374 1739
92 7758
3351 8130
2508 6780
3389 3394
1034 3157
7274 407
4987 7629
622 5878
8124 3601
5770 4319
8414 6059
5911 7148
2148 3796
7561 3097
6902 3859
359 2578
1692 3482
8445 1825
128 4726
6233 2513
368 2584
3699 7502
7831 3268
3554 4143
2044 1989
2134 261
6309 708
1117 6054
3777 3585
8457 244
8475 941
7031 4546
8488 3864
8169 5988
4840 3470
4522 761
7770 7173
8260 549
371 5040
4327 5424
4473 6534
1947 6947
2776 1690
5059 1885
4807 551
2510 4678
5656 7024
4745 1235
369 1558
2887 1248
1838 207
5293 1907
7047 4728
2998 14
2660 3079
7980 4672
2986 5031
942 5216
8038 5316
7164 1301
6432 3392
3734 8122
4288 427
648 3923
3599 2129
2793 2513
3837 1159
2011 4660
4034 7683
3657 5863
3783 2536
3350 8466
4749 8373
2111 453
5233 5293
8409 3794
1496 3012
5757 5002
2052 3256
1935 8061
3555 2462
7453 366
1987 4620
5907 5759
2583 8243
174 6146
4114 7082
5955 3211
2424 3385
7647 7984
6410 2714
8241 6671
6967 2109
5118 864
4765 5271
2195 6774
4654 7059
2884 7970
8138 1972
3450 1170
3221 5337
2099 2583
1340 5075
1761 7498
7366 8268
5001 56
8214 2202
1359 7424
4902 5469
4202 5988
3436 6473
961 6715
8415 7173
7074 4681
6694 1865
8324 481
7181 509
3444 708
2938 109
1286 5190
5698 2540
5171 2721
7601 1921
2899 560
116 5993
8328 1180
4054 6791
7309 1511
6638 1594
6288 4821
5 3582
4829 3149
8184 352
167 6871
2034 5752
7231 2501
358 7296
1588 4274
8380 3392
6202 7225
5257 3146
7087 6206
7412 7011
6011 543
2913 3210
7962 7772
589 503
2526 963
7804 5883
5195 490
5905 4134
2319 4073
1713 5099
3069 2659
228 5164
3095 1152
4696 5805
32 1290
7171 2971
2939 2121
7475 4876
6443 6955
7253 3400
1951 7799
166 8186
7100 6333
1341 4289
4662 2320
3537 7082
5519 3931
2632 5019
7397 2917
1813 1834
3488 5315
3154 8270
5896 5493
2196 5476
1021 4338
1346 7446
2804 987
150 70
385 4000
5108 7845
6598 4069
2283 37
8081 7208
8289 7206
3324 5861
4420 397
6187 136
6104 7226
3344 7879
7792 5701
4444 6017
6126 8475
8123 4073
1641 4438
4405 695
4223 647
7755 6527
5317 7815
621 6467
5523 4442
7258 5071
2662 920
2128 6979
8437 8154
422 3029
7656 5442
1077 1174
1273 6192
1586 3236
2549 4381
3690 4624
2476 6132
2638 6071
5584 501
8088 5335
7468 5522
7228 3692
6831 1721
714 6802
6945 520
4188 5790
2211 782
1858 7870
5741 4387
2796 7952
3103 6479
7086 2100
1093 448
5147 5276
4421 5513
3805 2310
6292 3531
927 4433
7374 3680
7921 7875
290 8130
7585 1282
6107 1011
8450 7828
4301 4869
8418 7161
3397 7768
5376 3813
3532 2180
6321 7517
8207 1219
4376 2272
4178 3135
1725 1442
678 6576
232 6954
4111 910
1968 2335
7272 1393
62 5721
7153 4494
2208 1246
7443 7504
1841 7206
3172 4854
2600 3077
3803 6848
2593 6323
54 2618
5381 5571
5419 198
7839 4169
2146 2800
4935 553
3763 4308
2415 6082
1568 323
2686 8077
1864 7522
773 4899
8256 4313
8391 3114
3309 278
5727 1474
5702 3519
2817 8485
5967 6725
2088 776
7237 7530
625 1754
6700 327
354 387
6111 4694
1433 4879
1893 4400
1639 3306
8177 1758
530 1428
3301 2163
7895 2824
4082 5826
482 326
1302 8074
4736 6028
2564 1752
3067 6514
4110 4668
3021 2362
3391 4233
4849 6477
7346 3883
1788 2846
2105 5821
4246 186
1654 1485
3549 6103
7132 7048
4838 5937
6181 5755
1600 8322
2160 742
8016 4892
7440 8330
173 539
7271 4040
3366 7836
6851 2696
5484 2210
5935 3989
7675 1980
6869 673
6273 4264
5340 4966
6328 7692
3014 800
1890 7598
6055 2295
7691 1041
8105 1192
6676 2465
5404 7900
5982 7097
3850 2703
5176 2424
7580 4810
1793 3055
6400 2799
4099 6521
738 2541
7769 5670
3950 1297
3273 3051
3695 6192
7807 2
279 3864
8223 7102
3315 6014
7105 1171
848 3074
2492 1713
2566 8279
215 7589
6346 6397
7327 4791
383 5178
6032 3021
4173 8174
8339 7712
4277 5646
6437 3680
3213 2356
3674 7449
3889 1163
6841 2189
4751 3124
6940 1460
5535 2468
6417 6100
3169 7420
6446 5442
7608 323
6098 4068
7508 1831
8046 4325
1523 7785
8369 5131
6207 3836
7704 801
6436 2112
4545 6237
133 1182
8142 4520
7159 7534
5238 4404
8321 5682
4784 7131
2230 5035
398 4585
5719 7644
8145 4332
4304 1120
4610 5988
3609 5862
4817 1978
7788 7163
6834 3229
2194 6247
3987 6010
1832 3825
2005 5052
5342 3802
1236 1120
2631 8252
4680 6927
4493 4694
4129 5661
4670 3225
8395 1213
6660 5253
6744 2593
6478 6730
1456 3616
2908 5712
5714 2641
6532 5703
2648 296
1370 5931
388 3319
3143 320
6706 1390
8308 5446
8448 3885
265 5984
1185 157
2233 7511
2994 6086
7121 1756
258 3678
4646 2784
4790 7173
1525 1332
2400 852
5545 1225
1203 117
4653 4782
6245 3343
1767 2367
6392 6420
5290 1507
317 2314
6483 3159
4552 8349
3312 666
4911 5004
2550 598
22 2246
6786 965
5166 4987
5600 816
7627 2161
8139 6441
630 4323
6173 4519
4609 4976
7719 5526
2933 4186
3558 4412
5669 2053
1585 4958
6030 7022
2197 557
5773 2799
8471 5868
3500 883
1776 7117
4095 715
8234 8133
1312 2322
10 5684
378 5718
7694 3974
7213 1744
4592 2956
19 6545
7328 579
3424 4717
7878 1234
1839 1624
6860 3433
5267 5683
699 3245
7411 381
887 4862
6942 3937
6612 87
7857 5089
5637 7511
3015 5876
195 7197
5117 2551
7620 4111
806 2444
6404 5314
5043 4196
4230 5657
2845 5926
3223 1124
4002 6458
5875 5351
1223 180
1288 7338
3600 7756
7334 5542
4623 4873
1165 2878
2092 4979
7512 6630
564 178
6850 1116
7500 7383
7462 2666
249 1034
4428 4728
5028 7385
3104 8070
4257 2137
6143 5588
4755 7217
601 6473
2788 1496
7948 7315
5609 2251
5396 6175
1053 1168
3698 8374
2881 7119
1853 5531
1797 1599
3848 2806
5944 6528
6025 1789
2473 3470
3176 15
3237 2918
3765 2465
6686 7440
7300 2648
6486 1928
3477 6454
665 7645
2502 4344
8357 6137
6558 4909
8383 8161
8371 7031
7355 6965
1115 4500
7335 1703
6811 6038
8435 6760
5302 5196
4236 2289
5841 82
7843 8155
4826 6012
5016 6971
8015 7999
5831 8123
4465 6848
1463 4770
6395 6163
6180 4841
7499 8229
1877 7778
1362 2328
2433 565
349 1154
7425 456
994 6406
4130 796
7279 1698
1814 2628
1347 7967
3155 2803
4657 790
4477 7253
6268 5405
4279 3556
3188 7659
6685 8186
1611 3524
2150 1238
4942 1451
6497 3433
705 2083
1809 708
8325 2343
521 6692
8427 6970
6771 1302
4216 2379
4870 5553
6476 6652
1851 6876
1279 4322
3131 7298
1550 5318
5728 1903
2299 7909
7892 8252
1378 7763
1693 3467
5575 4769
5709 2993
1275 6065
6961 5524
3117 4642
3130 5536
1898 196
4273 8302
4626 6876
582 945
7240 1182
3107 7438
221 987
5654 6428
8027 1746
4016 7148
6372 3945
3673 4554
2472 3820
7418 4120
3633 4682
7109 1496
4943 4733
1684 6029
2988 5828
5406 8426
125 2059
5168 2755
1481 454
5705 481
5214 6664
7020 111
8014 7504
3239 7055
4563 6460
4544 5005
3286 2857
5486 8489
4401 5366
401 8300
5543 216
3900 4935
2205 8136
1720 8133
1667 5248
3116 7182
6110 1691
3499 4121
5169 2419
4345 4748
6298 4879
1299 7563
5933 953
8244 7776
1330 7416
7045 2328
2425 4220
7860 5024
1068 320
3665 6315
4761 4984
2773 3869
6518 1480
3386 2992
8446 6810
545 7352
2418 3589
7399 1682
6078 8113
7308 7889
2960 3470
8012 5652
7361 3454
5188 2213
1643 3634
6205 2642
6632 7963
2984 5570
4611 7091
788 1149
1148 3401
4643 4874
3192 7725
1153 3264
7358 81
8028 5104
5621 2811
4927 807
2767 7627
4818 7731
2664 3470
4722 1590
3358 1327
603 3800
8456 7253
2330 3023
8352 6713
419 8066
7297 4555
2135 3363
224 6327
3486 1554
7330 6399
4451 3466
5611 4639
246 4398
4598 294
1276 5673
1498 4607
7149 2360
2678 600
1527 3506
858 988
3011 340
4447 4517
2547 8004
6590 2534
1350 8466
8314 6285
5655 2530
5097 2461
8182 3390
5856 6832
1418 5119
4514 4904
5866 4958
1539 234
5422 6160
6824 3442
6138 5989
7796 8141
4374 458
7052 7712
1245 3972
3908 4159
1669 638
5629 2068
4211 4226
1198 4461
515 232
426 6930
7259 6224
1567 5352
6274 5072
4023 4680
2532 7227
5411 3544
3246 557
2280 5609
3606 5712
7151 5955
938 7934
1081 233
4844 5208
1732 3014
7451 2045
4982 232
4848 3978
2399 61
3997 5282
1642 6930
4292 6640
3960 3727
1376 2400
25 6907
8430 1172
8361 2161
4894 1594
7819 1351
1470 8399
4900 2822
6186 4728
696 4700
1371 5918
4562 7983
3818 3667
7273 5620
8011 978
1317 4164
2480 8309
6338 4998
4330 5660
3543 8414
3249 3120
1872 1912
3410 425
2571 6439
6409 8315
3573 5616
5729 723
748 1919
1443 4652
122 7180
1121 3217
3093 1902
6748 6583
49 5958
1518 908
5423 3175
3283 5527
5881 6356
4298 1716
4535 3173
6335 4953
2722 279
1680 4541
2723 4611
6131 1755
2699 2963
5564 7086
5044 1964
6287 3570
7395 5172
6369 744
3965 4681
3061 971
3328 6634
5149 7002
653 7047
298 7872
8444 6070
255 4212
1844 7320
8267 5025
7525 3665
6909 1397
5399 3799
1455 5423
4018 6166
3252 4178
1369 6832
2113 2190
7922 1521
7152 4005
7229 608
6737 7920
7904 2888
7264 2982
5678 3007
6724 244
7026 4946
435 2341
4558 5197
3580 4250
7036 8198
2937 1151
6910 1127
2934 7479
6355 5696
5606 5596
1750 7195
1244 4288
3731 3637
2270 250
6388 4570
2274 6998
4968 8225
4669 2960
3545 1779
7175 2247
7968 8346
347 4978
3342 6137
1060 3780
2915 6527
1862 1653
8404 3470
439 387
7145 1703
6804 3402
6067 7297
6691 3172
4937 4332
3183 4410
5597 7104
6705 5986
7622 6750
1193 2237
7842 4299
4065 270
6858 2159
4547 1483
4224 5479
7176 3829
7944 3533
5687 6948
7961 2217
1631 3694
2529 4515
1354 7698
8053 4989
5336 5430
5948 864
4747 1412
2863 5221
4815 2329
3876 3726
5420 1228
4529 934
7969 2349
3066 5953
8410 4226
1602 4339
245 428
2201 5383
6889 7590
3323 3575
6304 4522
6491 2732
3058 993
6708 6802
5032 328
3666 5965
8382 4007
6636 1207
2340 6544
1538 2579
1133 2162
2572 5133
4691 5270
907 2278
6057 4610
3471 7299
5481 438
436 1005
3041 5382
860 2714
7316 5948
1801 438
1136 5550
2074 7607
7545 4619
2281 5316
239 656
2437 5913
6462 7851
1479 2899
7009 3128
1816 151
8246 3130
7166 7578
3439 2716
6572 3274
2715 3316
785 3422
2125 7256
1066 3469
6536 2729
1710 6619
7005 6688
4800 3303
3874 5622
8377 871
5607 2555
7854 7028
6066 3386
7470 1104
7456 8428
1905 8476
1457 67
3843 3606
7069 2539
2062 4096
1196 2170
4141 8257
1884 5527
2661 5737
7686 7068
2655 2429
3951 1104
7548 7972
2833 503
7075 4164
2987 3445
1891 747
41 1289
5825 7739
1306 8323
2261 8295
668 5183
2002 4388
4756 79
8355 256
5693 6238
1875 2375
2293 4631
2490 359
7956 1957
6644 4821
7533 5382
1787 6114
2509 2807
7742 2770
417 2166
3387 7594
5327 287
5060 4529
6990 4242
2404 3854
3024 732
8147 5540
4033 7042
7157 6754
2042 6086
5634 2577
6251 940
12 4822
1039 583
5179 3411
423 5070
6829 7763
3622 39
1025 7076
3638 1686
7914 1274
6867 5146
4394 7095
5676 2044
6119 2711
2892 221
7596 7067
4933 4433
5894 6653
6926 1410
5716 6954
751 2305
3838 2614
7280 5856
8472 1127
6917 540
4135 1900
5674 1831
2627 5197
5834 3666
4877 7703
1067 6596
6196 2955
6484 3602
7714 8400
2752 1351
6924 627
7861 7493
3949 4629
1513 1037
7966 7518
5148 5558
1298 310
5557 7495
1709 506
8465 2892
2786 5489
511 464
5756 5457
8397 1531
3804 3388
6976 663
4083 8007
3349 6748
5094 3650
4215 2295
5480 1477
504 133
7428 5433
7211 8032
365 2594
1309 7635
2282 1852
818 2204
5593 902
6982 659
2344 6682
3298 712
5689 2692
7333 2487
6258 6570
6277 2437
1395 6755
5546 7404
7528 4461
5114 176
4067 1805
6495 6233
8288 1466
1095 7978
5915 5207
7681 115
7288 1248
2515 3127
6683 6124
718 281
2355 7293
2651 4223
4012 2445
7218 505
2597 1389
7174 3549
1379 4580
1856 2533
6937 826
5503 7132
3134 3634
8431 6529
4992 3604
1772 3579
3773 5205
7668 4382
721 5236
3948 391
7349 7964
6862 2368
2585 8028
2018 2011
5751 4937
7485 1115
2279 3493
3145 6127
3084 1625
1845 2245
7376 4868
4648 7217
259 8198
7711 2534
2291 3276
3801 7024
7196 8471
1294 5845
2366 1629
4155 2308
6830 4535
5818 1060
5272 2514
7709 6246
1045 816
6516 7072
7507 2441
3199 7402
3448 2509
283 5626
5730 3230
5101 6373
205 5526
4422 5446
6773 2816
5193 3718
6524 2857
4663 6784
575 8344
5961 4627
6606 6177
2671 535
8156 582
4390 6002
6123 2499
2214 8453
6447 4326
5240 7075
4757 887
7006 6769
7891 1536
4836 4367
2017 7611
8091 1209
6674 5850
7559 1744
1765 2823
2607 4437
6613 3911
2378 96
7713 2662
4458 721
8171 6636
743 6185
2067 7690
854 4065
7790 3029
1909 7440
4774 7589
5658 6334
6411 1108
6739 3063
80 6058
2019 3279
2877 3372
4551 4735
7874 5366
837 2248
1323 3228
7515 7063
5107 6181
184 5834
4952 2130
2241 764
2652 2607
4716 3973
7185 8443
4980 1707
7708 7203
2389 1335
896 2468
2520 3295
6975 1632
6571 4341
5648 6068
5882 4362
4490 2071
758 7166
4884 3576
2054 1350
7942 630
7118 4608
1728 2526
5201 6611
3290 3823
4013 260
3707 5356
892 4503
8249 2189
4038 5404
5245 87
6310 3888
8406 4234
4076 2614
1471 2430
1612 5301
8273 6746
7902 7472
2216 5835
8438 1384
2951 7071
7106 177
6157 7089
4440 5188
6296 1349
6008 2963
6825 5659
1688 7583
5281 1059
7679 714
3912 7255
393 1083
3189 278
5860 8164
2126 7290
1799 4369
5772 3433
5073 4716
1565 4558
5289 1878
7973 1274
8342 3791
3032 7399
2840 7915
2970 6995
7060 1826
8045 5060
7179 3731
85 1599
7198 5052
3793 5248
5864 317
8176 3472
5477 4153
6716 1446
451 5002
7130 4152
2187 8076
4180 4051
8173 3445
6567 6157
4753 4122
3231 6489
7876 4133
8481 3344
2787 1440
1360 3994
262 181
4480 8476
1664 3008
3198 7480
7565 7089
2069 5797
7489 6757
7162 3462
4459 6294
4044 2104
7318 6590
2795 228
5343 3096
6230 2744
6697 5329
4474 5739
169 1139
471 1313
7466 1801
7977 7900
1804 4299
243 6509
4489 2783
649 6253
6658 8248
6983 97
5843 4663
933 4442
1508 2315
4227 125
4754 260
3681 303
2212 364
2070 1747
4671 4552
7718 684
7014 808
6614 4447
3548 2333
7168 2244
1391 3795
8277 7977
6944 7640
1258 7257
6026 8405
6471 6393
1307 7760
5203 2378
6459 282
5103 3295
7138 4686
5278 1078
1700 4128
4898 6160
5237 2207
2023 1155
7471 7756
5400 3685
5452 921
3005 1639
8433 684
5471 7351
4737 5708
1763 2781
4360 3566
2066 4276
6096 7555
5976 5491
4589 5325
5298 2069
2893 1325
2818 4577
3474 5435
4278 7057
2131 7254
3879 3347
688 958
2670 1501
415 8181
4361 2948
145 6652
1623 3029
4446 8168
7750 3164
7539 320
3338 1397
6650 7320
629 7960
5127 3208
6844 3740
6531 488
700 5741
5922 1333
5158 7613
237 1348
1882 8430
7191 8212
6225 1363
1656 848
7672 4737
5945 237
3345 8187
7432 291
5292 4280
2260 5068
2977 5688
7061 3039
2535 327
2434 7132
6798 7727
5938 4657
2012 4034
8384 714
3746 7888
2393 21
50 3319
4483 2818
4713 7819
6493 8371
406 6490
461 8211
6899 8327
5628 7023
2229 6834
1576 7793
775 201
6778 661
8408 7277
4221 5800
5300 4972
179 4070
6 1447
989 1164
7957 2916
4414 6606
445 8282
845 5944
3089 1413
6814 6161
4929 7971
4025 3970
3113 4836
846 2776
7862 7014
7899 5631
6431 2679
1197 8485
7053 345
6085 7707
7409 6774
8048 2214
4364 2021
6027 4411
2139 2706
4041 3571
4792 3309
5102 2754
4170 7778
2302 3667
5460 1379
3265 3972
5692 1697
4618 1303
3745 1720
851 6595
7452 1171
4103 1825
6363 2602
7649 8329
3956 6096
929 759
612 7629
727 4178
835 4233
8022 7427
1264 7654
3460 4040
3393 7190
6718 7003
7560 4210
6167 7676
5672 4265
1310 7458
7529 8223
3412 5875
437 1432
7025 855
7744 8292
650 4933
4850 4872
7390 3470
6377 6733
3271 1580
210 8187
2453 4471
7856 2950
3307 3582
5323 1182
1415 1831
2031 1656
909 3087
7821 8004
7232 7974
1105 8469
5141 2799
2639 291
528 2678
6218 2293
7305 1037
2495 769
2065 2512
6106 6180
2347 8450
5813 4860
5997 150
1549 3084
7292 7468
5439 6365
950 7302
2296 2907
6626 8144
2396 1101
3379 2650
1220 3747
4674 1766
7896 3734
556 6038
5173 644
6997 2611
6316 2974
5029 1054
3167 1445
3598 7279
227 5566
4890 7727
2563 2823
4392 913
1876 234
1324 2920
4207 5377
2869 3864
6978 1008
2765 7411
2969 288
6888 7865
4466 1967
6547 6889
8439 3748
6911 6988
4738 779
4452 8234
5647 661
5833 6050
52 1952
2548 4643
3335 5388
3559 8109
4190 1643
4107 8241
5685 8285
1431 4395
2010 4391
746 1306
8293 5775
4282 8382
2294 4840
6020 5357
4565 7596
5615 204
4739 6010
1577 1602
1897 5670
1454 1298
3270 1705
2064 7481
7650 337
1107 3461
2383 6693
5274 2178
4079 5667
5194 4962
7142 2999
7261 5590
5577 5697
502 3066
5354 7635
3330 1116
5932 3760
1861 1311
4705 1419
5842 1583
4711 96
4115 521
6556 6030
5854 7764
5500 2994
5836 2851
3527 292
1970 476
3122 5033
4846 7116
7347 4862
7646 902
2451 8257
7781 4989
4156 4483
2013 8419
5809 5030
8359 3231
4960 1127
6259 3613
6360 3133
7932 4604
4661 6638
187 4756
4258 3990
2779 390
3822 7972
6520 7212
5275 4045
2537 281
4644 6009
1188 7471
7636 1519
923 941
4999 7268
6559 779
6687 8043
7030 7073
7247 5034
2742 2251
5286 4913
6710 7202
3423 1165
7745 5803
2782 4579
