8040
7 1260
916 7
2711 7
5965 2711
4260 916
4006 2711
1163 4260
387 7
7891 916
4062 916
175 916
2815 916
1917 916
2372 2815
3811 2815
4724 175
4881 3811
7057 4260
3016 2372
3295 387
7898 7057
2755 4062
2778 3295
5940 3016
5117 1163
5685 7057
4041 5940
5883 916
4345 4041
3612 4041
1457 5685
7534 3811
184 3016
5584 2372
4100 1917
3539 7057
3443 175
4828 7891
2249 4062
377 7898
1906 2249
6166 7898
570 3811
807 3539
6650 2249
4393 807
633 2711
6628 1260
6156 807
2575 2815
6884 2249
121 4345
132 5940
7309 1906
7045 6650
4597 2711
197 4041
4600 2575
3286 3811
280 2372
824 4260
2750 2575
6376 387
3967 197
1994 280
7700 2575
4173 6166
6033 377
4891 280
3744 6376
4744 633
7797 197
1775 197
1688 1994
7545 2711
5112 2249
1265 916
1813 387
4914 4260
3698 1994
7280 4260
4181 5940
5822 5117
2357 4393
3784 121
5362 2357
6073 5965
4110 5685
2563 2778
1011 121
6735 1906
7804 197
123 4260
7095 1775
4608 5965
7390 123
5915 5584
661 184
555 4173
7040 197
5100 7095
7246 2357
5338 4393
5789 1688
1459 2711
6067 3784
5851 1906
1410 387
4287 1688
4335 5584
7844 7700
4031 4345
2032 7040
4751 4181
7324 4600
7517 7045
6432 5100
4767 3286
635 4881
5856 5584
6898 6156
7980 2755
1372 5851
594 4891
2987 7057
3892 7700
3273 6884
1194 633
7244 7040
3763 7700
55 6898
1414 2357
819 3286
6917 1813
149 807
114 132
6071 5915
4564 5685
7672 184
1064 7672
4310 6650
5383 149
5028 3443
379 1813
6464 7040
5295 1414
4641 121
1677 1994
6981 5851
689 4181
4773 3811
337 3295
1937 3811
940 121
7286 1064
3694 6033
4294 4100
3637 4641
6641 6628
4650 5940
2314 55
5121 7545
1891 123
5095 2372
6630 387
7648 2778
3310 4062
4905 4564
6103 3539
7317 5117
393 1260
2168 377
653 6156
1170 3892
2421 7804
1965 4006
348 633
2517 3763
1147 6630
3439 4335
1971 2314
4518 2357
6501 2517
4251 121
323 6981
5566 7324
7017 3443
6460 1170
2192 4564
2484 5338
1537 819
3389 123
4615 3295
7608 4335
2924 7057
2222 6156
7657 6166
5728 5117
6520 6630
7205 1194
3397 1891
5258 197
5642 4181
5152 2314
297 6520
742 7700
3907 1677
773 2755
6808 7317
5388 3389
5350 7672
1241 7286
779 4773
3708 2815
2906 197
2388 4641
6458 6735
2228 4310
1806 5295
6793 1194
2822 1688
6863 5100
2059 661
3479 323
6013 6501
5977 5258
1044 1147
6685 2778
2572 4905
2453 175
4669 6520
1778 7648
4054 4310
5922 2987
4963 1778
514 653
2985 348
3410 2222
6741 197
7055 2985
212 2711
2477 5258
1443 4881
251 819
751 251
5057 123
5775 4828
5023 4905
4859 5940
88 1917
7398 4881
4768 6071
7072 297
4249 6628
7584 4600
7068 4669
2953 3443
4066 6458
188 2421
6043 4891
7794 555
6868 7205
5901 3410
8017 3708
3869 6863
2258 5388
1317 2388
7454 2388
1760 1064
4003 251
2547 3744
4392 7584
3550 4767
3829 3698
758 3892
1981 1775
4958 1994
4420 5789
3263 3637
4862 1443
2142 323
6000 114
1120 4597
4592 7608
7529 594
7382 377
656 3892
3109 6460
2659 4100
7702 514
3158 7584
1897 114
3256 4608
1672 3310
852 5922
6102 7657
4681 1011
46 6376
2267 1937
4949 5112
4711 5883
926 2249
1805 4828
3363 6033
1998 4650
4155 3286
3982 7244
6676 819
7617 6981
5527 926
1074 5023
156 926
4264 6071
2526 7804
5405 4608
4378 656
449 3256
2338 212
4257 337
4734 1998
7206 5258
6782 1778
7113 6650
5521 2755
3059 6685
6931 149
7025 4724
6401 1064
1798 2222
3315 5584
5680 3967
1444 1414
3433 4608
3537 742
909 514
2065 4518
6466 1688
5203 7246
876 2815
3178 2372
4829 1120
2757 4862
7904 6650
5055 3744
2748 1981
1440 6981
7202 4110
3542 4345
7738 1120
406 2453
2920 2906
2381 7738
794 594
4123 2953
6208 1457
4203 1443
3473 4862
3932 3109
2626 779
1353 7794
4351 5922
5835 1805
5827 6898
6936 916
2411 6466
5893 7672
7090 2920
5273 6458
6278 55
3307 4054
7333 2372
7493 6917
5517 337
7913 6936
3289 6067
3565 779
3393 570
415 7844
5337 3315
5551 5915
73 3763
1008 1965
1816 3439
6820 6685
3733 280
2789 1677
5400 6650
2524 7095
1075 7980
2178 6898
7642 6278
5206 2920
3279 1075
219 2572
4778 773
7704 4393
1022 2314
3796 6464
7321 3784
108 909
3623 2526
4016 779
1218 1937
341 4669
5783 7980
1460 3109
3923 4062
2462 7454
6002 46
6566 123
5999 1064
3308 653
6747 3708
1711 4294
5512 3811
2962 2249
5332 7068
5357 1906
4684 6460
3020 5783
4423 1440
3965 4041
4454 2920
45 3158
1871 3539
2397 3550
3925 4003
3322 909
662 2815
4582 5400
505 1444
5125 5023
2746 3158
3327 7804
2540 940
5083 7904
1757 505
4078 3708
6173 4684
7013 3443
4088 635
4931 6071
627 3829
4676 3612
5974 2142
3556 3433
87 2421
7932 7057
6515 7844
1999 4641
1928 6782
5078 7398
5163 2962
2930 6432
3395 751
2304 2388
1485 4420
7588 3698
482 5332
7084 3479
1767 3263
6182 7246
5714 73
766 1897
172 2304
1637 4393
7934 2032
5442 3059
6162 653
1606 1965
7957 1443
939 6460
2214 514
847 4608
3505 7390
3275 7934
3291 197
3955 2575
1020 514
7239 7934
1540 88
3258 4054
6092 7317
180 3923
3450 5551
392 5338
4770 1897
1728 4829
487 4054
563 4592
2576 751
4793 3410
5263 280
4883 4066
7928 4859
6605 824
1276 5078
4456 852
7230 3279
5902 5400
2951 916
7767 7017
3235 2142
4338 7932
731 1917
6280 7700
5690 5999
2353 6162
48 406
4241 5273
480 7957
7819 1260
3135 751
1515 6630
5021 7072
6188 5125
4874 4454
6322 341
7180 5057
4959 1147
1488 7390
2163 3158
4255 4862
273 7286
2187 180
1205 5642
1903 5690
1888 2750
5215 7013
5871 1928
4568 1606
1716 4600
4848 3109
6972 2987
6108 7608
7694 2789
7772 916
4093 4859
7521 1998
4489 5258
4652 4016
5497 7844
7527 3178
3459 7657
5573 7055
473 4066
632 48
4561 1020
6818 7657
6204 7390
3883 3542
7232 6936
4941 3965
5196 7493
2469 482
4955 5977
7035 6808
7745 2357
4395 3109
5938 7657
643 5357
4366 5521
314 4088
7083 4066
6606 2920
1486 824
4712 563
3477 819
7256 6166
3128 1317
6248 656
1831 1816
7233 1044
2693 4768
3400 4829
3988 4249
3908 5206
3474 1044
6528 7819
5845 6173
3926 7928
4996 7068
2756 6641
4863 7333
321 1917
4732 5215
6235 6936
481 3315
801 5337
4201 3923
3659 7702
7779 3263
2449 5057
1779 5775
2975 3459
1093 7280
6325 5388
3359 1928
7012 7321
1392 7239
3755 7694
4658 7657
5492 3659
332 7521
948 594
7768 7233
7351 3565
3714 5940
6199 377
6041 4684
7845 2755
3778 73
7536 7317
5084 2920
7346 2477
607 1897
2424 3550
780 7529
2804 3263
626 5021
4519 6936
1599 4874
2285 4392
3342 5203
2120 6747
1610 1074
3329 5915
1479 916
6902 2804
2191 7351
2198 1906
2596 3778
3756 5492
1510 7517
3350 4241
890 1443
7289 1011
3218 7068
6980 3158
7894 627
7436 2191
6389 7738
7148 7072
3257 5405
3230 6067
7271 132
3928 7493
3608 1440
6273 653
951 3612
4356 415
4380 4734
5708 4751
5817 6931
3986 1488
7263 4356
4903 2804
7780 6898
5537 3395
5334 88
85 297
1959 88
7470 1779
1219 219
4448 3778
2189 121
6989 4093
4523 2596
3613 6884
135 2249
3572 251
679 3327
6964 7898
2712 5196
2471 5273
5204 2214
110 6102
5506 4768
2457 3612
1646 2563
1615 6501
7325 7289
274 7286
7868 7055
2738 3926
6061 2142
3848 939
2366 4608
814 2930
6023 6235
4661 7148
4451 3539
3360 7321
7352 7230
5111 7333
1522 6208
8039 4592
3951 3459
6765 3926
5507 3928
5020 779
2155 3307
7905 742
5015 5521
7714 6188
7827 135
248 7057
5868 323
6661 3955
6465 4561
6381 4848
7252 5728
7811 4724
2699 4773
57 2366
6294 1610
7027 3714
5082 1903
1119 1353
1136 135
3583 6325
2125 2424
6626 114
3956 2168
3656 2924
4570 3279
2230 1205
4565 3565
1024 406
115 5783
3357 7470
4954 3848
556 1488
7278 2120
6601 4110
7848 7529
3451 4732
6810 7309
5960 7517
2690 1515
5009 4582
5733 3279
7099 4954
6292 7905
7501 6292
2350 4564
1077 4859
5473 5362
5285 1317
534 2366
5451 2453
1512 6793
7967 7521
4037 7648
5984 7700
4263 5095
5456 7848
5385 5215
5765 3158
4354 7913
2759 1265
7835 8017
8016 219
4450 926
344 3698
4438 4652
1177 5893
4096 3275
507 2930
5462 4523
1047 6650
7807 4744
2262 7278
610 1937
1979 4862
3225 514
5953 4366
6063 2596
6814 7027
4447 3756
2895 7027
2497 3756
4572 7745
6572 909
6699 1218
1710 3225
7548 7035
4942 2572
3604 1064
7609 7352
4599 5901
2850 5357
7533 2804
3566 2738
5501 7012
185 4773
5867 2178
3591 1610
7143 3363
2129 7055
3167 3389
6457 1077
3606 7738
5079 6033
7869 3258
3675 2457
6895 115
529 4564
6277 876
4585 7807
5428 1219
394 1353
4900 3583
7488 556
6999 4041
7942 4641
4624 5285
2720 3698
1489 5338
1292 6464
8011 6661
1866 4393
5687 3263
2288 4712
3975 4448
7514 3230
3713 7246
4695 7704
7033 3329
462 4395
4188 4518
1391 2484
1982 4088
6310 415
1338 4599
2114 6818
6916 4393
652 1760
4004 274
5315 3433
6452 4366
7243 2285
7750 3932
1352 3273
3032 1011
3012 4201
5876 156
1766 5215
2074 7113
346 780
4328 758
6192 2471
1148 5388
6770 4203
244 4249
4666 323
5176 6863
113 2920
1916 5442
687 1338
5823 5687
5261 5332
7562 3591
862 2789
800 5876
4892 4004
4292 6071
3959 2471
5433 1515
7999 1728
5755 5940
6328 175
3387 5082
4120 7055
1412 7454
29 3975
1226 4120
4578 6063
1571 4652
2197 4600
6285 6902
7798 1414
5076 8039
15 7750
7693 48
537 6630
591 5497
25 7980
2696 6972
5396 3327
2333 633
2958 184
6256 5492
7107 5789
6374 7488
5141 7083
2076 3020
2651 7738
3383 1024
1373 337
4720 132
6050 3342
7003 3784
2597 5977
6874 7967
6722 2497
6949 876
4293 5977
1191 5388
2132 7289
3991 7246
4853 5938
3255 1260
1072 4996
1771 6277
4975 1479
7669 4712
6607 3566
3090 794
3196 1637
2261 4959
3799 6606
5195 7278
5289 7
5216 4356
4627 1646
6159 6166
7423 15
1889 7470
2976 4041
3298 6199
6165 6033
411 656
7064 5473
6470 3612
7242 1292
3324 3959
6890 4450
4746 2895
2857 4564
2242 3505
2420 6000
6107 679
5053 5883
1924 3350
2470 3959
6418 1998
708 113
5800 4310
5952 1606
1318 2987
2714 3829
4271 5057
3186 4829
3624 687
6896 5952
1055 5111
5635 3755
3497 5922
910 5822
7314 6572
6356 4366
7974 610
3523 6601
170 6023
4765 3393
8038 1615
7972 4016
1113 1571
4659 4570
553 7398
4179 6464
1037 3923
6992 6000
6897 7256
3877 4380
3023 4711
523 5338
6531 4599
872 1276
300 2285
2548 6067
1773 1831
1070 2746
2829 7972
1282 1410
4247 876
2569 3877
3878 3310
8003 1373
3024 6981
2295 3255
1596 449
6882 1459
2774 7
4611 113
4149 3397
565 7609
5598 5009
368 2857
4331 482
4789 2547
1235 3713
4602 6515
84 5273
2370 910
187 8016
5859 4438
6842 7807
2439 132
2221 1055
4210 48
7602 6102
1016 85
3685 1891
6778 1113
3611 4658
4619 114
1527 6292
4276 6452
2250 4564
1484 1093
5138 2198
6756 7246
275 507
6338 1372
7661 6418
68 341
5956 1982
3140 7767
5175 1688
1567 876
6537 1047
6705 5635
5719 2222
5617 3608
2813 5492
2351 7286
759 1888
6245 73
7540 4661
75 244
2323 2132
4631 1318
1059 1170
848 7648
5107 635
1089 7913
4501 4695
242 6278
2503 3359
521 1757
7619 5383
7118 6607
5014 3612
5024 1055
3642 1338
1741 3955
5499 4711
1863 7768
5394 5385
2215 951
5352 5315
223 1512
3933 7819
2418 2813
2926 5337
1792 4294
1038 4448
4850 6470
1618 6061
7448 5817
670 4276
2348 2951
6425 2540
4516 2453
8009 1646
5099 4247
688 2895
4648 6818
7856 7868
3742 3474
7626 2142
4344 5396
454 1917
345 4582
3501 7794
179 411
5826 4734
2818 876
7060 4768
6825 7256
3590 2962
5293 4181
4381 115
4301 5362
237 7584
617 219
7525 6043
6580 6842
1818 7
5489 3450
7677 3829
2121 5922
3835 2357
3185 2424
5292 2178
4923 5433
5917 4392
4801 88
6422 2462
757 415
4482 5940
236 2690
772 1757
682 2076
3058 7514
958 1766
5477 4853
5862 7527
7659 7794
5589 219
7952 6310
7044 3387
1476 2370
7261 2920
5109 4078
1570 5492
1052 7045
1088 4263
6921 5827
3041 7003
3886 3218
5074 6607
7481 5845
7511 2576
4238 7232
3728 2524
1470 3728
5675 2712
2631 7932
7281 3310
1049 242
2781 4123
5336 4366
6905 6108
5684 6071
4614 3955
729 7148
6469 4366
2977 7261
222 4210
7751 2381
7213 4062
1847 2906
3209 2951
4643 6273
4481 800
6795 1113
6716 85
6907 5835
969 2197
1291 2738
131 2895
3441 7702
5305 6452
53 1981
612 73
2311 3128
3983 4241
3176 4293
1545 7779
7474 5388
436 890
4503 7609
4223 5823
4182 1070
933 1120
3943 1484
2007 7013
7625 3024
6926 2129
6181 7118
3050 7798
7902 2693
2345 4173
6841 5783
3898 251
4364 3565
3272 4942
1582 2350
1516 2120
5971 3501
7215 2976
5423 7898
4846 4892
4761 1147
2232 4676
7131 6528
7172 4801
5229 5285
1523 1022
4716 7242
7857 3128
1216 6292
4548 5405
7331 184
6713 1059
291 6902
3292 46
3475 6188
846 2651
6837 6310
441 237
513 1488
1681 6376
1988 7952
6979 6173
7580 3928
649 7967
2847 4975
5570 4203
2655 3298
7922 3932
6583 1119
2541 6248
5314 652
1036 6917
711 4582
2287 5714
2892 3012
5435 4041
1940 779
1723 7488
6353 1036
7566 4378
4647 4949
3788 2397
6779 1924
5947 1020
7691 7835
3053 5028
3325 2789
3649 149
4114 5915
5896 5107
1210 1059
7306 5261
143 2626
3089 3933
1429 6685
6486 7035
453 6897
686 4054
5552 4572
6500 3357
2581 5196
1107 4746
2618 670
5101 1037
4206 5573
2458 5823
4550 5101
3323 3497
1542 5305
6763 6173
3684 1488
4399 3923
2787 4310
5213 6874
1172 7661
5688 594
1150 237
2082 7521
4511 7827
2543 7751
2231 25
5744 1440
6447 3020
6861 4004
2079 275
388 652
1340 3756
7853 3955
6783 5489
4633 1818
3250 6063
2404 4941
7146 2295
7079 3186
5351 2262
6806 5083
2273 6972
1468 3967
2084 6102
5220 462
4430 1120
3817 4276
2020 6605
5419 1457
1787 5385
3402 3323
2389 5289
904 7562
4323 2132
6282 4241
7670 1988
826 617
511 7263
7578 1485
5475 5332
5801 300
5018 2892
3881 7215
3873 5566
5120 7256
7789 4395
7371 5138
5485 6103
1783 85
2018 2847
400 4765
2899 4155
508 6818
4032 411
4962 1163
1894 3505
6943 565
2463 3023
6249 6425
5562 800
1063 2987
7931 6890
3103 7952
5200 5195
483 5216
5603 3178
4383 6936
74 180
6217 4503
3431 3714
448 6192
913 1792
5653 1022
1921 1352
1246 2789
1256 5485
414 3694
7473 1338
6114 5428
2291 513
5069 2958
1905 6916
1413 7536
2475 7798
4581 1011
3543 7025
3952 5867
5429 411
6997 3799
5294 223
6473 3733
1532 4600
734 1429
3045 3363
2677 2129
5288 3694
256 6235
1423 115
1815 7113
944 5200
1396 1064
5179 570
2057 7448
5310 6628
6448 300
4466 4201
538 1485
774 951
1948 6520
4670 5822
2776 3209
4668 1070
2480 3501
2513 4633
4040 6217
2532 3103
2253 1779
4636 7068
3153 5584
1298 5598
6046 4366
3731 346
2452 7314
683 7661
3558 2411
331 4450
6066 652
4137 1049
619 3058
5553 556
1563 1916
2736 523
7628 2350
3807 5112
2054 3988
4916 4767
7369 29
249 1063
3248 3755
6030 7804
7840 3923
2027 6936
2684 4734
211 7314
2092 256
1657 6162
3094 3256
6517 4565
6003 7083
2761 4420
5752 3209
208 4181
7101 3539
5088 2192
7582 1352
4655 4179
1345 2755
8020 7371
5022 3926
568 4251
5192 1512
7784 6050
5946 4179
7724 7853
488 909
6581 958
1355 3350
5623 5485
1899 4182
2252 7448
1887 4734
8002 5076
5731 4301
957 3275
3480 4450
76 2569
283 7952
3669 1038
5600 758
6186 4503
6571 73
1530 4451
6697 3128
6397 4633
1134 2575
2509 6182
2854 513
1636 188
126 4643
2652 4778
6996 4203
1739 73
7359 3591
3757 1741
4232 4155
3123 7891
1245 4669
6035 2720
7721 6989
3942 958
1666 5095
5981 7423
7091 7626
4094 3450
6667 4585
5270 6606
6957 7493
592 7286
2995 2857
3919 652
4815 5175
1551 4344
6674 5823
727 1468
3373 1468
7862 4829
1824 7501
1896 4456
7186 6050
871 2526
2780 1352
6058 2370
6821 454
6840 5385
1521 1889
3201 7230
1370 249
4289 5053
6944 222
528 6814
2593 5801
1477 3550
3267 7351
3487 4276
4953 2776
2577 904
7781 7913
1569 3123
5567 4767
7238 1226
6479 2353
4864 5922
4558 4155
6945 5856
3568 635
726 2778
3546 4031
1182 1093
6487 6401
6619 6778
4028 5527
2428 2197
6935 3714
747 7101
262 4789
4940 6159
1472 2215
2512 507
811 2215
3421 7371
639 2421
6236 8020
6189 5456
6670 594
4151 7205
3521 7521
1237 3235
6643 3322
930 7694
823 3829
7995 6999
900 5163
182 1038
3243 3257
3760 2370
3582 7148
5650 1235
7998 1537
3687 5551
4680 123
7019 7898
3366 6310
2434 6282
7884 6046
5325 7398
2395 2155
4284 4395
4035 2471
1309 1516
27 2388
6175 4203
7322 3327
7175 3373
6352 2618
3233 6418
5322 4380
5360 7995
2887 3395
5596 4597
3676 708
6214 7835
1420 6716
3047 5314
3183 3167
1384 5714
5933 6013
835 182
1592 688
5884 4448
2514 1172
2933 7322
1001 6905
2698 1646
1795 2847
1638 5334
4304 801
6990 2962
3028 3041
6014 6192
6567 5305
6304 930
2773 3058
3552 1024
7675 3028
133 1352
1575 4765
7126 612
2427 4137
7526 4037
6883 6619
7362 7390
2889 1571
5705 900
6225 2057
3424 4650
7912 1906
5529 3243
4531 481
3358 1370
5820 2958
1727 5600
5208 3943
6364 4094
1145 7617
4740 2526
190 5141
4390 6249
6253 555
327 824
830 7602
4945 2353
6251 742
542 6747
1936 7281
1555 2314
5636 1903
696 6997
3219 7448
2654 1540
3560 1241
3149 1779
5602 4633
4653 7672
746 5876
3934 7781
3715 2933
2046 7669
5257 4335
3244 7677
4675 689
3789 7536
899 2079
1578 4006
7253 406
5379 6046
2950 1575
6461 3059
6938 6364
1230 3951
3574 2572
7475 436
3950 2651
5363 568
6768 4501
5343 1230
2616 4028
896 7934
5012 1298
229 3058
5157 7213
8004 6066
7329 7448
6333 7804
3517 7868
1893 4380
7419 7721
693 7884
6299 4548
6019 5055
3434 483
6612 5176
352 5893
1674 4293
2858 2230
5717 1150
4733 2311
1197 3965
7586 2512
4075 3566
6093 2651
6987 6531
104 5120
7765 84
3961 1355
4951 1150
81 2958
452 5294
7616 4773
7764 5350
1756 7202
4811 3572
5911 1917
3408 2057
7664 1816
3954 6107
2444 1756
4836 6256
793 7675
1157 3684
3042 2163
1461 3434
2785 1150
5276 7745
5793 6735
3204 5714
6541 7035
5434 7253
3672 6902
7349 5176
2590 5175
6367 1530
4515 6861
2819 7751
2946 7148
5114 3250
1335 4137
4412 5822
1041 1896
7085 6605
21 830
3909 1265
1695 3258
4476 4962
5096 481
5134 7942
1828 5567
1923 4874
690 4345
754 7582
3010 3140
2048 3942
6543 3094
2639 1072
2053 3358
5519 1150
5778 4565
6521 5744
2936 7064
6036 1461
3508 5552
5694 3441
1220 6071
2944 5708
815 1863
4841 6389
479 7670
7486 1457
4484 1353
6498 3433
99 7853
4889 6735
1725 5602
6988 2946
771 4016
33 5717
5753 6304
7981 7369
6750 6381
20 3257
4474 3250
3061 1792
5759 4778
1110 5642
5588 4028
2945 3552
5376 5015
7925 6019
1668 7252
4092 1522
1774 3167
6953 1773
6056 6628
2579 1008
2969 7351
6625 7972
1441 6607
474 2389
4545 7998
3080 742
41 6465
3860 3433
1367 1674
5539 2065
2306 5778
3191 2142
5863 2953
2820 1521
4549 534
1687 2053
1505 5057
4662 5981
5230 4037
7966 6374
7097 7548
2702 7966
6798 5206
569 6273
2897 4597
3614 7419
5679 2304
1812 4681
4355 341
715 188
860 6874
3087 6841
4200 4581
89 3032
3203 4032
955 5499
6185 6159
3483 3258
7553 814
7293 5363
3513 734
7833 75
5502 6235
3331 5765
1306 7586
1580 1352
2817 5200
7426 1569
7676 3451
3207 1725
1395 5351
1131 7261
6602 5018
7893 7833
6207 1414
7847 7180
2468 1396
5128 3475
2737 3010
5187 2381
4361 4264
3274 1088
1662 6897
4288 1806
640 3566
7312 5128
376 814
3577 4975
3917 3513
6509 3604
6950 4695
6431 1688
3314 3410
5641 4863
4625 2198
7264 2189
2378 3733
991 143
5422 3613
7732 7205
4577 632
4167 5820
816 7904
1010 474
2923 1928
5522 7767
5707 4712
6137 5257
2450 6137
3376 7677
762 4558
2802 617
2600 3789
5052 1477
3985 5187
6152 2930
787 3322
6209 569
5743 1666
4505 6479
2788 1395
2415 4767
5478 7659
4333 1757
2454 2759
1737 3439
4500 6073
4457 7974
3867 3742
1183 661
1938 1291
200 2757
6054 6204
4546 1792
601 5714
4353 2548
2440 5083
1951 4271
1689 4570
2096 1889
6694 1606
4452 2789
2396 7700
196 7529
80 7648
5973 2822
525 5112
278 2197
7137 2450
1628 5462
6371 2065
2707 6469
86 2857
2968 2357
3105 379
5662 3176
5452 1075
1125 3059
4211 2389
3620 5121
6028 4241
3494 4744
3853 4670
3940 5187
2247 6253
855 76
5660 414
2648 1792
1844 689
7958 7244
4973 6605
535 3061
580 816
6560 1235
207 5362
7217 4094
6143 7642
4374 1510
1985 5901
1039 1739
4071 5473
4922 7423
7038 6896
4409 4568
7037 4201
4385 262
7489 3308
1078 7847
2546 5499
2183 640
3261 3985
3635 4395
2274 4864
4907 5315
1415 1515
498 3424
4612 1723
4494 6498
5380 4975
2937 2350
6242 185
5127 4670
5609 7779
5026 2372
6804 488
386 4054
3581 5896
3306 696
6247 5114
2843 5100
3519 2596
7964 6601
4357 2969
263 7928
2959 3649
2243 3881
4589 3523
6639 2452
1002 2850
7809 4662
16 1052
5865 7764
6309 8016
494 6432
1091 6661
6658 7040
4844 5101
5908 1093
2136 4041
5663 8038
10 2895
928 6500
2833 2420
2055 7704
7330 2626
3905 1197
2208 5196
4336 5055
3038 474
3229 4953
6394 4848
2542 2543
6939 1291
7561 6058
738 7003
7063 4511
5479 5717
2361 5822
4547 5584
4087 3867
7240 1177
6455 6401
893 4088
4717 5609
1185 4257
3039 2748
2777 6189
6850 4724
6761 1384
1715 5111
6484 6381
834 3230
5724 7548
1354 6580
925 635
1418 3582
5843 4716
7816 2458
7633 6639
3893 6981
5147 3565
5436 563
7955 2208
3212 1219
4984 7664
2682 4016
4262 779
7866 2773
5832 3016
6308 5057
984 7955
2038 1367
7733 3508
7817 5429
3073 3546
7364 1037
1151 819
1387 4546
7054 3951
4857 4550
4569 643
3845 742
593 910
6959 7562
7026 1182
2914 2575
6130 7925
7950 3176
584 387
7112 4658
1602 448
2984 1715
6387 6572
6918 3928
5491 4385
7334 3848
5183 4201
142 4545
1724 1372
1173 6247
4809 7436
5881 5859
4972 2345
7385 5915
7878 115
1943 5755
5224 3604
7877 5617
7510 3582
2810 2698
700 4561
1407 7804
950 3807
3626 6028
5286 7206
2591 5429
5316 1999
1467 5911
5260 7013
3380 2221
3321 2737
6140 1078
4999 332
1184 5521
2067 3229
2349 3357
1404 1792
5910 1220
2842 368
2000 5922
2643 280
447 3243
1719 1787
761 6890
3846 729
1087 2944
7086 4614
1947 7584
2401 7473
40 2802
6097 1570
7748 1628
3210 126
6133 3543
4917 3942
4584 1937
516 3310
927 4353
5572 5314
7933 5589
7621 7582
59 5429
3636 565
7438 2857
7492 7514
6548 1306
318 5867
6906 3909
7200 441
3693 2750
8019 3204
4050 488
3163 2802
4526 3817
8032 1074
5739 2738
3514 4110
2671 7240
7961 928
1777 4811
7520 1367
4321 25
2177 3497
7872 1444
2337 5229
3536 1844
2153 7520
4754 3853
6250 1778
4634 6770
5554 3483
1961 7481
4797 3431
316 4945
3132 4734
7222 2643
2601 5707
2157 337
5067 5473
7407 6181
6968 4900
4630 5485
3774 5973
6122 7869
4401 1917
5158 679
5963 848
432 3061
5958 4151
2502 742
24 2453
6853 3635
424 4881
7255 4600
139 7286
4885 7454
5665 4293
3084 2712
6969 7536
2852 4438
6891 180
4804 2813
1389 3715
1539 2337
647 601
1289 1241
5250 7625
5389 6207
2263 454
6534 1725
3689 3898
6994 6122
2640 766
2692 170
3239 6308
863 640
3078 3708
4540 6185
2148 6188
7155 1677
1288 1131
3384 5128
2539 5014
5640 1863
4808 2230
5284 6152
3529 1657
7290 5552
2412 3038
4867 5739
1950 4032
699 1078
2928 1131
1809 5121
7237 2780
1057 7878
7963 6945
5880 180
1233 5195
6688 1345
6086 5724
3029 1457
7543 7511
7067 3045
6004 1521
1942 3380
6986 3209
1272 6333
6831 113
3469 4568
3156 3153
7110 5018
1377 7148
730 6607
4673 3519
1781 3050
1547 2548
3060 7067
2800 2755
5758 5451
7300 5602
3436 913
5997 7958
2324 2542
2491 1340
522 40
109 1792
5282 7364
3430 4636
3816 3620
6478 2746
2973 4338
3946 7110
1597 734
1382 6537
4772 1182
7234 2142
3198 1618
2393 5653
5034 436
2398 2548
4379 682
2391 5014
2238 3519
5836 6853
3984 6394
214 3951
6227 4655
5064 5096
2898 6273
4782 1125
1679 447
5983 2693
1676 6543
471 633
1466 2655
3466 5539
2277 4292
3719 6957
718 3799
1127 5260
7000 2590
3594 6722
489 1282
7116 2311
8008 6156
5988 4392
3316 7835
2284 6968
1271 2370
2994 7110
7011 4188
6499 700
1577 2895
3367 4071
2134 1618
3333 6560
4125 913
3561 1075
5769 4201
6171 2572
4847 3594
2890 3203
1496 1577
3369 7200
4807 3689
1493 2756
2967 1382
4983 291
8013 4452
783 6019
4902 1510
1159 5028
968 3908
1509 5862
7304 5501
5558 7527
64 928
4076 727
5072 6166
2993 5183
1969 2541
7716 3389
5075 6543
1278 1352
1633 4041
3769 5603
2483 4526
7167 188
7387 4732
5398 7186
6206 7352
7948 4864
6867 4328
325 2640
967 1377
206 7172
2390 7246
6894 2591
7275 2923
666 6122
4079 4734
3232 5537
6903 4094
3339 6722
3670 6988
6011 3196
6678 172
7571 860
1156 6820
4539 2707
4556 1985
2200 3928
2414 7242
7915 1988
7637 7180
3407 3689
305 4841
7182 3572
1192 6182
4376 3784
2567 4041
4882 2468
5409 4304
1533 4006
6911 3755
3752 6004
2058 197
5080 5213
1619 6818
107 3393
7406 4304
6774 7677
7327 6939
5700 5708
2531 523
2500 1461
7399 2477
583 4409
2408 656
6288 7213
5678 2261
839 7872
5645 2936
4371 6670
3813 139
6497 7091
5972 7057
4532 1672
2344 2388
6909 6175
3804 4289
1445 1317
4243 2396
7987 3383
4144 6953
7606 7704
1017 4257
4594 4420
2286 7217
3079 3952
740 3123
4156 21
1094 3769
2653 2208
3736 2357
6377 6225
4595 6969
6565 5566
7636 1345
4311 592
5525 142
6223 3698
4370 5507
3887 6292
6679 5665
1448 4379
7754 2285
6216 7637
2080 7602
6148 5893
1659 2497
4375 5176
4702 633
2346 3816
5000 6464
6577 184
3227 386
2441 534
2782 661
5669 4333
533 411
1305 2937
2290 3577
7283 4251
6516 6216
6714 1923
1385 4518
6586 7529
7354 537
2885 1107
3014 7244
5523 2653
4405 6639
5670 7602
4038 4633
5615 3140
4543 6902
7687 555
2270 1795
504 4675
7778 3258
6930 7657
7554 2290
660 6466
798 6528
7340 5603
7559 1413
1307 1985
5581 7027
2073 4287
247 6804
5242 5984
5548 7561
2568 926
6590 4466
2900 5512
7445 1078
6892 5257
1343 6516
1843 4659
579 4931
1071 2007
4908 762
4632 1230
2725 1936
1608 5057
4579 6840
7479 4829
8030 4624
7021 687
1263 110
1195 2736
2758 1145
4440 4156
1503 214
6740 4149
1254 1923
2435 7060
4741 6565
4107 5489
6290 522
166 6050
7257 1710
3236 2168
4178 4276
680 5322
7153 1959
1224 297
5393 6000
2913 7628
2399 6601
561 2350
7109 15
3340 297
7614 950
7800 529
5681 4399
6816 3959
4081 2357
5575 1947
7287 5260
3782 5572
5951 2567
7303 7264
1974 1812
490 5947
3718 525
4596 7021
6180 74
7900 5759
2133 2782
1635 2132
6656 5257
2190 8038
2794 1306
5987 1011
2821 6814
4534 862
5710 3272
463 6054
4870 4289
3120 7732
4605 2576
2520 1127
354 206
5139 6658
1525 2065
4742 2208
7006 2477
7355 7527
1118 7175
7050 2295
6698 263
6659 4456
7727 3613
2188 4076
1400 7781
4133 3881
402 3163
1430 6140
5209 46
5807 40
4402 5525
4106 1038
6631 3128
3145 113
1380 2082
6128 7967
5469 6953
7695 6156
7743 1971
972 1516
92 2178
1511 4874
3122 7526
158 275
333 7060
7643 1131
4018 4584
2056 6207
3265 5743
645 4999
5931 6043
7836 5820
2161 321
1435 1063
6511 3333
8040 3536
6080 6931
5132 3306
3009 5800
1858 7454
8036 6192
7132 6868
4976 7727
3516 7584
2809 2900
6412 3909
1558 314
6712 7932
2339 3867
6555 273
3195 7050
2880 563
832 3886
3278 6658
885 5270
317 3845
3716 6903
3785 5332
895 1496
3104 3273
7734 7738
5599 2074
7089 5015
802 1889
7416 7778
7319 471
2812 801
6851 800
7689 4917
3489 4420
2117 64
77 5261
7717 3542
1641 6107
1280 6035
7391 6225
1705 4179
4654 5478
6636 1523
5833 4050
5672 6907
2111 6916
3948 3539
4233 5120
3834 3804
7777 5558
6657 3122
581 2125
552 7239
3825 92
1361 4942
7552 3397
867 7278
3641 6750
4112 3421
5359 2677
6838 6509
7119 135
6618 4680
547 2895
3797 7999
5358 5548
3772 7514
1883 6455
1744 944
5989 7704
4779 4106
7746 2120
3695 5753
5471 7702
953 2084
5413 3339
7939 4940
6951 7112
1115 5640
5081 187
4442 5492
2122 4241
2050 4712
2811 3232
3506 5257
6402 693
7766 5305
4509 170
3490 508
3963 7037
545 6011
829 207
1708 432
5004 6273
5374 3932
5094 779
1161 5358
1301 6778
1507 4311
1190 6521
5274 867
4513 5933
63 184
1313 4900
3121 6352
5747 6207
973 4516
4932 984
6213 893
4824 4681
1279 5678
1655 1815
6828 4376
906 4260
517 5977
5324 5553
548 4200
4898 2288
1729 5475
3361 1539
1962 5719
2695 4773
7374 6308
2075 5423
4428 7132
2625 1489
6893 7847
56 7768
4527 7445
3795 3517
6960 490
2165 807
3444 1863
4478 4597
5763 489
3680 4032
1647 4940
6535 6750
7241 3536
2063 5876
3918 3186
3824 7025
6440 4662
3912 2168
3871 5479
2528 1558
7128 7847
2179 3925
7801 5570
5391 4238
936 3104
5027 6143
560 1467
7023 7905
54 2736
1519 3799
4800 7862
349 481
745 815
2853 7724
5384 2468
6220 2444
2624 660
5614 7374
1554 73
2713 7116
5124 4746
7892 7689
6506 7784
851 7980
2166 3950
5172 1608
3157 3606
6411 5502
5304 7643
1043 6601
5921 2626
3268 6893
3616 4545
5633 5499
5189 7271
6878 2453
455 4088
6494 1942
4 871
4169 4548
976 1001
6406 1074
7069 8009
4763 3012
3564 2659
1541 2157
5182 1041
6463 4037
7555 4482
5858 1485
6966 6997
2382 6166
5296 5127
2433 3590
4252 4144
5136 247
2235 6980
7123 4600
3313 3892
5168 3649
907 354
2033 1313
6715 7633
4706 580
3179 2833
6095 7234
3645 3323
3602 6227
5834 5376
5382 633
7736 5714
7272 1072
4499 6128
5852 2055
7956 3393
4254 1488
6369 4393
4845 1962
646 5284
1406 1075
282 3227
7494 5334
877 6867
1859 2778
4674 5708
7093 6292
1003 772
7141 5573
3619 1443
6116 7110
5233 2977
3341 3637
5549 3763
3344 2249
7612 4770
5317 5195
1878 4499
2859 2411
395 802
4329 3506
2535 1002
8031 3176
7516 63
4300 7243
2342 7234
6866 4251
5397 7263
6984 3248
6176 1646
2925 2973
3622 4112
4707 5826
6068 6028
195 3186
3601 7894
4213 3248
1604 1505
1251 1889
4285 3795
3027 7891
2786 2200
1649 3898
7087 3397
7601 7346
477 4597
705 5337
3585 3230
4202 2993
7681 4765
5594 2937
6339 7241
1992 84
7861 5192
1359 6377
5375 3685
4604 4828
2029 126
6985 1533
3520 835
7906 1157
1973 718
2310 1756
5035 7205
3102 1057
756 4392
1081 2192
5246 5120
5340 2513
4121 4908
7282 6966
3947 565
3137 3265
1721 7230
3750 2616
8012 7021
4153 86
3337 1771
5446 7516
2961 7334
5312 2391
5622 3369
6139 3591
3720 6014
6318 4353
4187 3807
7712 1183
1960 4662
3981 5394
4852 3483
6370 7470
2687 349
3874 7861
7154 2075
1403 1917
3779 7109
3117 4534
1749 5728
141 3733
4553 2418
911 1779
6689 528
38 7617
2627 563
897 6917
6857 5910
5844 1467
501 2513
3995 2454
6608 1163
5412 6282
1211 1224
3119 5707
5737 6181
150 699
1611 2497
6947 4706
1786 4447
6351 274
4118 1749
755 5826
3476 6837
1069 2781
4713 4178
7685 1677
5279 3744
2882 6818
6126 6308
4980 5114
2279 5867
458 5357
587 4973
5390 3892
4064 3742
7103 6911
2010 1147
4097 6253
831 727
4377 3079
3305 5807
7542 3991
3802 188
6706 2802
1991 1292
1203 3325
1661 2897
4692 7399
2106 4931
5534 2526
3379 5204
7463 7561
5038 5871
4704 6840
5777 2391
2049 6715
2732 6418
1759 5707
6372 5989
4109 5315
1238 3441
2078 708
165 2627
2679 7717
803 7473
4021 5400
6490 7536
4358 4393
6681 5296
2016 1288
1126 6387
3423 1486
503 7131
5531 1916
5762 2032
2108 2190
6361 1896
5372 5951
6429 1057
576 4732
5872 1113
4995 3846
1836 6838
2565 6377
7951 2389
1028 3475
3992 7677
7020 5863
3075 6225
4721 4438
4095 10
1450 1859
5408 1545
7224 1786
4152 579
4347 1291
2436 2696
5301 7798
7053 2858
404 4631
3671 6166
6111 436
1694 6429
7775 699
6051 591
796 1423
5661 3517
3858 5477
7461 2388
7826 3476
6522 7391
5657 830
6016 693
6430 2247
2060 871
985 643
6347 708
6069 7648
5628 2263
6365 1756
749 5473
4089 4167
5234 1089
3511 926
4522 6028
695 7017
3353 4409
2836 1150
7992 1440
6359 187
7576 7275
597 2074
4884 2148
6886 2189
6588 1710
7266 6506
225 6981
4132 2780
2413 645
4826 6905
7595 5351
140 5883
301 4615
3936 1318
1080 4
5582 1771
6230 4094
1944 2640
4240 8031
3941 7097
2275 1985
4715 3167
4560 2577
6075 1113
6287 5195
5267 610
380 7244
1124 6247
7140 7488
4930 1928
2205 7175
7229 1359
6029 57
2552 6631
611 4779
2943 7704
5695 1523
3859 2125
4642 5881
7052 5270
7259 3918
2244 4733
4663 2388
4554 7461
4472 6402
865 7884
2156 392
6796 4732
4993 3728
4192 5360
4901 5710
1698 2737
4777 3608
1594 7175
6164 726
1155 7304
2004 63
4394 5527
3592 1516
6755 3466
1482 2462
7178 5765
1098 2546
7105 158
1431 4901
3170 4949
3790 774
3419 6866
5541 5261
1201 640
510 7898
7363 2973
1789 5960
2929 4902
420 1519
3370 2063
6859 3363
6134 3947
4943 3669
5894 3291
2066 3393
5699 3684
615 3799
1158 645
4649 4712
4013 3361
6799 2191
1199 933
4175 6806
2257 1724
2013 5602
7431 3014
722 7694
1103 2390
4362 3313
3754 4187
6289 2895
7556 5078
3735 4809
264 5379
3842 7089
3872 1812
3563 7045
5470 2344
6912 2929
2662 7862
5395 6133
4306 2699
2931 3872
2487 2133
1275 6333
4783 3506
6819 1555
2886 3772
2557 4167
1915 2452
6335 5665
4115 5296
2210 3934
975 610
3175 7670
6629 3995
7820 6364
2254 538
5259 816
3396 6541
124 5628
5920 4450
4099 3203
5349 7202
5146 55
409 1001
1165 1775
2220 877
4432 6164
6737 6534
1833 1599
6617 6137
7310 3038
841 4357
5150 5717
7829 5343
1393 1197
4422 841
7184 5628
6049 6636
3345 3012
2516 2503
4191 7141
725 2889
3234 4093
5025 6778
7899 2439
3182 7364
947 968
945 5200
6529 3619
1067 4088
5277 331
3458 5989
4842 6506
1761 4789
3417 7520
3215 3235
4103 1340
330 5080
1514 188
1428 6500
3097 6768
4128 6479
2379 1191
1648 139
7874 7913
6170 7105
5788 5739
7192 1288
5745 3790
4042 481
5086 99
6149 3430
2501 4125
2318 2936
4198 2842
2860 2454
3348 6227
3894 4109
2956 5433
4683 5390
3595 5429
2237 612
6337 1824
7437 6989
6564 4914
3048 1602
4688 2262
1018 3292
6005 1773
6915 2929
5709 6825
6672 1126
205 4241
5063 1729
986 6984
1652 1418
5256 5670
4261 2480
5005 7717
518 3963
7919 1036
1875 6185
1369 1906
2278 7256
6313 4711
685 4779
5821 3802
4180 6236
5812 5868
6007 7089
493 4329
6635 2111
385 3475
7156 3353
1758 5027
2194 4018
6015 1185
1319 5745
2797 4125
7491 3255
4904 871
4618 4263
1255 1184
6510 6285
28 4594
7879 2390
2030 6376
5186 3669
2152 2852
3449 7677
5926 695
7502 747
2042 1395
5924 7751
1284 3400
2392 3859
707 6883
5348 1657
1269 1003
7483 4175
431 2993
429 1150
7518 6681
7920 4942
7395 477
2723 4857
4391 4618
3515 7642
3188 2720
604 2357
2104 3984
4825 7716
1295 5172
6871 2125
4529 7685
7730 3894
3297 6337
3854 1582
616 3048
4957 1777
7875 646
3290 6861
1097 3523
1249 1514
3452 801
7722 4249
1952 5851
7076 4038
5892 1369
3214 4648
2841 4064
6624 2078
7882 2524
1084 2651
7655 1615
6720 6581
5211 140
1643 7141
2369 985
3793 16
5697 1921
2461 3333
1029 3479
6212 7241
1447 158
566 5305
5857 7511
7417 1279
4083 3918
2588 2737
5630 801
1332 2399
5465 3799
6941 5072
3492 4287
6427 4717
5837 3752
105 939
4533 5285
1842 761
6022 4867
4266 1159
7901 6464
4775 6209
3165 4374
7673 115
382 6049
4918 545
980 5305
2701 7256
952 7101
3705 1981
821 4213
2368 3492
7144 1211
3086 2187
4090 6484
2990 388
5727 404
2506 1677
6109 5233
7547 3027
4043 4898
4002 2121
1593 140
3326 5745
5718 2395
127 1182
3999 2860
6573 5527
3415 6964
1116 4345
4969 6688
650 3582
6459 1447
4987 2618
4927 4641
364 5669
6993 3255
1683 746
4339 7555
3096 746
1704 3290
1357 4518
82 5707
1953 568
1546 5192
1405 2120
988 751
1215 1407
7762 2654
3826 3763
250 5289
456 7079
7039 6338
167 4121
3081 5789
2864 726
7505 4456
8028 6981
7071 1136
1336 4570
2432 2157
6064 6497
4227 751
3147 895
224 4532
3067 2854
6723 7584
3108 6036
6956 6214
6350 3755
506 5582
804 556
5030 1428
3831 1883
3628 1094
3336 1580
5371 3763
5044 2054
4798 4648
307 2053
2556 1080
1456 7987
4072 5733
6117 7956
1471 2860
7965 7038
3011 3274
6704 1891
2141 2696
7752 4088
6554 2318
4946 1844
1765 7417
2515 4773
3738 4845
5420 5114
6275 5314
1465 4923
7484 3736
5702 5871
5667 2692
6505 5256
2656 5522
908 7155
6553 1400
1267 4527
1856 7334
7953 3917
1409 3273
6790 1353
5849 4768
1034 436
2109 3992
769 2277
2025 6004
2589 7961
7926 7616
7707 349
1670 3594
1762 7205
1186 6122
6279 5301
4766 1916
1572 3307
3246 7633
2630 1049
5627 3785
3043 2627
1252 3514
26 4955
704 2136
5194 4107
776 126
995 2501
5934 4643
7005 5114
7402 5753
7728 3182
1693 2287
5065 2579
3284 3550
3751 6560
760 715
3580 7939
7674 3479
3498 7325
791 1216
7914 5081
1654 5820
6343 3565
3491 4392
7658 3041
4116 3898
3535 1098
2325 4255
5454 4448
2130 5834
5108 7529
6244 6204
4425 392
6346 5551
3019 2291
6929 2346
1529 2811
7581 3257
7796 3443
6240 3917
1259 1662
1868 1894
654 480
7885 5150
3405 7244
1434 6863
2328 3744
5706 814
7088 4109
4851 5901
840 7252
857 364
2784 1493
5606 3313
1849 5669
6194 6117
6664 3452
5013 6374
2927 318
5720 6969
4514 6697
5950 2526
7030 441
4678 2962
1168 3577
4008 611
4906 1245
4784 939
4126 175
1293 6359
125 7000
1855 2032
6848 944
7472 4867
6215 185
8014 3108
3765 7278
2196 6672
2721 1727
6815 7775
6584 1318
3593 7238
5574 7628
4538 1461
7400 2958
4699 6310
3008 7400
1892 3956
7641 798
712 5672
7429 4
6113 2468
4961 5911
5221 6565
1834 7175
7036 670
7978 4114
4483 2714
1870 6783
39 2836
2610 3163
5414 1414
1714 4625
7049 6798
3844 3656
5985 2274
3743 4636
5097 6242
4977 1710
3429 1771
4935 6825
3518 1428
6760 2920
6345 2018
7188 6793
4714 3860
6546 4717
4407 3716
6228 4963
5540 3947
6557 6661
3021 930
3976 766
1061 4380
2077 7778
7564 4975
4413 1269
5779 2596
1442 487
2354 4661
7377 4175
7449 7517
5560 6213
6556 4321
5232 4768
7991 6808
1776 6501
6098 4724
5738 4440
2431 6722
5604 7736
7427 2042
5848 2568
789 2273
5993 7275
6224 831
3063 3491
5734 3041
6362 1067
5796 7252
1568 76
1829 5574
7386 6997
3787 627
5816 1991
5466 6897
5556 4763
6414 5859
2116 4983
2909 3568
7509 4905
370 6114
1990 3719
7699 3476
7701 6240
6119 3466
2164 5893
6922 6469
6057 5660
7420 2372
4034 726
6561 4680
334 2923
2193 4233
4785 6459
7384 2990
7876 4251
3251 855
4274 7334
1085 4531
5050 3602
1497 2404
7466 2937
7074 3934
5819 2030
3540 1410
6293 1168
4268 4062
2974 184
3118 3680
2685 2166
6476 3123
2558 2148
2715 4940
2622 7322
3822 1125
1576 3763
7763 2287
1957 7039
4991 4180
671 2516
2907 3565
3287 4945
6195 4016
7757 3325
5671 7463
6852 1457
559 7582
5875 6959
2574 1969
7273 1010
5159 3279
2668 2574
7151 5667
4871 2601
614 5108
7216 5933
551 4546
7513 916
1495 2746
3162 7876
5369 4553
439 4064
7888 6631
2508 5789
2611 5485
4433 4358
6708 264
954 3965
1531 2512
4878 5436
5275 6993
3830 2007
3226 626
2727 5277
1881 1834
3334 2168
4591 3233
3270 936
6773 5845
2807 5456
3001 5261
1268 3473
3074 832
1051 2509
2628 5168
7535 6066
7284 4155
3499 4178
6342 3804
6155 7648
2406 6688
5975 7764
7630 323
7114 2221
1598 3848
7713 7154
2182 1256
3704 2626
2495 2469
7506 2396
1996 522
4467 4532
4119 4062
1500 2859
1424 4940
1860 4361
2307 5065
5071 5567
3814 7264
3159 6828
259 6874
2846 7040
492 3137
1487 2215
8023 6537
4312 3441
3172 6227
4738 5821
2827 1226
3690 7743
3202 1170
6131 7359
1287 662
917 377
2017 4763
4858 3344
5656 2746
3049 4874
5042 463
5932 1689
3891 5956
4315 2079
624 141
659 1649
5487 6463
1358 6280
3496 222
1446 2018
4122 6188
1800 689
4077 6878
6595 5940
3654 3061
7372 1806
2619 4116
1782 1098
2840 4572
6807 5159
7138 6067
6616 6945
6776 1893
5544 5920
934 1352
6823 3654
2989 3287
3599 3063
5093 7727
3737 2495
5899 708
797 5358
1632 321
5853 2020
6532 6779
1667 1319
5240 5734
723 5812
4461 3744
634 2408
3504 7521
5580 1318
7867 7561
4639 7237
7434 483
3169 7840
4051 7055
3987 3121
1223 5035
4802 928
5824 4128
2637 2013
844 2132
1753 3965
6420 1098
744 2397
7975 1057
3416 7781
5569 1568
4359 6641
4195 1789
4215 7648
6300 5853
306 4529
1630 4339
4372 480
2883 3908
1207 2078
7815 6500
1644 5034
6568 4650
2113 6714
1 7085
2087 2399
4048 4095
7056 776
3896 769
3 712
6434 5933
6090 5053
7168 3642
1821 5371
4737 2428
4400 4977
1014 7097
3798 7659
7918 3795
739 6028
4080 4785
6845 3359
675 7906
1612 4032
391 2588
3625 6028
2094 7616
7537 7922
4470 7934
5496 7491
7337 1119
146 5670
1231 867
5148 3637
147 1260
7515 6245
2553 7704
2796 1450
1209 1088
6900 6051
6040 6016
3112 789
1213 6969
408 4401
7150 63
2981 3396
983 4395
4290 1779
7443 4432
4705 6557
2137 5558
4318 2843
6123 6244
5616 1231
3168 1486
4302 6534
6503 510
1517 6067
7577 3612
5344 7934
2281 2975
3502 3251
1464 6227
1454 2295
3989 3690
1941 2287
7532 3933
7663 3415
6341 796
1250 7398
4730 5562
2633 1888
1062 4903
3658 1567
2533 1093
227 3529
7379 690
2128 341
2212 3694
3783 5743
5001 6605
5483 1157
3559 1789
7843 7751
3663 7676
631 1632
1987 4088
7759 4630
5980 2432
4235 7513
7824 5099
6574 834
1494 2208
7199 597
6154 1776
6736 2581
931 414
795 1688
2140 7049
1378 5853
5905 6452
5585 4711
3801 3024
5445 1887
5647 5294
1895 6595
864 5857
270 7420
7122 2306
7193 3735
3661 1155
4622 5000
4047 2656
4794 1442
5649 3583
3924 3473
1208 3234
888 5390
4967 3519
5607 2864
3249 7436
5331 6180
6047 2886
6410 109
2119 3019
4166 1792
7081 4285
2632 2238
4964 7399
6443 7751
2039 4513
6932 89
6112 1683
1874 612
3124 7072
2527 3848
7558 4533
7262 6186
4890 1215
3368 6930
4909 3804
3530 1760
7189 3752
7923 5436
13 3568
6142 4516
5571 2348
4190 1249
5198 4815
6538 3255
7250 538
4820 761
6303 4095
161 831
3775 2232
2672 1774
5214 6214
4117 4670
6196 2833
7032 126
3253 7637
4360 1301
4660 2565
3902 5700
3605 2601
3652 4522
1963 5186
4434 4751
2425 6242
5978 3825
5062 5112
3960 3961
4138 3257
2015 1450
2834 2164
4899 346
2031 7826
2617 4339
6830 2427
4506 6859
7570 2398
3841 5606
6642 6939
7347 3799
6976 6022
7457 693
7181 1657
1324 939
3264 5762
1751 4797
6031 7138
7989 4137
12 4191
1346 447
785 4867
1475 4402
97 6760
6255 4087
7147 646
6569 21
6824 2163
215 2324
1879 3599
1281 8016
2150 2973
2493 4405
2733 1960
3471 1771
7496 4187
3099 127
2402 745
578 4312
7383 1016
7563 5466
5354 1641
8005 2238
3035 7243
100 821
209 1515
7911 6851
5068 1874
3815 5851
5480 5581
466 4678
2218 4653
1621 4744
4787 1488
1304 5727
2185 5832
1169 2042
2634 1305
2070 7648
5262 639
5326 632
1092 1775
1669 2987
374 6997
7495 6165
7523 7505
7592 7754
5770 6466
5219 3117
7990 5548
7305 3714
7096 7967
7365 1789
2942 2883
6135 2882
6680 2247
562 4089
4439 4201
7528 2572
5306 487
6613 3886
3285 3333
5791 1724
3065 498
2603 5423
1426 4688
7823 944
2498 2973
4320 3249
3927 6397
7774 5765
5631 6195
5750 7974
6854 6273
2199 3147
4950 1959
881 1475
2948 4432
1877 4889
5238 6041
5237 7879
6001 3789
599 7673
2582 7056
3181 6993
6703 1725
7668 3423
328 5214
1848 1081
144 7674
1560 2565
902 5951
4067 7974
3819 1503
6375 1038
5855 4379
5323 264
434 2715
6682 5052
4000 6606
7227 7074
4736 2366
5948 1608
5992 6825
5011 7836
3129 6790
701 3218
6472 6605
3876 857
691 1598
7465 92
194 4950
5149 7516
4936 1305
5298 3129
5089 6658
7889 1148
5891 6979
3792 3183
7010 331
3980 5487
3241 5275
4992 2344
7357 6810
1927 7284
42 3058
1242 2750
1901 7919
7793 6810
3682 3469
5302 3853
2571 3348
4445 1582
3686 3593
2494 7324
4363 6555
4480 1517
7719 656
2139 3606
421 5582
6597 2120
4508 7767
3678 3602
6193 7584
3617 3011
5526 15
5860 1542
710 555
7043 6359
70 6304
4985 3176
3237 7168
6136 5960
6924 6716
276 208
6400 1062
375 4751
3899 6581
1316 5956
2599 2412
7539 6170
7323 7721
4725 7321
7656 6535
2265 4405
1746 5911
7152 1393
3493 7272
2742 7796
4024 6814
6480 632
3064 1698
6265 6650
5461 6414
961 1307
34 1412
1791 1215
3677 3984
7688 4087
7903 5095
351 6557
866 5783
4574 1459
7348 4195
1455 3980
4147 857
7106 2345
2620 1184
6817 1824
5659 4548
1068 5965
6518 2548
7788 3265
636 1874
3666 2404
6855 4882
7650 1571
3643 1280
7859 4951
4154 7958
1810 2190
258 6429
32 5139
4865 5502
5520 907
5927 6606
4887 4454
2647 5853
2464 7346
5278 124
1349 4594
3180 3479
2083 3178
2644 1821
3006 690
5061 3233
2518 7502
4102 2539
6017 2244
6901 1509
152 521
6786 2535
2180 2238
5118 4789
3589 463
5943 439
1614 2859
2234 712
5140 170
1086 893
850 7506
6257 6951
7231 2180
7018 3948
2175 2985
3420 3779
1949 696
234 5709
2085 3246
963 7586
842 5728
1769 256
476 5138
6802 2346
1763 219
5346 4713
2680 6498
2650 1943
7316 5083
5578 1960
5404 1791
4303 5819
6191 2951
7858 7928
5914 5374
7198 6546
2877 2261
2971 4035
485 6371
4065 3313
7108 4802
1639 634
7157 1024
7127 5719
2663 6886
3722 1003
3509 1816
6471 1668
2584 3941
3777 1881
4060 6029
5231 166
2823 1373
2623 7049
43 1457
4989 2133
6312 3344
1986 4
3996 5952
609 4589
5545 2756
4512 7505
3840 4940
3843 718
5869 5506
1696 7950
7345 4549
1300 4619
362 4078
7392 6520
4939 4595
5939 5687
1640 834
3706 2610
2934 1816
7451 2924
7654 7626
6105 259
5045 3323
6769 1420
4552 2109
3681 734
4258 2020
655 2552
373 1134
3221 2859
2932 5232
5143 3787
7594 2526
2256 3841
1073 4785
4142 7762
3088 5791
6604 4300
7686 3738
7394 730
6099 2175
6259 7952
6690 2063
7753 4605
5850 4203
987 2626
2206 7677
6914 7714
5345 5480
1422 5868
1006 270
854 3763
4275 4321
7344 224
35 7764
5268 4779
3301 6704
1801 6322
4743 7030
6827 6452
1102 7633
218 448
4085 7581
6803 609
6399 3811
1362 4067
6751 6356
7731 7858
3532 5763
792 7049
2641 2231
5495 7655
5036 5977
2893 6944
4557 5139
3780 7243
3007 5240
5514 2256
5225 1708
3856 5208
1796 7431
4176 1936
4868 973
6579 579
3455 5606
2559 6117
7839 7465
713 6750
3808 7056
1665 175
268 4351
3164 607
4471 5627
7530 1638
470 726
6701 3196
5453 6916
3598 3619
7590 7762
4074 4627
6348 4711
5904 2987
7059 1998
5621 3376
2997 3168
7723 5317
6202 1866
6856 4232
5455 1475
5515 1687
4184 928
2481 7049
5518 3790
5313 2020
892 1789
6870 2404
5798 2318
1664 7359
7624 4445
3401 4531
6190 3327
2173 3419
6734 7879
7988 3380
572 3248
8 6990
2319 5240
2332 3947
7270 3992
5271 4345
1425 1003
997 6664
5546 1271
2384 3337
1228 4772
1277 7262
410 3606
2869 928
2966 4152
2851 7672
588 1711
3734 1412
1123 1834
869 4707
1955 5894
4444 3987
1376 3423
6416 4706
231 5025
4693 4481
4855 3261
7629 1791
4352 4472
1341 5374
5683 1905
7886 1061
5918 4579
4897 4321
4185 3835
5166 5022
1312 7918
5786 5277
5937 3769
6453 35
7639 6548
743 4608
3418 3565
2661 4730
1366 7987
2592 6131
1253 6723
4691 5796
5339 6579
4477 5993
8029 6447
3551 80
6408 7055
6877 7775
590 7081
168 7108
3717 4320
2341 4050
7497 2117
1054 7933
2309 4126
2615 352
3555 1461
1452 624
5536 5179
3281 3102
5264 593
4150 3305
3072 3943
3766 7868
5103 925
4764 2850
8034 731
7684 4597
6743 3551
546 6248
101 1295
5611 6854
3216 1272
5165 1445
7968 7222
3895 7824
5449 516
4411 948
4148 4100
1549 5534
2151 1831
3531 7876
2282 7978
2939 7584
3533 1115
5488 3016
1690 3389
6283 2361
4497 3555
6326 7122
4324 2843
6076 4736
2147 5478
6864 2498
1504 2311
6582 3591
5877 3373
98 7005
5031 4772
7574 6838
3646 5310
7162 2050
964 611
4888 5404
7865 3298
4701 7010
3412 5763
2908 4370
1837 3619
6210 43
4968 3281
7204 8034
2302 4385
2043 248
2621 6820
2719 2639
336 3514
128 6856
7226 4126
5976 1022
7850 1545
6298 7595
7158 3754
825 7641
4849 1405
5178 2501
7983 2513
3085 7457
922 5109
603 3221
3057 6518
2044 7515
5986 954
5049 6338
160 1644
5794 612
4567 6235
3465 5159
2670 41
6752 214
1730 6225
5342 1847
4745 6310
3586 1279
1019 6031
1675 1455
5307 5284
3409 6606
1954 3089
407 6848
2115 5819
6673 7974
596 4251
6118 4375
6201 1775
1508 1447
6973 3736
7611 1340
6363 1813
444 3412
2598 7234
1386 3595
7014 4789
7409 3310
6899 6484
4207 3869
5508 1372
5535 7766
6110 2274
3083 5451
4748 4676
4165 655
6660 5363
6184 1677
7842 3497
460 908
2443 432
371 3816
8026 7926
5643 3048
4856 8040
6651 1729
7145 3807
5555 2548
2245 307
7403 7449
5686 5075
7970 7516
1046 1445
625 7199
1747 7352
3174 1521
3944 2677
4297 4842
4222 402
2240 2500
5735 4467
5723 5856
7976 5640
5309 7457
7982 6976
235 2042
1807 5121
6725 473
520 2067
4326 2984
7004 4808
7852 4064
446 4181
2894 7554
2734 3656
6296 3617
6329 6713
6168 6201
309 3620
1978 6985
7640 2786
213 3179
3022 6209
7452 5844
266 223
6600 2109
457 930
3399 4074
6844 2543
1709 4844
6655 1487
366 1094
4277 4957
6962 4040
4343 4614
4924 5984
1506 2563
3385 388
914 7764
7644 866
732 1999
1128 6769
3488 4297
5579 3831
5754 1709
6125 4962
7837 3955
768 5036
526 6930
657 3331
589 2977
698 2860
1096 275
5180 1647
2504 7983
3245 6679
4665 646
2490 5331
5889 4746
5842 4289
1225 4335
5161 3185
6091 7330
2459 7085
1204 6807
3133 4581
4928 4251
3462 6701
8035 4099
4217 5989
3134 4574
4369 2914
5008 3360
5253 5097
4384 3965
3414 8029
7821 4112
4157 5594
4063 7685
3115 2261
7551 4674
7294 7526
5906 4078
2226 5294
1342 1384
2801 5451
3862 3834
4459 631
419 180
7307 7333
2036 1450
3485 7819
4819 4585
2236 5413
608 3546
7887 336
6603 1760
1713 7925
3701 3919
1310 3614
3037 5975
5266 7233
4934 3586
6358 4266
384 7039
7366 4038
6692 1190
6620 7879
169 5289
3362 1341
4617 6371
7170 6002
2739 6290
2356 7757
2037 4964
4576 5257
2313 7466
4525 1921
4796 4320
4398 6406
6388 4967
6396 2080
7873 6597
438 8002
6085 2841
7567 3207
5597 141
4994 5397
2673 3559
5424 1949
14 1978
2830 1991
4033 4401
3821 6929
5979 1844
1326 6554
873 6886
4938 7687
4679 1881
5311 4213
1348 5534
3151 2796
254 7633
2472 2818
1623 2310
7507 2680
2022 611
5300 7713
932 4909
6332 6068
7634 795
4616 346
3913 7052
6644 7514
6552 3550
1629 5580
6717 214
2317 4859
2021 8002
6684 6735
5803 7766
4960 5507
6640 54
7408 5937
3541 7055
2763 2193
4805 5727
2562 666
2564 3842
1053 5278
3524 6988
2400 948
4052 5606
6496 1055
1007 411
5460 2907
6006 3429
7830 1020
3610 913
5113 1523
3930 4778
1264 414
1673 4984
4866 6552
663 1406
3970 5446
6423 1148
3280 2621
1437 3094
5287 4594
3833 4383
4790 6105
4199 2185
6928 1168
3018 4789
7565 2782
7163 2166
5255 5614
4854 533
3699 149
4135 6191
1876 150
3193 2618
3957 4369
6451 7483
5646 3682
1056 4675
3632 7349
4832 373
6211 3084
7954 1450
7671 5460
1478 6073
3647 3515
5365 1147
1012 7920
5353 5413
4242 7582
3427 5363
6669 3859
3260 5552
289 700
4795 2973
5482 3992
4348 1044
5936 5823
5283 6452
4171 6911
2681 2060
3026 4321
6467 142
6691 7578
8037 933
7653 7054
3849 6341
3269 4897
7177 6743
2276 4796
2866 5679
7647 4960
6948 2270
3302 5359
3161 6565
7598 2913
7770 6579
5828 10
3837 7699
1557 1107
6492 7911
2467 4800
5226 4028
5795 4942
5593 6131
4265 3551
7422 6293
66 4215
4816 2671
6438 3560
1035 7992
37 1093
4278 2022
6379 7602
2891 2695
3745 1047
641 2243
4886 7553
3548 5369
359 2565
1297 2220
4162 740
4272 2758
1179 7287
5239 6670
5781 1986
2772 408
6317 4631
4685 1006
4296 7926
7223 5827
3914 4258
6226 7156
1261 2677
6934 66
5839 1677
1861 2577
6323 1415
61 3907
6865 7867
5464 7426
4719 7273
7593 3808
2845 4358
1581 2603
440 6506
4183 7423
5505 2421
6527 1493
2124 6770
2952 6346
3746 1856
5969 4711
3525 4093
7890 6061
3724 6098
4739 2056
669 3358
929 7520
260 5496
378 3216
530 7957
4788 5036
3863 7514
6615 2650
252 7025
7214 791
3403 4702
7161 2653
7921 2807
3664 3928
5281 5621
6742 1715
5047 6580
5361 1893
7834 560
3615 6999
1162 3163
1453 3039
6124 223
2107 6931
103 1424
6801 1877
7075 3198
684 3975
3657 5353
1733 5514
7173 3353
2824 41
287 8012
5959 2575
7456 7765
69 7551
3092 1639
4225 6228
894 851
1363 2952
1625 166
6523 5544
567 1020
2783 7974
6320 6443
2828 6031
1726 4751
8021 897
2047 1990
1164 2579
4562 7523
5468 3565
437 925
5425 2885
7729 3933
6491 7204
3597 7736
1802 2206
4464 1210
1356 5753
7881 6682
2040 7704
974 5932
3958 1494
2009 2078
5895 3733
1090 2985
2551 1148
6082 712
2700 103
472 4577
4990 3670
5957 3821
3937 1453
1663 1806
629 2572
784 6080
753 624
3839 5365
6777 6139
4530 482
6177 3848
177 115
2901 4942
2300 6108
6663 2256
4822 964
549 2551
4588 5539
238 1340
6879 7926
2573 167
281 3919
2683 4185
2005 5869
3668 6943
5041 124
5145 4734
3557 1744
3114 1077
6937 7561
5070 6831
2145 8002
7410 7789
7022 6986
4012 3198
6754 3124
1869 2950
1227 7127
1933 2885
790 954
5016 2502
2849 5462
1742 5647
3461 1064
6592 2458
2580 3677
4046 5052
6632 262
1918 5380
7490 3248
5003 1272
3882 2869
2127 5358
2905 7304
2035 5597
2162 3643
6419 3539
6940 5226
3631 26
4758 5523
5051 3226
7149 2139
4726 5506
3554 73
2195 908
717 2579
5626 5594
719 2948
204 7866
7682 1448
3044 601
1626 2696
6147 5574
295 5976
4334 6414
6179 3009
3143 7978
5160 2472
2657 7729
5674 3057
4244 3999
7447 6973
4566 5125
7979 5683
2765 3331
5272 6582
7735 666
1180 4540
7341 3652
6349 5859
4186 2682
3240 5875
162 3681
2488 3048
243 8003
3964 4258
6696 6615
874 6615
2293 6870
7048 3518
7703 1069
543 6865
4429 2276
96 1268
3832 743
6070 4513
4105 627
4510 1195
752 3348
935 4825
1095 6641
5202 6511
5039 8019
1222 5812
5712 7069
5173 6414
6481 2547
5201 7386
1432 6500
2965 4848
4780 8008
5228 1816
4007 2897
6316 5446
5265 1282
1462 3067
450 1300
4925 88
7917 4072
1819 1356
7269 7107
1266 7578
4159 3785
4059 6103
181 2285
898 3521
422 3912
5048 700
2334 376
220 2236
1247 7383
7034 82
7679 5311
2665 2293
3100 5263
838 7510
4831 2788
4818 6152
6780 3143
1984 1057
4082 2563
361 3996
971 7101
770 7961
398 1118
3356 3523
6032 6670
2705 392
4427 6553
6025 4360
6719 3646
3481 6655
49 4655
7908 933
1411 5836
6978 1990
7690 7734
618 7327
7806 7204
692 4787
5017 722
7134 1415
4158 649
536 13
3857 7527
6241 6635
5474 4413
2752 6515
2375 5050
303 1376
203 5474
4403 3157
7467 2432
2935 2314
6297 2459
891 7205
6645 252
3365 3462
5595 5607
2014 1810
4769 647
7860 7948
782 32
4700 1096
2749 3941
3500 8019
5327 5883
6562 4704
5199 4501
5625 14
2873 6950
3665 2758
6647 7148
3600 300
7031 2693
1176 5232
5809 4866
6789 6659
1873 5853
7373 3307
541 2962
2747 5446
2585 2295
605 690
3254 863
7080 5980
5510 5072
1857 7385
5410 213
2028 6244
5303 2603
5432 3586
2305 3599
3294 2945
5830 5705
3770 794
4555 6371
5440 6939
2856 1378
775 583
7133 3652
6141 6906
2051 3186
1111 6712
5998 2310
3082 7695
6904 5595
4056 5093
3155 411
4921 6069
7604 3735
2848 6774
7832 2399
8024 2928
4709 1362
3741 7637
861 2020
6925 1626
3879 6768
1884 581
5561 7884
6881 3427
2159 6527
5730 7151
5668 1432
1299 2439
6395 699
6585 5103
4279 7229
5207 3985
978 6290
1552 2959
4879 5708
4388 2967
2026 864
2298 1576
3667 5150
1401 5506
95 517
5058 2026
6132 6807
6757 5628
36 7779
7160 973
4563 6532
3994 3137
1026 1713
1624 5124
3317 5728
6264 4741
3771 1184
2921 45
2176 940
5713 4185
6172 481
1830 871
1600 1606
3262 1891
2088 4585
1321 6565
1188 7149
5504 2075
1273 4310
5732 1963
919 6803
4944 7860
4687 3677
3015 4897
7388 5071
4305 5461
2149 5020
2867 3555
750 2332
5151 248
3381 1648
2806 4594
5768 7833
4834 3265
7591 6976
3809 5380
6368 2774
642 6583
11 5519
44 3104
2530 3430
1827 5927
2686 4024
2423 212
1045 6371
7082 6573
4485 2017
4373 1281
2730 2997
1351 3045
3189 7594
6508 2370
8022 7114
3527 5562
6174 3085
62 5585
7285 7604
3003 5114
7579 2018
2986 5872
3166 7438
4559 1963
3639 3315
1021 4570
1331 1812
644 4680
6738 1663
7218 5288
3810 6050
2301 3905
1977 1425
2609 2520
1347 4047
310 6814
1752 7911
818 1046
2385 7253
2831 2212
499 4625
6106 1067
3870 7576
1958 4003
5790 6463
5403 5183
4978 7923
1835 2547
3141 5216
5928 7673
3051 4056
1483 3737
5321 6459
7176 1805
1167 3474
3562 3341
299 4526
2795 5276
4197 1164
531 6352
2525 743
5162 7532
2409 5196
1717 1632
2902 4897
1031 2459
1548 5001
2666 2083
1564 518
6246 3226
7136 6631
6286 6352
4893 6947
4163 6093
1799 964
5033 2679
6709 7400
5538 4707
4896 224
296 5391
1212 957
992 1268
4342 1619
2446 5739
2329 3742
2645 612
5696 6678
7001 5851
4620 2524
5130 4878
1398 2494
2728 6689
7924 3755
6493 5294
381 7054
6456 3952
6254 6335
2676 7729
2835 4680
2999 7390
3000 2997
2331 6896
7166 1260
1872 3483
7773 2889
6052 6108
5006 6577
6869 4434
4838 1201
7771 1842
1402 1500
2320 88
2955 6607
3036 2702
4492 2958
813 1398
4635 504
279 4715
1463 2657
347 1532
6089 6751
6611 260
3300 685
2613 2432
4316 2556
7462 847
1333 4201
4455 3745
628 5538
3468 3822
509 3844
6727 807
2474 7227
1550 601
1956 2730
4876 3649
7228 5554
4979 419
703 5921
7164 3562
2023 5086
4070 3595
6331 2755
6198 6541
6836 4118
4493 2046
5530 4785
6805 195
1439 1974
810 5640
4009 6783
3553 7246
6151 7836
4843 2005
1520 188
308 3525
3040 333
7024 2471
2374 6192
4774 7732
7986 584
5748 2930
4164 730
2911 5271
5364 5763
1257 7992
339 761
7749 5075
340 4969
335 1001
7508 1211
2259 4385
3152 2425
324 212
1187 2270
5377 3680
5366 6661
1214 2579
5547 2329
5808 2532
5583 167
4253 2215
5766 6825
1622 2774
6739 7972
5007 5283
6507 1791
355 1158
5392 7905
7569 5502
5563 4211
3173 6363
426 5928
5961 5021
5280 2648
2352 3198
4327 1404
2061 5555
1909 7543
998 5892
3748 6399
2103 900
5861 2231
153 639
7471 5239
1129 2807
6718 7216
7077 1410
4504 4120
970 1053
1772 1024
416 7905
4216 4809
6008 3988
3296 4272
3968 4407
5164 6137
7799 5140
5847 802
2376 6914
8007 2004
5722 7451
7336 1514
4146 929
5218 6776
2011 5350
6205 3166
4055 5050
2649 780
2744 3745
7916 1298
6129 3348
2227 4138
423 3892
763 3436
6764 1049
6444 617
1142 452
7541 3589
4465 440
1980 6703
5761 5456
7855 5510
272 3869
7376 1007
2264 7759
923 398
496 7377
461 5506
5962 1263
6391 684
1365 1335
4656 6694
3031 1744
2071 8014
311 4072
6946 6867
4667 744
3446 919
2336 2142
1146 6569
4011 5696
2888 3958
6319 5151
6888 3441
4001 7033
1595 3028
7424 865
5577 1155
425 639
6037 6375
7709 6636
724 784
3864 5151
2919 5315
6558 1404
4810 5860
1914 1525
4045 3701
117 3664
6231 6950
7338 4846
4750 1343
7425 5239
3206 872
3753 4859
486 1085
781 4474
2560 3249
5610 2653
2904 5544
4194 5781
3861 1398
638 2699
3372 1828
4610 3608
7615 2526
502 928
3823 5172
3935 2311
5439 5956
6034 6214
7949 2958
5137 6486
5 2601
2612 6486
6633 2858
1329 7038
4747 197
2970 5263
2779 7434
5608 1440
3545 4782
1653 4192
3054 2925
5054 1724
4368 3315
7741 705
3154 2262
3139 14
827 2183
2363 4811
7368 4362
2587 4831
1840 450
2340 7521
52 3831
4757 5561
3875 1595
253 7166
4226 7228
5227 7099
4313 4901
465 2853
3818 1638
3150 6438
151 6969
586 4922
5741 3834
7943 6068
5805 6805
3056 4348
2089 2228
2019 581
6771 4567
2636 3980
4703 6318
2814 4059
6012 7923
858 6370
1740 5257
7008 4884
7969 6505
5102 2955
4053 6612
5077 4241
4140 276
809 947
4861 7239
2583 2564
6826 34
4915 1849
1589 3552
2355 5914
2100 1146
5040 5512
7276 2244
6983 7362
3596 7608
1122 5027
1585 1643
3889 753
4209 4062
6252 815
7651 7178
5378 6817
6355 617
2003 4887
3973 5505
4170 2450
5333 4519
4528 6214
6344 4152
2289 4232
5716 5218
7421 181
2090 5884
5193 3026
7938 7891
1536 6754
6314 1450
5169 7089
3394 108
7620 643
4551 296
5967 2559
7073 2843
7477 2159
6700 6362
3528 7590
145 7983
6662 227
4521 1646
5785 1395
5586 5640
8027 2498
7469 4007
3890 5789
1390 4854
3847 4804
7583 5000
3697 4715
2223 2901
5254 3012
7739 4793
3648 5137
5528 699
5441 3414
7051 2932
6357 2370
5887 774
3199 2814
467 6701
6702 5625
7603 377
2595 775
4814 501
557 6697
6762 4503
5387 4503
1645 6661
5620 6108
3378 1615
4965 2591
1109 730
3915 45
4541 784
3453 2761
527 6704
7910 2737
3587 1055
673 1288
1685 1909
1323 4052
7047 7403
4256 1689
2492 2049
6767 6877
2213 4028
4084 1675
7854 657
737 3041
808 6629
3299 6603
2209 857
6261 1434
2426 881
7179 5622
7568 4893
5886 3814
3106 1800
4912 5360
7710 6582
7007 5794
6219 4901
5516 1254
7828 3708
924 5566
2052 7013
981 2894
3447 2073
2947 3233
7610 1093
7029 1716
1030 3639
2760 7030
6115 6414
3435 6703
6449 7173
2954 5394
4435 2973
2605 1657
1374 3604
367 7768
2358 6492
2095 7746
3633 6365
7783 945
1175 5791
7803 1445
4593 7672
2416 4989
1198 2264
445 7724
313 6769
1745 3124
4759 1787
2343 2885
2638 7702
3866 5937
697 4120
5632 927
6078 4457
2347 5906
6197 1146
7296 5554
7295 2055
2437 1599
702 2250
4453 3520
23 1801
4590 5118
2606 3678
119 902
1320 666
2838 4305
6065 493
7342 1161
2754 2557
5448 6603
5091 1727
5764 496
1731 2841
4517 3746
3730 5497
571 1714
6178 8034
6666 5823
993 3801
7531 1536
83 6552
7503 3072
6454 5385
4193 6342
1371 4179
4952 5289
6386 1214
5715 2889
6267 796
430 3049
3438 5310
7929 6917
7755 6953
1880 6905
3107 7000
5002 3517
1105 463
3013 4960
1202 7570
5416 4577
1140 5848
4322 5042
1328 6650
7795 2754
6512 3613
5929 181
4330 3737
3971 1906
2706 7798
6315 7228
6200 2828
6409 5049
3712 5978
3002 4347
1966 4312
1033 2015
7897 7021
6081 6008
7401 7222
1114 5452
1137 2814
3330 1338
836 5622
7476 7262
3070 1195
186 4832
870 287
7174 7383
7813 5769
1932 6714
7560 2214
3288 1454
3903 7980
6687 948
106 6473
5177 3754
7996 1094
6876 4684
7115 5800
5888 1136
397 953
3723 1297
6222 5914
4346 7677
3377 7562
290 2624
3131 3690
4813 3315
6724 6199
6885 32
267 1647
979 2630
4406 2640
5711 5397
4421 5193
5774 2341
1684 3496
2438 1842
582 24
1303 4297
475 6703
2251 5713
58 4917
817 4558
7480 1226
3764 1179
5222 3536
1174 3380
6559 3813
6758 4467
7098 6034
3338 7890
6340 2962
3463 404
2697 3821
365 5755
191 1597
4224 2208
4221 2149
613 4470
3200 5342
5542 5124
5248 249
7937 168
4644 1158
6887 3088
1060 3841
3579 11
6829 7816
574 5362
5105 6983
2722 1287
2708 7306
2792 6252
1005 2889
3319 1897
5210 1210
5329 470
2246 7330
8006 7598
5964 303
6549 6141
7301 4938
4657 1877
277 1341
4349 2374
4091 3050
6321 4173
4443 6573
6380 3306
4502 2340
7613 81
3727 1309
878 7198
8033 3860
960 2027
1814 214
3721 7867
5318 6640
1993 7772
343 4368
2799 5515
3464 3399
4626 2480
6513 1901
3977 48
4718 6838
4139 5675
3355 3291
5073 4178
5308 3026
4806 7637
4473 7436
1732 6325
6746 5293
17 4828
7769 6115
3484 1875
7455 5871
1586 900
3522 7054
3640 6921
5241 2830
1945 7376
2903 6506
2364 2054
2764 7330
228 7141
2983 958
884 4232
6536 1955
6435 3474
6707 4200
5813 4705
2982 858
2862 4567
7512 5380
6062 5441
6683 7926
4441 5013
6237 3585
5942 1599
4677 5754
2174 1331
6060 5322
4143 979
2816 4796
1867 972
1976 7609
6072 194
4727 2021
3507 3699
1138 899
4426 3200
937 1728
6908 1791
1642 5920
5029 7177
3454 5248
5406 3676
4491 7101
623 1945
6654 5505
497 2973
198 2193
1755 6285
6407 487
5772 922
3726 1021
3812 4451
6059 6694
1750 529
4417 7798
3569 4562
3503 7768
4419 5714
7350 7227
1584 3424
949 6043
6404 5539
2586 3103
5605 4494
4833 4668
3692 3061
7649 3639
6026 3376
3607 2842
5131 1307
4129 6904
4387 708
4341 1488
2367 6948
6354 3687
7711 3724
5347 1238
134 3744
2538 2007
7464 3139
7159 2932
6729 3661
5601 4882
1015 3769
5995 3895
2766 6469
2718 2182
1722 4211
5431 1688
5612 1812
6721 1422
880 4858
1144 2389
5885 449
4108 4252
7302 842
3729 5400
3922 4914
4314 3508
7411 13
1217 5160
4023 1369
1451 1057
5771 2857
5587 5382
7459 4633
4827 3487
764 82
3190 6983
4468 3543
5415 6743
5882 2526
5866 4980
7139 7847
4239 6752
2008 7617
2762 4361
6998 6503
1149 2897
6594 6226
2507 4153
1946 3869
3651 2780
1375 3315
413 45
1846 2882
302 1352
4365 790
5155 339
4269 1309
6834 5298
304 5956
2266 680
5154 3026
1803 5520
174 7770
4414 7229
4982 1575
405 333
6229 5366
3998 1187
4397 7601
4495 7570
4161 974
966 2441
3916 2396
1421 4335
7632 3180
4910 5646
7428 7688
1691 6030
1929 7541
2594 6992
4837 2815
5666 5016
30 6387
5568 847
7960 5
428 4278
3526 5442
3888 147
6417 4547
667 1267
2465 2773
5106 5312
4030 4373
1101 4042
1671 4600
4460 5327
5401 4502
2554 457
5846 1586
6044 6401
648 4741
7201 7350
495 4088
6849 3785
155 4305
6638 5856
7993 4491
7756 1536
3920 142
7662 6282
2876 7657
2451 5128
5500 4351
3460 7490
5328 2469
5320 6226
5864 3959
765 5436
5181 7969
7575 2139
7326 549
2726 6095
4189 3718
6726 5716
357 2906
5486 4977
6382 1615
6120 6608
3197 4484
3354 3342
7191 76
2489 1452
5493 2395
1153 2281
5153 215
4490 2434
778 3941
7791 2711
7776 490
5784 2815
4488 7475
6530 4201
515 1317
1491 928
3456 6783
7726 3545
4141 4977
5170 5821
137 6337
5814 1763
7959 380
3709 495
5802 4492
7196 2801
6307 4326
5693 4950
7838 2975
6468 4163
6485 5308
622 472
3538 387
3005 2125
6074 5858
7504 1537
1330 5515
3318 922
856 1813
5782 857
199 1916
6385 7081
5655 2983
3906 7593
1553 3626
1344 2044
4196 6464
1248 5182
3247 7374
1627 1203
4086 5554
6787 2027
5133 7776
736 4193
1141 5117
5135 3416
2918 5148
5721 2242
777 7506
5941 2453
1296 778
3836 3832
2608 5076
3138 5295
3127 6458
2940 3199
3791 7047
4919 6404
903 7489
261 5469
67 7327
2753 3895
1686 1614
3767 916
4134 2279
442 3053
4319 5080
3017 6427
201 4387
3629 300
7016 4945
600 6113
5689 3518
550 3269
3852 277
173 7716
6967 6481
3972 4343
6862 3956
2316 2618
1651 5793
2064 3602
5787 2515
2024 5149
2001 4046
3224 5357
714 7728
575 3672
1117 2290
129 922
1808 4375
3953 2565
799 6285
1617 7850
7607 5620
6781 3002
2326 1491
1481 2052
741 1468
2081 6491
241 7357
1850 7574
1480 704
6336 3783
6324 7110
6550 1843
6587 7322
5402 1842
5913 24
464 7637
1910 984
4005 4030
2160 174
6218 5839
6446 7734
3335 29
3768 3225
2118 1709
4101 2187
7782 6905
3762 5979
2186 933
4623 2409
3098 2310
3228 1630
4020 3795
2216 4993
3776 6147
4025 3367
5291 779
6794 1514
5874 3920
4015 3887
5658 7772
4971 1549
6514 2608
1658 7736
7984 2077
1381 6464
1315 3970
7313 7819
5418 3801
3046 1175
5815 4995
4792 6012
3312 6815
2403 783
883 6853
1099 1067
2896 1235
7356 5860
5110 4996
298 253
7549 3829
5925 4322
6187 807
6144 7115
6383 5706
3346 7639
1702 1287
4672 2145
6593 6946
3177 2833
6504 6427
4229 2179
1587 2071
6711 530
3911 571
5092 306
6995 4353
5736 7464
1083 4455
4479 432
6965 5713
1327 1335
4350 5882
6334 5135
4803 527
7100 6451
7524 752
1590 3473
5252 1641
112 3480
7698 3023
2678 4433
245 5130
7171 3040
4937 7739
5484 3715
1364 7579
3277 5423
2386 1190
5245 3190
2430 4106
7187 5713
5437 2615
3576 4969
3512 3088
51 4588
7597 6136
7414 2232
2225 5434
2972 2177
996 7106
6269 634
1543 7676
6791 7868
6243 6803
5019 441
4974 3689
7946 4991
2745 2051
7596 1525
3939 566
6378 3337
3803 4333
1603 6122
3428 2188
4337 6418
5174 4574
7220 6857
7292 1640
1397 949
868 5345
7041 6638
3276 6705
7706 7304
3901 3022
6589 7710
1964 6162
3425 4896
1970 349
1206 6848
202 4654
3884 3491
1620 860
5356 5382
4872 4419
837 5917
6158 3215
4690 1830
806 4548
728 4508
6239 208
4603 289
4791 3643
941 3124
6609 2682
3328 2340
1734 5892
2184 839
8015 3167
288 7451
1360 3983
1862 5002
1907 1192
7697 2816
7846 1202
6547 4347
5990 2361
6426 5353
2871 1510
1699 1973
4019 4173
637 1721
4291 2339
3962 6531
7930 413
2740 2668
4205 6350
2570 4086
6439 5871
4204 4406
1243 2194
1290 7798
6384 2409
2422 3943
4956 6388
4017 4961
4535 5724
2203 1347
2041 4368
3220 6109
5129 426
1004 6834
4710 2695
4044 3599
6677 5662
2131 5328
5729 6504
1784 7434
805 6273
6809 6168
3091 559
2297 770
3732 2025
4270 7736
7744 2984
2870 4426
6045 140
1852 6764
1379 424
443 4890
6880 5097
4246 4790
284 7800
5481 6506
3467 7508
4776 4209
6121 8014
6873 3718
3997 2113
3259 1896
6578 5741
7909 7354
1573 1319
5638 7827
3781 1378
19 5812
3271 2035
1240 5554
2537 20
2861 3394
6598 6107
1013 1855
2916 6719
1939 7113
5444 4422
5098 6385
3352 7616
4281 6332
7631 7520
6101 6278
767 1988
2308 1661
4697 1205
4756 3278
3293 2939
5644 5466
4127 635
1919 1330
6084 4765
3827 1762
7645 3139
257 1481
4449 928
5651 1774
3650 7548
564 7901
7308 1011
1285 2748
2479 7001
7705 7372
7328 1039
5087 3054
2012 1078
5330 2800
1911 2559
2034 6329
5725 4210
1438 77
6991 4980
2724 1393
5982 2672
2529 4669
4571 7305
6693 7778
2555 4518
577 3031
7737 2179
4682 4921
6021 4508
4219 6557
6260 2555
621 1409
6048 5752
7235 3183
694 7882
3242 4004
1556 7844
1236 3895
6403 7731
1898 2680
6748 1547
3136 1094
668 3010
2872 7108
2099 6460
3457 7013
524 2821
7680 7859
5624 6013
6020 4546
353 6632
982 5169
2315 1214
677 6242
2135 2254
5991 1899
4723 6313
1605 2596
3375 7052
6971 1387
6398 5114
217 2740
2365 6201
3126 1571
2770 1105
2844 7741
901 7025
1660 766
7260 2757
665 6256
1838 6644
6450 5109
2855 7763
3371 6117
6258 5080
1027 1161
6539 7344
7883 5667
5249 6568
6436 2880
2803 4417
1498 5256
4812 4531
4911 4679
1314 1941
2456 3587
5613 2031
7485 5358
286 6866
478 1078
2991 2721
1820 1547
5591 5515
6266 4084
4145 2684
3571 5155
1754 5549
360 379
6575 687
1967 5234
539 2474
6138 930
7315 494
1886 5821
4573 3103
6766 1378
5472 4861
6437 7983
4544 5055
912 3313
3266 133
5060 3568
1322 1867
7962 2845
5142 665
5032 6230
2826 7672
5447 6993
4111 1003
1239 6494
7078 4042
6263 5172
828 7859
4386 2623
3938 2337
5235 7184
4248 1348
585 48
4823 7174
942 39
2371 1940
999 2587
532 1465
2110 6258
7219 2945
4280 2498
5780 3278
5381 3363
4926 6227
651 5693
111 4109
3688 5998
833 57
2980 4222
943 7612
5757 7830
1935 1176
5749 5722
889 1227
3034 6372
5373 3548
2704 2203
1189 3496
322 3526
1221 2446
1566 2449
7062 3008
118 667
2669 517
2957 3121
2793 4265
3113 5998
6730 181
3311 2627
3653 5092
91 957
1607 1282
1538 197
5968 3656
1706 3243
6637 6358
5443 7759
2360 5214
6649 757
8000 865
1882 6630
2544 6131
6270 5338
1565 704
989 702
3945 5484
6728 645
7142 6636
5188 4323
2330 2436
6753 2557
6551 2051
573 4861
3969 6673
2482 655
2098 5474
1066 6909
5532 2919
433 1224
484 4101
2949 2546
2373 5095
6038 3085
598 4427
6665 4315
1490 7877
6785 3089
3495 4953
2229 1318
7320 7325
3116 6517
4212 7382
3885 2314
3432 4374
4332 7856
265 767
4645 5497
4061 4589
7499 1223
2875 5731
1826 3796
4722 2147
5996 3018
2299 3185
5673 7152
6977 5261
2674 3372
326 6314
918 2907
2874 5201
4469 1204
5085 5278
6271 3558
3404 1624
5898 6886
2635 7479
6923 382
2614 1293
7267 667
6749 5860
7412 4884
1427 2795
358 1020
5900 2413
6858 7312
6627 3436
3758 7989
1591 5265
5122 5539
4431 30
965 7577
3749 407
5890 354
7211 3617
3786 2216
1193 494
1735 4707
2768 1708
4237 6629
5355 2994
5930 6773
7396 1312
4587 228
5751 5339
6621 1236
1853 4584
6942 1893
6027 6807
6933 4127
1718 3279
7435 5148
5634 6946
678 5571
1851 5395
5037 1107
7361 2663
369 85
3990 717
5115 66
6970 308
7225 5519
1104 744
3486 3504
342 7314
3855 7709
5509 5414
6024 1195
6913 2834
822 3766
5919 7739
6483 6229
399 4591
403 3955
5335 6245
2660 5189
4696 6585
5543 2801
4104 5242
4267 6121
3696 4479
7117 773
468 3912
6428 7385
3066 2984
1079 3527
5746 3663
7418 7250
5945 2128
5550 1917
6272 4216
4762 6007
7298 6180
1473 3209
5457 3053
6157 4690
6622 2413
2960 3502
1302 4889
5799 1905
2219 3863
4686 883
5557 7777
4234 6089
1023 7193
7299 3495
232 3625
1697 5988
2201 2507
7622 1543
6488 448
4404 311
4689 5037
427 5356
7432 5287
2091 3507
1458 5737
7104 4916
3213 4440
7165 4984
79 7226
1143 4605
7725 4785
5841 863
4835 4478
1785 4280
4309 7033
2335 976
2878 1018
3739 2299
2405 2852
7600 1961
320 3571
4424 4063
401 5350
4168 7517
3343 7095
7997 5605
6233 806
4022 3218
6284 5541
3205 4430
4273 1619
7221 1952
959 4265
6433 5063
6875 3296
7208 5140
1817 6452
1133 518
1334 981
4752 5415
3111 7030
1528 2173
383 5085
3921 4719
6792 1711
7696 1944
6291 5385
1764 3120
2769 3188
2689 6669
544 1482
1076 4918
2978 2670
5269 4648
4382 2152
5123 3867
735 7644
5897 6157
7248 5957
4057 3165
4894 6158
7185 1530
4583 5258
2791 4989
4988 6242
8018 4985
1270 2193
7708 3646
7802 6861
3482 7152
6847 1020
1417 6105
1399 2892
2522 4539
6634 5366
5319 5667
6646 6258
6813 3471
6839 1168
2642 2087
7718 1335
2771 7982
6542 4008
451 5748
2505 5685
5498 6847
4049 6420
7758 2489
2102 985
5878 963
1588 3528
2476 846
4637 834
1132 1569
7393 1335
2383 2457
2775 3894
2496 6998
7046 1980
1616 3348
163 6125
3148 3984
7450 3501
2703 4490
1841 4176
2268 6986
2534 1403
3055 2701
4877 828
3740 933
2224 4169
2910 747
3549 5320
7195 996
2 7366
4920 7996
4537 4323
2123 63
3978 2176
1804 544
6822 6522
7442 1844
2964 427
7720 2840
3691 1463
1794 5891
7638 649
6732 1929
1908 3037
5639 7897
5251 5172
1196 5833
3806 1129
4245 6259
4317 1199
5654 7604
962 4332
3627 3044
3351 3229
5167 2584
4869 3284
6975 2712
2578 7839
2407 5895
5463 8013
6390 682
4753 4806
3575 7561
102 4537
5564 5076
2865 6162
6104 7252
7973 1431
2167 3895
2447 2620
4997 3772
5767 5447
6927 5227
7288 2491
1797 4614
1501 2077
6474 5885
2158 5841
2646 3847
1700 4001
2312 1109
7441 1525
233 3617
1337 5394
7125 2871
2233 7750
412 6129
2283 1137
5792 1659
2362 1903
4821 1081
2248 2555
8001 6447
2272 3819
7667 7954
3413 5672
3146 913
5652 197
716 8011
3437 5201
1885 6678
7665 248
1650 6984
6812 2078
2832 7188
7332 7861
1682 2891
3707 6613
2146 4244
4966 4926
4860 7560
1171 232
5773 129
512 4709
882 3535
4760 343
2204 7671
3761 6241
2519 2446
2417 2343
3076 5848
5692 6394
3710 744
6161 7801
5854 5075
18 2474
5909 2655
3993 6625
4873 2701
3184 19
7094 3783
65 227
1544 7610
1736 238
6833 39
5427 2074
2239 5424
78 1214
788 6118
3062 7757
845 7931
4575 893
6759 3947
7572 2219
4208 7727
2790 24
2294 4179
602 2064
6087 3810
3644 1142
2922 1439
2394 411
3674 1157
2688 7154
4475 7647
2006 3856
4735 7628
4231 3225
6671 5729
1822 2011
1283 3598
4396 997
7971 1945
6475 7417
1780 2156
5935 80
4036 7731
1311 5735
1166 7912
3609 5588
1825 1041
1244 7533
3773 5356
4068 6901
1562 6604
6710 583
7183 4560
7678 793
7460 5342
2751 644
7058 1824
5490 7686
2211 4980
6482 1635
6183 4212
4340 5681
5994 6030
3071 6639
7944 7608
3618 7199
6733 1298
1100 607
5190 3796
5459 6136
7009 1553
459 4751
2255 6573
7785 5643
6788 4581
3411 8006
2478 3416
6599 5282
4131 1633
271 381
5825 3492
157 1668
1989 250
4039 4001
7825 4884
389 6989
418 7732
3211 1512
7430 485
4771 4231
4524 4560
7627 316
1106 5822
1518 1159
1152 4217
3472 5418
7111 5937
5804 1806
5818 5595
1926 5084
4628 4476
7851 4827
6540 7501
4880 4260
3238 3531
1613 4526
2915 3075
2604 6226
3929 5375
2879 7796
1854 6240
4895 1699
7864 2997
7194 4086
7251 2778
7433 5026
193 7142
2499 943
1748 6765
2825 1979
7378 5542
2181 68
2607 2422
4014 2392
1232 460
6952 3018
1534 3150
7941 2927
7405 3279
7760 1444
4606 2522
977 37
6526 7762
1839 5189
3931 4142
4598 1189
1904 2657
6281 5443
176 2968
159 6529
5511 4826
4698 1046
5205 267
7444 229
7367 5595
3222 1264
7652 6483
3374 1817
6668 6447
5244 868
706 4934
7761 61
4948 3087
1678 1052
3347 4375
5247 5203
5955 645
5197 6363
6563 3092
7936 586
2292 3943
1050 5496
4283 7193
1975 6038
2296 3665
2963 1213
7538 4826
2154 7110
3478 4151
6544 3396
2884 7569
2068 6475
1419 1952
5411 6473
6889 3659
2485 7163
7268 3695
5494 4685
6502 2554
7353 7746
7546 5663
938 2026
1274 6962
1930 6136
1811 6037
6238 4444
5407 2792
2072 6051
2658 4713
22 3597
7190 7
116 128
946 4778
1229 835
3578 4644
6276 7685
6477 1566
1025 2674
4010 3823
4817 1953
5740 6235
6784 5906
7880 1466
138 2865
7692 7425
2863 7084
2062 6078
6311 3070
4496 5275
6146 228
4640 2725
5386 662
2717 5748
5907 7992
7947 6704
3304 6936
7935 745
3392 5796
7381 1068
7279 4504
3979 3965
3805 5413
6958 5292
6160 5688
2510 4954
3320 600
6393 2603
5450 985
6100 2811
859 6479
2837 4743
4124 1208
2303 1897
90 160
363 1802
3052 2889
3442 101
3069 5509
1040 6902
1499 650
6274 4973
3068 1836
2691 3717
4218 6138
7896 7242
7715 6004
7453 2526
3974 2579
5565 1393
4986 3239
7585 6091
5954 5930
2112 607
5916 2770
5467 66
5367 5967
7015 7196
5144 394
3534 6552
1559 3200
6366 7551
3283 5487
6009 7776
4731 5983
4214 5856
7360 202
216 2403
7446 4482
5297 6750
1934 7037
3192 3665
5810 3675
164 1752
5184 4388
6648 5909
7389 3926
1135 3863
7274 6022
3800 4884
1900 2228
1436 2585
1701 4453
1009 5405
6623 6617
6832 2434
2545 6457
2664 155
1042 4870
1474 4587
7814 5872
2419 829
3966 6833
820 8003
5840 2148
1433 7139
6524 5526
7245 7699
3231 404
4462 5071
1032 4672
2629 2423
3125 1100
1902 3249
7413 5624
6652 498
1449 5261
5873 4524
1408 6723
3349 5085
4113 5975
3747 4641
879 1259
2260 6639
4367 303
7818 4194
1065 3948
7841 4602
5949 2826
4299 6819
7203 7321
221 7314
1339 1061
4536 7110
294 6166
5399 914
1692 3884
1983 2057
5421 5304
7440 4943
3130 4776
4130 7571
606 6968
2093 5305
8010 4022
2798 3481
6079 4269
2694 6046
4607 7931
6445 6208
3700 5907
3630 5835
4586 1549
4436 5145
7498 7671
4073 780
239 6680
7544 1424
6295 4574
5677 6552
6919 81
1535 1060
1383 4951
1579 3114
2217 6356
226 3886
1526 6924
4160 1386
94 3870
1286 2955
1995 5265
4236 2311
3828 2891
4613 2262
1925 624
4998 904
7550 7643
7291 2292
6954 2787
5119 3050
3309 6274
7002 3541
6731 559
709 7272
7210 4711
60 6645
6570 5105
7573 5996
2069 6710
3101 3719
4580 6324
390 7973
5503 2433
1000 3824
3470 4614
5438 4697
4307 3451
6042 8006
5156 3057
3910 3614
7557 7048
178 184
5243 7315
3398 8016
5592 553
2735 7530
6576 2665
3655 5008
2442 2865
2429 4817
853 1306
3303 1267
1492 557
5629 6810
6077 1486
5637 1413
6800 1270
4410 4825
338 1208
3703 7429
3588 5240
1388 6946
183 5434
630 6466
2170 7226
5212 1917
2171 4909
5524 6231
6055 2866
3142 4073
3634 5002
6910 6952
7994 2250
5299 6490
7945 144
3364 7199
6545 6228
681 7663
4416 3044
812 4201
3880 6777
1845 380
435 5981
6 4517
4875 4642
7605 5350
4026 6710
4437 5187
875 5057
3838 7917
2938 1536
915 5655
990 7494
93 1602
4929 6630
1058 414
6203 3744
554 5212
7683 7040
1743 5787
6744 3881
7066 3941
7236 6944
1703 6465
595 7546
7831 2932
4651 327
6519 700
4486 4779
956 5969
7660 1916
2207 7420
4069 3527
7121 5402
6392 419
6686 5723
4177 979
3391 6572
7666 5955
50 479
6094 1437
1513 4077
1561 930
7207 4966
4520 4935
674 4976
7747 7704
1972 4109
7822 6676
4664 3672
7482 3985
2445 5672
6495 5725
5797 3687
4786 1657
6305 106
3660 2875
3573 131
5476 7495
1048 3524
5648 7463
130 4497
7375 3933
5090 5548
3030 3378
2805 4327
558 5372
7792 3380
4781 3792
3949 3632
7787 6364
5223 6621
3638 4363
4933 1956
1154 477
6920 6137
7169 1626
2743 7795
6232 1868
4250 4151
7895 4480
1139 1888
3386 5853
5704 988
5368 6967
319 2749
329 3769
6772 1328
4646 286
3851 7950
4671 5460
3208 1161
500 4628
4830 2930
5043 6390
3426 5503
6088 5163
4230 2328
7339 1760
1574 1295
356 6678
3584 3805
843 3742
3865 5557
4308 6850
6330 6836
3445 5568
6167 3464
6096 2586
3382 6560
7623 1713
120 652
6695 2558
4415 1491
1350 188
1130 1557
3679 3400
3110 6326
886 6546
2941 1345
7212 1887
6301 2823
4029 6827
7370 3196
5458 3660
7871 2629
5171 1252
5126 6774
3033 55
5533 2475
4728 105
4389 5544
171 6005
4286 6194
5217 823
3711 3972
6974 1908
4058 5361
2144 7654
6525 289
5831 1551
312 6228
7646 979
2511 2828
3904 3635
3004 7780
6268 5472
2269 6628
6872 6292
5776 2643
7061 783
4542 1210
7790 1976
7977 5389
2536 3105
2448 2370
6610 5326
7985 121
5370 6484
4970 2131
3025 3855
6462 7651
4259 6823
2321 1771
5811 609
4408 932
3252 1626
6306 1111
2169 1116
2138 6353
4463 7302
3662 3770
7870 4050
1631 3403
2561 6677
5912 3800
3820 451
7397 6661
1997 4534
2380 5520
4729 2092
2101 3166
5619 3389
5691 7127
2566 1896
2808 6112
672 7903
2327 4329
3900 5929
1680 253
1108 5254
7808 7099
2731 1909
4295 1973
2716 4537
1416 1776
5056 85
2045 1402
1469 1440
2881 5374
7522 5796
4487 2656
6163 5170
3160 2856
7254 965
3621 1437
3095 3822
1181 563
6302 5097
5923 7942
6843 1660
5576 6472
7786 3496
1712 5073
1262 5813
1258 1661
2602 1640
6018 6480
6413 6167
4027 4453
292 1032
210 7214
6860 6481
733 4254
6533 6208
921 1867
1656 4499
1770 2120
7247 5042
5829 479
920 685
7028 4797
240 3456
2523 6283
2322 7962
1707 4809
7358 5256
5066 1773
1738 3322
4282 5058
4799 6420
7120 4973
6675 4181
136 3178
3683 3934
3673 6891
994 284
2271 4046
3194 3947
7277 1970
7742 2465
887 310
4947 7106
1912 5620
2709 4406
7070 5612
7487 3488
350 1594
2675 1522
7135 6898
2410 6191
6745 2763
5870 1762
6591 5145
5046 6337
6811 1784
6010 3254
3187 6811
5726 299
3388 4259
7124 5069
2126 7353
9 4090
1634 3040
7258 4522
5116 6351
7318 6385
5806 4241
246 1902
4629 3043
4981 7601
5191 362
7311 5327
2202 6317
417 1828
6405 2394
4446 7633
3603 4591
3282 7206
5760 591
7587 3926
1524 7101
3547 3378
3510 6366
3448 842
1082 2879
7863 3096
4601 5186
6797 1635
2377 2930
1913 2408
1160 379
7335 6433
5236 4466
293 6435
5944 1179
1968 2534
2549 6884
7500 3314
620 7481
4458 1508
2086 3466
721 2663
7343 279
6053 6903
7519 4561
1502 5396
315 1143
1121 5201
4174 4852
7849 7677
6835 6450
2466 893
4220 7182
7812 6612
7102 1246
2097 7402
664 6883
7907 1529
5703 7471
4749 5734
6421 2980
6169 6041
6775 5083
6327 7322
1583 4341
2710 6259
7468 7744
3093 5396
2729 6034
2455 5444
1720 5548
2241 2089
5879 4367
4498 7815
7805 394
5417 3695
1768 5568
2741 7823
676 3724
1920 7772
1832 562
2979 2777
7458 716
6442 4883
6262 3470
748 3264
2988 5004
4755 4674
5059 4159
3223 3688
4418 2368
1864 6016
1234 4048
7042 7034
3422 6186
6083 1149
469 8013
720 183
7589 3122
2105 3867
2280 7499
5664 1591
1890 6823
7927 7821
2387 750
8025 7090
2868 1761
2992 5327
7599 1103
6489 4560
7635 2792
849 5888
6221 6097
786 3114
5756 4920
6846 4741
1200 985
6653 1694
1788 4450
3144 6318
7810 5250
658 2564
7404 216
4609 241
7129 837
2460 443
372 3020
4507 615
3570 4162
6596 1864
6963 7418
2002 1315
5559 186
4136 6040
7265 1721
4708 5109
4325 1166
1609 2072
7197 3571
5010 925
148 929
7065 1475
7940 4187
1325 1721
3077 7562
5682 3775
1294 2256
7740 3077
6234 187
5966 2656
1112 2411
6982 34
3171 557
5590 3110
4840 7262
4839 5940
3406 8011
5290 3090
2521 53
519 2787
6127 1565
5513 3462
31 6198
3217 7666
3332 780
2172 7685
2996 561
1601 5210
5838 7381
5104 3012
255 6832
1308 7985
4913 7123
1178 718
47 2231
1368 5039
1394 4827
540 611
6153 3742
122 5976
3725 2869
6441 6428
7249 6535
396 2850
3567 2878
7130 7089
5970 4412
5698 1629
6424 7640
3544 1440
5701 965
6360 2592
6614 1800
2912 8011
269 987
72 4658
5426 1169
7092 1302
189 1410
3897 1713
1922 1348
3440 5312
3390 2224
3759 5854
2486 7057
6955 2294
4694 1495
6145 7409
2767 5731
2473 2864
7209 4643
7618 5773
5676 2664
7415 1437
192 966
905 7203
7380 1973
2667 1434
4298 5493
4098 72
2359 7778
2998 5379
5742 1159
6039 1778
1931 120
2839 4837
6961 6577
3702 3319
3794 6465
5185 6726
4228 5878
7478 4571
1790 3517
6150 3357
7297 4105
285 7259
7439 7830
3850 6288
3868 27
5618 584
4638 2258
2143 6511
154 6096
5430 7479
1865 2319
6415 6165
2550 6066
5903 7143
6373 468
1793 3994
230 7189
1823 2604
71 5046
5341 4164
4621 948
491 2401
4172 5145
2917 3262
