5299
546 813
3411 546
4344 546
3085 546
3237 813
5290 813
5063 813
3517 5290
3418 3085
129 546
436 3418
789 3237
663 813
3056 5063
1762 3418
3319 129
1325 3085
2785 5290
4597 5063
5058 1762
4424 1325
3472 5290
2547 3472
2509 3056
1579 436
199 4597
1618 3517
901 546
3013 3056
2468 3517
1667 1579
202 1579
4997 4344
1810 789
4768 3013
1081 789
381 5063
936 3085
3029 2785
745 2509
4621 936
3983 3472
2552 2547
1778 4597
4286 1081
895 4997
1246 1667
976 3319
3994 663
811 789
3659 663
2837 936
1472 936
683 129
5070 1778
2513 3085
3282 3085
956 5063
3936 901
278 3013
84 901
2128 3056
790 278
2119 4997
2989 811
2833 5063
4131 1762
20 3994
1253 129
4705 199
2156 3472
1235 2156
4945 2833
3234 5070
3741 4344
3723 4705
5226 3936
471 811
2649 790
4644 1472
748 1810
4580 2785
947 3013
2796 471
3323 813
1904 2128
1859 3994
2059 2837
206 3323
3572 2468
2609 4945
4778 4945
323 3323
2146 3418
4254 3029
2470 2649
1479 1235
5286 2785
1531 84
3405 947
3189 199
533 1081
1636 936
2217 3517
640 4424
94 1762
2881 2609
183 936
3885 3994
1898 3323
2541 2509
4078 3885
3134 1325
951 1235
2768 745
77 1253
820 4078
3949 3472
713 3572
4720 84
2395 2156
3172 20
4485 436
1965 4485
146 323
1252 745
1297 3983
5089 2768
2824 663
4312 1579
3567 1667
190 436
2471 3472
1522 183
4164 1531
2432 4720
4411 2432
688 2609
1784 3134
1614 2796
2631 1778
243 183
2846 3983
2200 4424
460 5089
4087 3282
1008 2833
49 1778
1209 5058
1201 748
1555 3319
4521 190
3256 2156
4963 94
1803 5070
1801 3885
412 2156
3600 3234
1983 146
3941 951
2854 1618
2318 1297
1967 3323
4922 5089
504 199
166 1967
3595 1898
1260 2471
5033 3741
1675 206
2068 1081
3573 4078
435 4580
3229 3134
1583 1778
2727 947
1895 2432
4933 4945
5147 2217
4907 1667
833 956
1822 951
3049 1522
3022 49
4466 2846
48 3411
5002 2509
1703 4945
1046 412
4221 1614
2019 2552
5298 1636
2678 2318
3555 4411
5117 4720
1486 2768
1181 3573
2487 2119
4816 2552
1706 1667
2367 3567
4503 4078
2085 199
5279 1762
53 2217
2794 2367
1100 3418
4291 2509
4284 460
372 4485
3094 4087
353 5089
2742 4521
4981 2541
962 4344
4285 3472
5192 49
4749 3189
4842 2541
2492 3936
409 3983
1261 4621
1884 5290
2855 3885
4616 3282
3181 1246
4487 199
2993 504
2260 546
2830 2059
519 3659
2992 2471
3254 3085
3324 5192
1062 372
2516 471
3509 5279
3558 2727
2305 4424
2354 976
4794 2318
4661 2678
4024 976
2588 5226
967 2993
1540 1801
1366 745
541 1703
2507 4922
1715 967
741 2794
2327 4981
4094 5117
4491 5117
1204 820
1337 1801
2495 1337
2906 243
2227 4485
2004 4286
4654 53
3776 53
4953 2796
1011 2305
3122 5089
1121 1703
2397 4644
2870 1579
1888 4749
2306 3941
3320 2471
874 3094
1913 436
1379 1898
1869 1810
4072 1246
3960 1366
2402 5070
2690 199
276 1636
2813 2128
321 3056
2048 1181
899 4661
932 688
4246 1913
4670 3237
3252 4221
3424 1810
1980 813
4248 129
1880 3282
3855 4164
4206 190
2781 3659
9 129
175 4284
3465 3558
1442 3517
1791 3558
3438 4705
615 1540
4117 4963
3858 3573
2426 1904
4001 640
1456 1895
305 895
1445 2487
1094 353
4026 1715
3681 94
3149 1859
3909 2727
1024 899
4919 3022
807 2552
4552 3320
3112 202
4451 3472
386 3085
4114 1445
930 3424
2908 2906
2704 4521
2313 3022
625 1472
1883 1803
3543 84
1767 4963
5291 789
4258 1869
3058 962
1131 932
4569 3134
2213 4284
682 190
3492 741
1169 2870
2336 5033
3781 2305
1428 4312
486 2313
2321 166
148 1983
1915 2200
2261 1888
1056 5192
3003 1131
3116 1456
2608 1081
1589 688
4717 2402
1743 1201
4776 4072
5205 3509
1502 9
1443 460
3790 1703
46 2552
1179 5192
5296 4411
4374 1325
2174 353
2728 2727
856 1253
1407 3543
1115 533
5097 2678
5185 2678
2007 1589
2302 2492
1429 3013
115 3960
4774 789
4986 615
4364 3960
4195 1531
3010 3058
4252 2004
4293 9
1242 2354
418 2318
869 683
4497 3319
3310 3949
5076 486
4773 3790
4338 5192
2075 4981
288 486
891 1579
4929 2608
128 1801
3111 2631
1358 305
928 1801
893 4953
4103 2313
2644 3112
2576 2992
270 2507
2709 4922
561 2768
4785 4705
4352 956
1065 3010
809 4963
3392 3310
2389 2305
4074 1778
4732 3234
646 5226
598 4720
3014 175
1075 4284
4279 5070
5114 1209
1343 3776
2344 3558
1128 1913
5189 4654
2566 2993
4755 5298
1960 4246
3114 932
1000 3781
2242 2068
3226 893
5276 4374
4747 435
2277 9
2802 1822
4433 270
735 4749
742 5296
236 323
671 3003
3603 4521
803 1583
1517 2833
1002 3858
4402 646
4895 412
3833 1540
1811 1980
428 166
2534 1252
4055 2837
4643 2313
395 1000
492 682
3251 3833
3203 1555
3510 1056
4564 3282
5142 3094
3925 3909
191 4580
456 3994
4949 3983
4158 4521
4690 1204
1973 1253
4342 2796
4894 2200
56 1502
221 4717
2726 625
4840 5291
4426 1869
2967 3723
3039 183
5093 2509
1731 3885
4242 4279
2024 3555
3475 5226
2766 4001
3096 928
2551 1767
3686 3723
3612 3941
4059 4158
4000 4352
80 1614
2990 48
826 1884
2086 3833
778 1618
2036 1618
1170 202
4435 3909
359 4616
3268 4768
4557 1980
4682 2908
777 671
690 3096
4207 4103
3702 2990
1309 191
2912 2507
1796 2513
2558 199
4676 5117
3230 3392
4699 1904
4724 4059
729 2336
1958 4732
4633 1555
5183 3116
3089 2678
4002 1796
3955 874
600 4487
4397 2024
1639 2389
4154 811
4019 4002
3579 3595
676 2059
1154 2766
4265 2566
3063 4953
4807 3411
1653 372
293 2609
244 2395
2539 4154
1005 2690
1526 928
3347 976
4849 4699
3336 2824
4753 1517
2589 893
1969 166
2163 1337
2061 1100
1753 2992
4318 3094
2679 2766
2131 2588
4899 3251
147 1675
4369 2690
3200 1880
3618 4717
4304 5296
4389 5291
179 690
1808 1154
4201 179
1432 2227
5280 4279
603 2726
1180 4369
1619 183
205 4424
3601 2830
2324 4899
5261 2036
882 4981
5263 2992
3220 3254
586 147
3862 1579
2376 183
2011 2217
4089 2989
919 4265
3157 1445
1218 3010
1819 276
363 5097
3170 600
5119 1000
2476 243
3854 2163
2561 3112
3848 3268
392 1179
4909 4402
726 856
4664 4426
1198 742
4927 951
3145 4024
3043 4154
1461 3149
2488 4000
1310 2302
1988 504
4441 4433
2205 4564
1945 456
4973 1428
3770 3517
1135 745
4163 2589
4443 2048
3365 2426
2438 4221
4370 4705
839 2992
697 3723
3503 4195
3590 2324
1232 4055
4902 1081
2522 1619
5164 2992
4033 1731
3980 2305
2185 1407
3904 932
3984 1888
2852 2561
4469 1791
1585 4682
771 2837
2053 2086
3745 1784
4122 2024
2457 1081
2121 1179
751 663
1841 4254
2115 2704
2162 2912
723 9
265 305
794 1619
4821 3320
3760 1046
5198 2470
1951 4072
2112 748
2662 1895
76 3955
248 2336
3277 1706
2627 2487
5108 4279
535 1198
1414 2802
1505 1046
4068 323
3391 1505
2429 492
3188 4497
4568 671
1812 4221
4073 4131
1977 9
3166 1075
4940 3509
1457 2487
2272 625
64 2131
1048 2402
5293 4424
5197 1131
4533 2086
501 1980
4043 3220
4067 1977
2722 4389
850 1414
1672 2854
5288 1517
2754 3595
5213 3230
706 2367
4833 4644
3253 2487
1924 1502
5013 682
3961 2488
3614 3013
2746 4724
4883 1154
5087 4344
2820 3858
2978 5280
4860 205
57 492
227 2690
4714 3612
885 49
2664 5213
3988 690
740 688
843 1456
5141 199
4399 1977
3276 3411
1948 4557
3266 2327
4585 2746
5060 4714
477 2870
1464 1486
3135 4724
458 1179
2271 1179
5187 2131
3292 3145
658 3936
4361 3424
5100 2318
3481 4397
4988 4024
5008 76
2369 4342
4604 1653
3637 2075
2875 3365
1827 9
3560 4286
3795 1778
1694 4285
4403 1965
4734 1822
1424 1242
832 3723
489 2679
853 1180
3838 2662
4936 4883
4172 278
431 4894
4534 2488
3894 4026
1646 4521
491 1967
1615 2709
5216 3988
5052 2227
1211 1951
4136 658
5038 5100
207 3170
3706 4114
1425 2376
1537 4860
397 2146
821 807
1699 891
724 1811
5184 4557
89 1653
2224 2766
3191 5108
4681 56
2288 1731
4832 4670
1830 1801
1322 4755
23 3253
2915 4682
995 625
4308 3723
264 236
2049 951
1022 5038
4596 56
1130 3579
416 1461
4627 821
1669 2438
5028 1242
1603 80
4646 561
35 1669
4650 3904
2474 1464
3130 5290
3161 811
607 1898
1772 4291
4387 3049
2319 3590
4595 3961
1834 2552
2927 2830
4866 1428
2714 4734
4231 4286
3578 3230
3008 2288
774 183
2254 891
5274 2174
3780 1115
1643 5280
3314 2305
5169 4596
107 4717
2816 3475
4165 5100
3412 640
1638 4534
3349 409
4489 2053
1188 751
4343 4621
1058 3424
3284 2507
5031 293
3840 4597
1444 2288
2954 1429
3529 4072
3734 4768
2838 1526
3901 4621
163 3029
1127 4670
3440 4899
2760 5147
2925 4929
3036 4131
4041 2205
4878 4019
3675 3324
3403 1913
4905 1895
2889 1555
4651 4776
3907 1589
3378 2990
2383 2048
1624 1615
1974 1343
3410 1211
3300 486
1837 5038
3148 1444
411 3253
1774 1310
5096 428
382 1743
162 3036
5262 2746
169 2205
4039 4902
3876 1822
2106 4451
2287 4699
4109 4778
2400 3637
2903 4988
823 2588
2482 4078
2497 5087
1954 2662
4803 436
5238 359
4101 243
3823 2824
5284 2908
1677 936
5128 4849
588 4953
1025 276
5053 745
4063 3823
4757 3517
4134 2007
1496 1209
2030 5238
3866 4778
4996 2471
1573 3612
1338 640
5106 206
2898 3347
2585 4646
4825 183
1944 3003
92 2727
3470 962
3928 1555
1481 4597
2173 1603
837 1636
4800 2426
2779 5296
2216 2547
3437 48
2681 3039
1155 2288
1314 3573
502 2992
4582 2200
4412 2106
3727 3226
1766 418
4647 2344
1013 4352
1311 2722
3797 4902
4729 2906
1054 2470
2211 4714
242 4001
767 930
4629 1653
1737 5261
2683 3983
835 3481
553 2627
2657 4397
1410 4231
3718 3612
3061 2541
5068 199
4392 895
1362 278
1059 372
3908 89
2828 501
5246 4785
1003 688
4151 5238
3496 3323
3711 1869
352 3226
1728 3838
4656 928
4315 4807
1833 2085
2567 1728
4294 4019
3448 1005
4176 5119
4578 5279
2204 751
1259 4670
326 4063
1578 2644
4256 4338
3973 199
4460 3472
30 4776
1906 5033
4472 3349
3945 243
4869 2608
345 5290
3126 4433
2127 658
5270 2470
2684 1585
3656 3901
268 4258
3663 3741
1323 3904
2360 202
4042 1822
1593 5198
4541 1531
1795 353
2157 2272
3466 2516
3270 4557
4784 2925
4756 183
4415 962
4891 5213
403 5070
1278 4435
3434 4647
5167 3251
3875 2785
3536 930
3249 1059
4789 2324
2166 1614
4518 1801
2873 4905
3099 2068
447 2912
4547 2576
1079 1778
4336 3284
1168 3901
2850 363
150 4597
4196 874
2000 471
2628 3840
3182 3908
422 3614
4985 1967
2231 1715
654 1728
705 3145
3450 2547
3321 1583
2356 3135
2379 2609
4977 4907
3007 3529
4032 1694
4499 2585
2472 4343
362 2816
2562 107
3865 5106
3963 1410
3667 242
3486 919
4457 2488
744 5106
2732 1323
3563 4717
29 3336
3108 2318
1021 4231
1354 4087
2430 4945
4663 1054
2023 1081
5105 359
4356 92
5024 706
3407 1675
459 2119
590 1232
2991 2833
4750 4749
3498 5205
1114 3157
2109 3284
4283 4866
4053 5108
337 1457
1350 4248
1877 2185
110 1259
2800 5298
695 4402
1735 3595
4634 1960
1736 885
1963 1703
3150 110
3740 821
210 4103
286 3181
4852 191
3290 723
4598 1677
87 4415
715 1522
1172 1021
3376 2213
4277 4794
2480 726
4492 4663
2733 2766
4689 3875
273 2146
97 2004
3660 561
981 2119
1234 2007
240 2472
4446 4078
1371 3008
2334 2360
4139 5189
239 2746
1652 3085
4711 4784
2147 1977
2003 264
1569 2925
4227 1114
3828 2631
2338 1906
2262 3314
634 5063
4091 1954
3796 3503
4003 1168
2673 1675
3559 4949
14 5053
267 94
3259 1379
3897 1737
219 288
3842 5197
3930 3865
307 2644
2835 2003
4013 3268
540 1180
855 2397
3825 4621
3700 382
591 1246
1462 2336
3979 928
1903 843
4906 4547
1453 2231
4713 967
4980 4122
1805 4899
3420 2513
1785 4403
4319 1796
3921 3438
3890 3790
4423 832
201 4091
2382 1778
2950 2516
916 2216
3196 1965
2159 1062
28 2846
4948 3392
4669 3003
2171 3675
1546 4963
4486 899
2723 3392
2221 416
1738 3558
2368 3189
877 3949
5235 1075
112 1537
4771 2779
1717 4894
3279 397
2862 1573
4824 3085
2190 3828
4436 5164
872 3336
5193 2513
5277 2915
1279 5198
2822 2272
3649 4604
3485 3170
3989 1424
5086 1371
3873 1011
3050 3292
5292 5193
4501 2174
385 3797
5133 3706
2565 486
3344 3010
4570 4849
3574 2162
1912 3509
153 3182
1500 4221
4322 3980
3362 416
1697 1944
2637 3014
4341 835
1470 1121
1348 2115
1701 3022
4483 3700
3028 1540
1060 3150
2223 23
5249 4457
4540 869
4192 3134
4345 46
1933 2383
1623 2075
2035 4849
2284 3249
722 4068
1557 2429
1088 3614
4931 89
4839 874
1686 3909
4130 4489
1122 3116
5165 4922
4947 179
2555 2927
2707 1796
510 1486
799 1965
2651 4651
4706 794
1868 3407
4111 353
44 4343
3034 5274
160 839
4214 3008
1287 2838
627 936
1750 5291
1274 2824
4015 3319
582 1128
280 774
3861 2007
5173 4670
3101 1988
3888 3543
3720 833
2878 4604
3325 2862
1689 345
194 1653
3308 615
4327 3039
3767 3904
3605 3861
3956 706
2012 2588
2460 4682
2953 1762
2490 2862
3557 2551
2105 690
924 1059
2364 2173
4239 3424
1719 4682
890 1653
3982 1778
3809 4136
1176 1486
3874 3475
1165 3114
4422 1699
1807 1464
987 811
3242 3122
332 2277
3583 723
1163 2472
915 3885
2455 3973
119 3036
4751 1414
2750 5002
3722 3196
1014 3150
1454 1410
2377 4424
4974 110
3893 2681
617 4568
2966 5270
2688 4647
3302 4154
5036 1808
2194 4784
3227 501
4612 3605
261 1717
4858 3319
3202 4304
2663 2561
5245 4446
4179 3873
81 4604
2656 4803
398 1948
4161 4327
4061 2400
3947 4304
3293 658
785 265
2500 3114
303 928
1045 3237
4241 1179
3939 3496
360 4750
4112 4824
211 4705
2328 826
2333 1830
3976 2121
2905 4541
4138 240
481 640
4913 833
1729 3897
3653 4315
2981 1081
430 1735
1356 194
4941 1703
2064 3904
5209 4931
4340 280
3147 5097
88 1502
4159 5128
4888 4374
1385 4094
2512 9
1363 2678
4203 3578
2253 5213
3568 337
4434 4112
2082 150
3197 84
2215 3930
4737 3089
1817 2500
749 4825
142 4842
1600 4294
3594 4039
4405 4196
934 4486
3632 3349
98 305
2645 3440
2473 3420
971 3956
2372 1540
1090 885
1611 4842
2711 4676
245 1614
4029 81
1408 833
2067 1517
3972 2500
1267 4002
4796 4203
4121 2898
1010 1235
2994 29
2433 4929
896 3681
2445 1795
2841 1540
2286 326
2140 3706
71 4771
3372 896
769 1024
2314 4073
1507 345
1089 4651
3431 4858
2256 826
3352 5142
1474 2490
3836 1912
2104 2509
1955 2870
2066 1915
539 422
1633 1046
4454 3189
220 4755
3269 5209
4060 2723
2423 2733
5102 240
4260 5086
5029 2551
4801 885
2788 4682
765 1555
2153 1472
3093 901
2654 4041
555 4768
2017 510
3810 4564
1521 323
4787 3994
2165 2106
192 2165
1793 5293
2309 1176
513 1424
2879 5263
1857 1287
2181 4663
3917 3448
2945 2637
4688 2576
3998 5114
4253 1235
4955 4729
151 5063
379 5141
2521 4279
37 2908
3015 3601
4031 5029
3784 5205
3881 4922
637 3702
3900 4650
281 771
642 4068
4795 3574
1282 5089
1637 3890
768 1715
1307 245
68 4795
1230 1951
5234 1002
296 1354
3131 243
3644 2288
4448 1762
3232 1235
2789 3323
577 4254
2998 3603
4935 2336
3047 3605
4438 3043
4864 5038
441 1414
4160 4557
3160 4919
2909 1728
1291 3220
5146 3391
838 3555
2518 1089
2385 3292
1349 4154
1940 932
1192 160
3307 1913
1091 207
4310 1837
2545 3319
355 1808
130 398
1518 3848
3977 3170
4329 236
629 4757
2149 3392
4576 2389
5256 4927
1635 832
2715 305
2705 5209
2123 3352
3971 4231
4602 4319
2264 2003
32 3191
327 2030
4967 4902
2729 1443
5157 1432
3301 3594
4780 1000
349 1363
140 2828
4384 2878
621 4248
4882 789
1095 1719
632 654
1905 4203
1814 1462
655 4415
4266 3122
1082 5169
2451 936
1845 3266
4715 826
1031 1635
214 4996
4303 3956
4249 2445
4075 372
476 2750
3048 3917
4251 3637
144 1354
2009 3321
3002 2009
2948 632
4632 2433
287 1883
3619 1131
4893 4448
3062 1603
109 853
3091 3734
716 4485
1248 5105
2175 4650
4696 3989
3483 4755
5158 1951
1426 1638
4047 1672
1272 1933
5116 4717
135 32
5010 3182
5016 1593
2435 4122
2464 4111
4525 1694
3954 3989
4799 1261
2544 3049
974 3002
3576 2754
2944 386
138 4737
3079 3321
914 1135
2573 71
2209 3594
2220 5096
1185 5141
2592 1619
1844 3099
2096 2664
156 4929
5043 4294
334 951
3896 2637
594 2147
986 2104
3805 1218
4264 1181
3350 744
4618 2423
4021 4568
4278 4002
2043 3093
4645 2318
4538 890
953 1731
4332 1750
1564 4392
3621 110
5047 3644
3597 5261
2384 1307
3224 2445
1657 4000
5222 337
4004 2657
5061 481
1630 2820
3216 4948
4694 3734
1931 2194
2502 2327
4057 4041
4628 1667
1855 2490
3295 1274
3396 4967
2266 4552
2642 3216
1281 286
3544 288
1070 1385
3657 603
801 4319
3899 4696
1528 3838
4962 1738
1896 352
3751 2487
3123 3555
2896 3050
1787 5276
2145 4343
1412 268
4240 5053
3689 2714
1126 4729
3802 3307
5210 2260
5041 1518
3086 837
212 3988
3236 4936
3000 2473
4149 4072
5101 3486
2255 1895
2202 4688
4960 1165
335 3578
1288 3197
1782 381
570 1056
4217 2898
4574 1636
2614 1686
666 3901
2034 3960
1411 4457
4772 150
4896 1424
2689 219
4577 4403
3534 3498
2778 2173
1647 1185
1567 4711
432 1234
1764 1472
121 4101
1207 1443
1193 1669
1678 4996
2503 3314
685 5185
3752 1965
2635 2905
1485 29
4480 2338
897 3583
762 3809
4923 2631
1754 2993
1666 4629
2772 2838
4191 962
798 4931
4419 3767
3991 2012
3402 305
5055 4596
564 1411
171 3362
228 1000
2572 4160
440 2573
2958 2131
3357 3983
4173 4794
4545 3900
4077 2778
755 3795
4097 4963
4788 4832
274 4734
4522 4953
1798 1291
2560 4214
756 4454
704 3034
3326 68
1818 1155
1186 2309
442 4663
560 625
2069 2367
328 4894
4371 2824
4930 4849
3803 2344
2625 1678
4100 385
2874 716
4808 5205
2706 3573
3106 5226
1595 2993
5019 3656
5137 4533
1821 147
2084 242
4273 3560
2032 2822
4070 2053
1315 2746
4704 2678
4009 3237
3592 3644
5118 3894
5155 2707
1452 3276
2380 4068
5287 629
1396 3700
4276 850
289 3567
2396 4866
1465 4419
667 1931
2869 896
3025 267
3996 1366
5179 2024
5260 2255
1415 742
2748 293
3127 3434
1932 2067
2440 3590
1129 4696
859 4486
4175 349
3903 3496
2529 3048
2419 2978
302 3972
4193 2451
4096 1945
968 4466
2424 2992
1659 4131
4272 5061
3146 4839
1629 44
784 1948
4236 68
4373 460
1233 3954
4464 1811
36 2906
3582 1131
1756 23
834 5280
4591 5296
3678 4070
1143 1905
4687 2816
4998 1170
3571 4771
2025 4272
1175 2209
1145 385
3361 715
2922 968
4145 821
703 2121
2373 3989
4135 4768
3985 4042
4918 637
2519 2878
1920 1611
18 646
3201 2354
254 3971
3458 4747
2949 3434
2375 1261
964 2131
2805 4864
4659 1898
78 4196
3427 3361
2515 4800
3280 5245
622 3900
1390 1267
1752 2264
4915 4840
758 1717
4189 1091
4884 412
3631 4457
2848 3126
3449 3440
1746 4193
3341 3324
2151 151
3549 2376
1681 4033
4234 771
5154 4175
3153 2059
4358 4207
247 968
814 4072
3547 3146
5269 4580
2027 4816
3374 3903
2902 4902
4716 2464
5190 744
4156 3930
2974 2585
1949 1805
686 1021
1668 1904
787 953
3453 1232
3436 349
2103 519
1161 207
159 3614
2 4869
571 771
3926 486
3024 2119
4092 2889
106 245
3986 3810
113 30
920 4690
2975 3776
4076 4055
2152 2480
1598 3986
902 3557
4719 598
2250 323
4058 1920
568 2423
1096 4564
5075 2321
4461 5209
1773 2364
1514 4580
5166 4869
2006 1719
4708 2539
4609 1022
4478 5287
2680 1906
1210 1750
5268 1578
699 2835
1748 5060
2448 642
2517 4997
3887 3453
3059 4075
4611 4192
3822 264
4657 3450
1508 293
1512 2053
4924 755
3608 4729
5247 1323
1016 1965
887 4719
4368 1259
4937 2106
4686 2820
2413 142
2900 2625
3069 1260
2675 2314
2168 3284
3315 4568
3102 3378
3433 3573
2322 1325
2845 321
5020 4438
728 4402
1658 577
1625 893
3906 2766
62 2121
4677 2975
2289 1988
308 4893
1182 887
4044 4540
1727 3191
1109 4072
4619 190
1345 4627
2117 4441
1998 2690
4904 3376
3348 4195
992 4977
2936 221
3628 1192
2055 4821
894 2354
1515 3875
2593 1232
2294 327
198 1181
1959 1356
2001 2944
5232 2344
3377 4002
3764 533
506 1615
2058 1811
2477 1514
892 2631
1306 4172
3474 5010
124 1857
5199 3567
12 4486
3673 4795
5138 1798
488 2017
1726 2558
4288 3760
2933 2766
4867 119
2596 4627
5150 5167
4011 3224
3291 4904
2138 1385
3878 3894
5218 332
1776 4156
727 4803
836 1619
2099 1060
2357 1211
2979 5232
602 403
1816 77
1501 81
1878 321
4107 1358
188 4905
4169 5232
316 2360
1086 728
3946 5119
2928 1719
4932 3202
3305 1338
757 1652
3615 337
4035 2507
1071 2460
102 1145
3746 2194
3467 3536
1196 3458
2452 1652
946 3227
3487 3058
2348 1776
1523 481
648 2445
4555 1089
5236 3376
1580 36
1469 4248
2737 2472
466 769
4529 4248
2724 3973
4590 4315
3493 3319
3629 2438
1889 3310
3373 5076
4188 2009
1929 723
4653 171
4429 2314
465 3803
3626 3402
4674 1701
2812 715
3415 704
4760 3376
5040 1593
1700 2794
4493 97
3633 418
2293 3631
2339 4574
1119 2593
2469 30
475 3059
2273 4646
711 5036
1930 1528
3257 1234
2365 2000
3432 4087
908 305
5182 4077
3806 4768
5048 3472
4417 4860
2133 1485
2463 3572
2917 1703
2291 1031
348 28
3184 2306
750 274
4016 4253
3911 2043
1792 1089
1876 4750
1134 1580
161 586
1851 992
731 5060
1687 2019
3642 5029
2568 2112
656 1274
1886 3901
5085 4842
3167 2452
3721 2909
2141 3802
1541 244
1308 4139
3489 755
1339 1573
644 833
1101 5020
779 541
3263 2068
500 1343
2987 4107
1503 4112
1085 2260
3870 2250
611 5290
104 1358
1052 1869
2618 535
3617 1792
311 5245
1372 4997
3724 951
718 2318
3027 12
2496 2978
3443 4239
4843 4915
780 2168
649 974
4132 2127
2823 803
4636 4165
1139 2928
4845 2380
3461 1503
5030 2879
569 3686
5239 5096
3905 1172
3398 160
213 3941
1560 3543
5120 435
6 2476
1631 2944
831 4304
3186 194
3 2261
1157 850
1674 3901
732 4796
1270 240
2648 1204
4269 676
2831 2261
2245 3557
4017 1920
3844 2464
2674 4756
3078 2256
4966 780
665 4424
4881 1637
499 4016
3978 1323
3490 1868
2278 4686
3856 62
1351 778
2703 1021
5088 5033
3393 1903
1404 4254
2093 5040
141 3998
132 1210
1671 2503
3338 2119
3676 1841
3471 3166
4599 2321
3820 5120
31 1906
237 1841
3684 1260
4877 2007
5176 1198
1365 4772
4790 934
1712 4001
250 191
1509 4009
451 2209
4447 2272
473 2066
4141 2565
309 3410
2587 4852
1304 893
5091 1546
3375 3323
550 308
2988 1470
1840 2082
512 4747
3506 4111
1493 1974
3414 832
217 9
5180 1308
1383 5182
1488 3059
4951 1618
4040 779
3611 2121
884 3582
5149 3027
251 640
3417 4352
2045 5055
1191 2360
4124 3043
4571 3127
1968 799
172 3963
921 1407
601 198
3018 409
3435 654
4177 4107
4105 2469
3121 3487
2258 564
2176 4657
4208 541
664 1752
1799 4169
1397 586
4554 4242
5203 2522
661 1611
1549 1062
4830 4075
3065 2988
1608 617
3343 4927
2355 3945
2349 2432
3815 2560
3516 1059
2821 5165
1553 2838
5201 2476
3070 2541
1820 3983
490 706
1159 1624
4761 1383
47 1560
5200 1060
4901 1844
378 1727
4210 992
4366 2729
4247 4774
1402 3897
2160 3490
1353 4521
3204 4960
709 3282
3765 4585
2228 2544
2479 5209
3335 281
67 519
3016 4105
3542 56
5109 1784
399 5249
1858 1699
2057 392
1563 3838
2556 4176
2983 1000
2976 2277
5250 1555
11 107
2098 2043
662 1880
2897 4860
4746 2194
5 649
707 4254
796 1659
4527 2349
2775 305
1874 3094
1158 4864
83 4955
4829 550
2985 5169
3775 4676
1299 4882
2155 4602
4584 4412
2523 1169
3104 4094
2418 1024
805 3166
3933 3374
3103 2479
1069 3875
1020 3396
3288 1114
4984 2435
589 947
1043 649
2282 4039
2113 4705
2771 3896
3895 2034
2130 1614
3693 4397
959 2215
2982 5108
2148 2821
4018 2271
5115 1186
3221 4358
4892 1181
922 5279
1981 2748
1680 2289
2352 1465
1936 5157
3990 4518
2769 577
4559 5093
5273 3065
4588 265
1550 4974
1760 4788
365 3836
2039 2287
5032 2703
4766 1557
4742 212
737 4016
4244 5205
2782 1954
2942 5179
2957 2789
1035 2440
3843 3989
1171 5
4325 2327
1441 1407
2346 5298
1663 288
562 4158
3399 3203
438 615
3817 5209
2777 169
2188 2675
5003 4242
5113 718
1116 560
848 896
1989 2551
197 2492
1613 2823
558 296
2002 1470
3228 309
933 4172
4965 1674
2427 3930
4563 102
2531 2162
1984 372
2712 3270
2332 3135
781 3170
3030 2978
34 3490
1276 4839
1406 3418
1038 3854
3382 4669
3151 3678
534 430
1187 3734
4593 915
3468 801
4123 4705
5123 4189
984 4253
1264 4929
4350 1638
4069 3573
3283 4241
137 4368
2010 4747
4108 3047
2478 5197
2015 1818
467 2324
4846 221
1336 2365
3174 3619
3575 4101
4313 3047
1705 856
3868 3256
3042 5052
4898 3249
1758 287
1422 3481
3511 934
1313 504
4754 3013
2797 4179
4605 4545
1346 4963
443 4492
2530 4584
1574 2113
2865 2133
2494 5200
2172 2517
5069 4947
1597 1598
2696 265
515 3597
511 4796
3457 1868
2784 4241
3231 217
2735 3795
1136 3374
1966 831
5072 2478
3076 2168
3185 4940
948 386
13 2163
420 197
4157 3592
1200 4909
1097 2656
652 649
1956 3305
4185 3405
940 4472
1996 892
2347 1515
5132 3085
4560 5030
2444 2254
2489 1168
3671 2130
4863 481
4381 2979
4229 4778
847 2589
2501 1817
4507 3059
3546 3234
753 4696
464 1366
1067 882
3218 5167
2932 1540
802 4618
3834 1192
2713 2043
3761 492
906 2800
3800 2497
167 3076
2819 5216
978 4986
2026 5116
2337 4919
4306 4894
2956 2707
1340 1276
1780 3434
4841 3933
4870 642
407 2572
3423 1465
3548 5149
3692 2915
1617 3887
3884 71
1380 2127
4171 3784
4836 874
3413 1154
4733 5010
3209 2654
3235 663
2791 3089
4767 2278
1455 464
4712 5085
3997 11
972 1518
2765 671
3154 4734
2749 601
143 3692
5143 4472
2888 4948
2408 3433
1374 2688
5255 1966
5207 4070
4328 1097
2773 1719
3241 1356
2114 3740
414 2837
792 3893
4741 3876
2931 4585
2641 3805
4388 3467
5248 3251
2016 3467
4970 3344
1427 1272
1076 4554
1039 964
2549 2908
1152 4599
5034 4325
1539 3575
4408 2766
405 2592
1241 4009
4811 2473
1293 5268
2081 3440
2401 5279
3006 4381
2677 4919
4119 3121
3332 2471
1225 2427
5170 4100
4008 4293
4409 2389
624 1523
5001 4902
1554 2262
2807 1052
1103 2082
3638 662
3948 84
3665 1465
3771 2823
478 2009
754 4175
4868 2837
1835 4247
3514 1874
1788 5255
3679 850
4624 5102
1952 2055
3999 3868
1789 1246
3512 1998
241 2631
547 3676
3416 4715
4383 5033
3090 2075
1050 2967
861 1896
444 4996
1226 2468
3406 5003
5271 4374
3060 3982
738 44
990 1760
2930 4411
4378 355
630 4842
1609 5093
4367 2384
849 4338
2399 4486
1923 1851
2962 3191
2542 3116
3527 3638
3264 987
4844 3955
1144 265
3132 4981
2574 2788
595 2045
164 953
1489 92
3260 5198
3602 169
1771 4597
1473 4852
2454 2075
5148 809
3913 974
1826 4364
679 2656
592 1059
4034 1782
3648 5247
1384 1677
1566 972
1990 5213
3839 1888
480 2402
4812 3568
3666 3332
3920 98
3922 5030
4257 1820
1290 3090
149 3202
806 3458
1238 4306
401 2067
1341 1793
1487 3436
2269 3188
2652 5274
2946 1583
2863 4021
2591 4402
4710 568
829 2367
5202 465
3105 2562
170 4352
1477 762
2740 2654
4581 3431
2710 1155
969 4417
2244 2990
3744 4845
3053 289
2259 4742
2485 823
487 2471
4781 936
369 1179
5153 890
1333 5268
3451 3112
4118 3231
1781 98
1916 2302
4301 3377
4641 3268
4562 3803
1720 2168
1918 5141
3044 3061
2718 4653
4211 4392
650 4039
1494 5248
1105 1339
310 4472
3743 3029
2345 2068
2526 821
1520 3418
3584 4659
3505 88
1937 577
1063 1663
2248 4501
5124 481
3701 5124
60 640
117 3875
4380 3933
2251 4489
2540 2399
4900 729
2700 3667
2386 4192
1710 2835
3322 2556
2694 4906
815 1144
2042 3740
645 3332
4233 4285
5194 3563
461 4026
996 2561
514 1193
3120 113
4048 1338
3981 2114
4337 590
1208 4922
3872 741
5242 774
4680 1095
324 1830
4030 5132
4673 645
3934 790
26 5052
356 4060
3554 3468
1755 5235
3739 3517
5039 2707
4056 1474
3239 3866
3598 3848
3353 4368
1866 3235
1591 4158
2640 4841
5264 2833
4994 5173
174 4077
1734 1130
2134 2339
641 4240
1942 2215
256 962
103 2024
4093 2134
2996 848
2721 4843
3389 4424
4261 3264
2973 1129
3588 1859
3944 4101
3915 4750
3735 5164
3464 1858
1032 916
1644 4591
4818 2735
2466 2769
3032 779
4954 4704
4311 3874
2935 742
3124 2348
3454 2627
4944 2012
2074 642
4471 3615
844 4681
2330 1803
2719 3673
2871 1235
4939 5290
4410 2547
4976 849
1910 4939
5243 1523
4520 1638
474 4706
2671 2871
4671 1668
1621 3514
3163 4636
4943 352
3591 4899
4526 4399
4416 5202
1483 117
4326 5184
2616 5193
1661 4265
1463 3018
2102 1101
3155 798
55 4796
312 4131
2320 4812
5162 3252
4607 3724
3183 4156
982 49
4351 686
4702 1989
1099 3875
2462 2302
643 308
988 4715
2646 3666
2014 385
3953 506
173 5243
537 2035
3444 959
180 4055
4658 4843
2550 1063
3515 5205
3077 5243
898 4260
3318 381
2243 2401
2047 1336
2943 1667
4817 895
4614 723
457 4554
1783 4118
5110 5033
4155 515
3737 805
2018 2216
1899 250
4334 2106
1205 2413
618 703
4298 856
1943 4322
1361 1675
1582 174
3526 92
4875 3322
2404 792
3531 1171
2073 1463
2415 476
3206 2348
1037 192
3829 2713
1742 1507
479 3588
2843 2711
880 4554
1872 3626
4912 431
3768 261
4106 3693
4972 268
2584 947
2481 837
3207 2462
139 3825
824 4177
2880 2777
4537 4525
1824 1789
1066 4192
2143 2251
3071 4864
2498 3436
1901 1384
3754 337
543 4410
991 4656
425 2742
4484 2305
4834 2220
5283 1989
2234 2690
2225 2408
2446 4053
1239 4058
5025 2950
788 621
1342 1103
2275 645
1551 3896
1301 1365
2279 2048
3831 459
1041 908
3713 4659
3223 4581
1745 5284
2632 843
4449 5033
1236 4284
4209 2248
1987 1121
4792 3512
3962 537
3889 2275
4080 4994
203 500
4282 4669
3109 2383
1693 4164
3891 2933
1926 2863
5103 2567
15 3014
1797 3512
2692 2785
2887 1750
2916 499
5077 2251
3401 844
4707 2007
3813 4634
4084 4658
126 363
1368 1933
5004 1752
5233 3185
5107 1981
2557 5024
2937 3440
2187 4562
700 1899
3688 2896
4667 4907
3316 227
1219 2081
1151 2712
4287 1470
3446 898
2409 2243
5140 978
158 3126
131 5268
4731 3874
3169 3487
1587 2900
4872 3343
5237 1185
3019 2990
2458 3817
1909 1746
186 4948
224 4967
4333 2915
879 5097
1166 1968
1138 5105
1586 1872
1438 1550
3083 2264
2801 2522
1328 1844
1047 5025
3519 2109
3570 1464
2849 5277
4052 4352
3439 5034
5177 4208
3334 2592
866 4825
433 3290
4823 4192
1280 3962
5062 930
2885 4257
4066 3376
3178 2705
999 2269
4530 4981
4005 4534
775 3183
531 2243
408 1365
1751 3946
4917 3416
3613 2735
3057 4932
2650 4480
1725 4947
1642 1008
2094 4788
975 4902
1029 3894
2436 1989
3758 4712
3609 2254
3397 149
2189 4599
3624 3671
298 3316
3902 4388
317 4368
3674 1218
2783 4670
1386 679
238 869
4572 251
177 2650
1864 2573
3707 2069
3738 1669
1558 2608
1286 3472
2465 2558
720 465
764 758
1273 3401
3328 1452
4012 3181
1421 3365
2563 1859
1098 412
517 4611
5168 3202
3304 441
554 3492
4167 4426
3846 2485
4113 4131
45 2106
4140 2389
739 3887
691 5262
2425 2903
4528 1165
42 4988
4613 4021
2899 270
1739 4411
3217 3663
1244 720
4250 718
2212 1235
3714 1463
5015 1465
1373 473
2281 741
215 874
2655 3417
2969 1299
1832 4002
1860 9
2144 3572
3521 4984
2122 2242
1491 4780
1262 5291
225 4935
3261 2424
851 4012
3473 4100
4393 1554
376 2870
1229 5148
1036 3130
4635 3649
2604 1396
4700 2802
3645 5115
1716 765
2666 1441
5196 3391
1451 3315
2316 2026
1836 2556
1843 3003
4885 1129
950 1515
3556 2925
1543 1114
4610 1301
4519 4130
4556 3201
1986 1758
3125 4419
4548 645
795 2379
2078 3361
4355 1290
3213 4156
3364 3466
2274 1408
5265 1050
4396 5249
82 2802
50 311
5017 2721
3966 751
3545 3531
5064 541
5006 1750
4622 2596
2154 4778
3156 2322
3139 3989
1622 3414
4639 71
2505 3514
2311 242
4856 3305
2764 2875
380 1008
3428 811
4496 1481
125 2994
523 4909
4307 5101
3210 392
4220 2501
3942 2572
4271 4568
4916 3102
454 2466
4539 1952
390 62
3630 46
4516 4173
4652 4217
495 192
4691 3043
2323 1438
4617 1933
1183 3890
2195 2479
2079 4159
3786 2592
493 3797
1318 493
3409 5004
3171 3999
5191 4572
4946 2497
2528 3619
4662 247
508 1168
3951 5137
2029 4635
3369 4671
3975 3735
5021 2254
2453 3578
3943 1983
2511 2497
3750 3953
1775 5028
1825 3982
3119 781
1330 4702
2595 1644
4459 3973
4088 3614
470 1629
2447 1778
5254 3131
3552 4163
1847 4923
1676 2954
4615 444
1596 3737
4133 1453
923 3866
5065 2224
4583 3602
2904 5276
2725 4841
4837 4634
2643 866
2951 2568
1468 2778
426 4677
3240 2783
4379 4960
4814 655
4062 83
66 2109
1828 2368
3586 4713
4510 4780
1007 2455
4197 947
3455 3660
4198 1003
3110 3036
463 3492
2111 1725
4028 4844
1027 102
406 3645
314 2121
4404 3069
4873 4493
2329 4480
2170 3983
5084 480
1856 1788
3931 4311
2120 4121
3708 2953
4335 930
4199 2147
1902 4119
2422 861
5241 2928
4983 166
285 1201
657 5085
4079 2275
2612 1959
1985 795
1305 471
4212 4670
983 3943
4102 4040
4546 4972
3766 1346
5079 2518
1749 4175
4465 833
3480 4112
2233 2401
5066 4604
518 3123
712 741
394 4422
677 1819
1478 4597
4575 2109
1418 2560
2207 5066
5178 697
1142 4687
5095 5166
3850 685
2167 4795
2699 727
3695 2887
579 3184
3791 4840
1711 3256
1416 1338
4762 5021
1562 664
3853 3291
3306 4093
2963 4335
233 4092
4110 442
1979 2127
3067 700
3238 4164
1124 4591
1744 2427
5211 4312
2751 1625
1092 5268
4365 1293
3709 431
2971 4117
4421 2305
3331 3642
2815 4191
4116 4074
5129 768
3880 2455
3654 3978
4783 3240
670 489
1277 3216
2665 5068
2300 1773
419 2152
1240 4795
2599 4613
2186 84
111 2990
404 2454
384 2966
1108 4185
1568 5086
1040 5017
3950 1580
3959 386
593 1127
393 774
3769 5268
926 3946
2633 3506
1654 723
4049 2053
4950 5118
2158 161
4804 5058
4594 2427
2818 534
3459 4686
3782 4522
5000 2119
4660 2746
3176 3571
846 1834
4506 2724
1759 5101
4148 460
565 4159
2537 2415
4763 4118
368 4774
1403 826
1401 4537
1001 3234
3668 4277
4515 894
1389 2288
1565 3678
4802 4700
5054 3279
4431 1654
2792 2357
559 2073
3728 2306
4126 3251
3919 1884
2538 1027
4394 1613
2804 5084
3271 1776
72 454
2246 4252
3038 3618
1377 2144
2984 5199
2601 2156
2342 3750
1576 2465
2590 328
1879 847
3386 4602
563 1600
3565 5213
3763 210
427 1879
4046 4799
1083 2163
945 1421
184 3767
2832 2500
4081 4923
4200 3259
4764 2462
1919 4719
3634 2784
2467 4133
1863 1067
2861 2025
521 3900
320 3432
3488 1248
2578 3202
631 3308
4642 491
651 2286
2829 4277
4295 650
189 4240
410 946
804 3091
1692 1671
3141 914
911 492
4045 4627
1164 5200
1536 2121
2312 4612
864 1505
3604 1276
1846 3917
4129 565
752 5290
1247 2721
3033 4056
4413 2084
3359 3256
1332 5002
2653 1002
544 4538
3824 1955
4709 4084
3309 3036
1132 2168
1160 2114
3363 3734
1861 4681
2090 2754
3715 814
1275 1924
639 314
74 914
4511 641
3247 1943
357 2903
2571 2000
4346 3423
455 2474
2647 1024
1865 967
86 1737
2702 3148
3080 5239
5011 4242
3691 2264
1770 3308
3832 3149
4353 4234
1588 5210
1284 1573
696 3321
4523 2244
567 2364
2054 4923
3756 3583
989 228
2249 4878
873 1307
1660 2294
3211 1241
4225 2053
2414 807
2304 1886
1015 454
2196 4762
5252 4510
612 2640
1685 2908
3599 2243
4474 4191
2939 2211
994 1507
4377 1762
4887 2436
4971 4265
4219 3344
2527 4177
4347 5079
2708 1402
222 1919
770 2463
5022 3595
2353 4313
498 2258
5229 2709
5231 4628
528 4019
17 2994
1285 2244
2929 3820
1316 1130
4982 1642
4631 2251
4914 2457
888 2338
1702 2048
2753 2707
3652 2939
1972 1481
21 778
2795 2105
5014 4719
4640 1637
2639 147
2510 5116
1087 2706
2063 4642
1084 4408
4204 2171
3165 4079
4827 1814
3180 2162
2499 4122
3699 855
2091 1780
5244 426
3500 1279
1117 2521
330 2045
878 947
4007 3186
2178 2195
269 4335
4938 3972
3052 2172
845 2170
2410 1094
1150 775
4553 1336
75 4651
4958 5288
2533 3264
282 4200
1641 4119
40 5254
3074 3515
2126 2771
2786 4041
3023 138
2780 2380
3525 4980
1552 3900
4668 4129
2124 739
1875 2372
2229 1546
2826 172
3159 1161
4050 4342
4693 4687
4104 4426
1645 1623
3787 2822
4444 4563
910 4472
1682 3756
5131 3631
1460 3568
2731 4408
297 3166
2203 2469
51 3919
2040 1136
136 1165
339 1305
3285 3211
912 1844
1999 2635
4025 35
1215 4760
949 3595
340 2273
4268 5000
4861 2916
4275 4656
808 2462
3442 1416
5230 2231
176 699
5035 2498
3495 4861
3845 2983
4137 2573
468 3767
3073 1157
5217 4602
1921 3586
1146 3845
701 4130
3518 826
1976 4825
3938 769
4819 5262
985 1204
1030 3554
1294 4802
4728 4525
4289 1363
1732 2227
4309 3890
4376 5209
2179 2376
1982 72
524 4785
2817 4092
3680 2795
4243 4154
1387 4639
2044 4901
3303 3251
4626 4220
1911 1554
3387 983
4232 308
3289 5298
123 1500
870 820
5134 4840
4813 3108
2636 4361
3508 2324
4190 506
3358 4686
913 2275
3703 4293
4259 4293
4027 2353
2139 1474
1189 794
319 4077
1231 5015
1992 2888
1718 251
1194 1788
1655 4471
687 2550
1382 2121
127 1013
2358 5118
3807 2750
2695 2550
1741 4035
8 4682
1184 4731
4865 749
2236 1166
918 5200
4357 1122
1197 49
5078 1293
195 2055
763 2931
2219 158
4476 592
4587 1054
4363 592
862 4663
4549 2156
2687 741
609 528
2907 4984
1542 4958
710 1886
1964 3900
3370 110
3313 4033
1575 3235
4531 2053
1941 4936
358 4068
2603 4384
5195 1807
391 60
2237 4751
1529 1058
3607 3629
2089 4680
3088 2227
2161 656
2610 1803
2411 1826
187 5043
4649 4050
3368 1461
5127 5010
5282 2098
2296 815
2787 18
1946 233
1612 305
3081 2555
1572 3207
1815 1720
2918 2413
1018 749
4481 1956
1033 861
5251 1021
396 1508
3390 1720
185 1011
3924 4091
1173 2372
904 4755
277 4929
3340 1349
400 3319
1907 4371
4202 4072
532 2469
4513 738
2955 2742
1269 4206
746 1702
1376 2126
2182 2221
3537 3903
3772 645
4637 430
3138 3619
2667 2233
1559 3555
1524 4966
2532 500
1908 2641
4920 4794
4876 3654
581 2329
354 787
4095 632
810 2468
942 74
2659 4172
2717 2186
955 4549
669 3600
841 1286
2580 5165
1548 4322
249 1585
3779 1046
530 3418
943 57
1112 270
1283 4137
5186 1856
760 4284
3995 1067
1245 553
1049 1703
2685 4366
2362 4067
1721 2699
5049 2754
2206 2513
178 8
2892 644
3685 2272
977 3186
1570 467
1223 1135
1466 5183
5175 2141
346 4711
1848 718
3421 726
1222 987
4420 1503
3192 1716
2310 798
3298 2139
1664 4681
4925 2445
2317 268
881 2640
4349 4114
1446 4923
2239 5078
5067 1791
4723 2677
3710 3959
549 3403
3379 1542
4828 13
1804 5201
4903 404
1673 4519
1881 187
2201 899
980 3288
5042 4515
1852 1446
3258 2140
1360 468
3502 4988
4601 3378
3162 3938
620 4604
1533 2237
865 3218
4439 2306
573 471
2240 4513
5121 1573
4791 2889
2972 1668
16 5150
5225 29
2630 928
4675 1208
2116 5087
1683 3178
1072 4883
105 4399
27 3321
230 4209
134 175
1413 795
2378 1168
1364 2296
3482 2978
1604 3156
772 4829
4385 658
4292 1554
3035 632
1195 2410
3452 4958
3262 1630
619 1512
3037 2724
4502 3421
684 593
2757 2236
2504 4875
822 1818
3208 4431
65 4800
3616 3743
3064 2422
3969 2603
2952 2700
1627 3805
196 2650
4450 164
2891 3982
526 3336
747 4932
3222 2936
1927 1808
1203 5162
4128 4307
4372 2036
817 2260
1601 62
3246 2113
1292 1685
41 1385
2420 3969
4099 4668
2416 4250
1106 4396
1708 2608
4323 3763
2142 4310
1769 3600
301 732
2883 4013
1271 1951
3564 1100
1265 2294
108 2592
3098 3139
2371 305
938 4556
4230 5001
1599 2481
3020 3269
229 562
1055 3738
606 4243
4330 4537
3641 124
1873 1112
3650 2254
886 158
3129 1072
3193 2466
2744 4102
90 1154
1950 991
4826 763
2911 630
3430 2409
3937 393
3864 892
4551 2264
291 3913
4603 488
3533 652
2192 886
1723 3750
2814 2788
1806 1373
5083 1387
4851 837
2393 1617
3886 4012
497 2993
1125 2190
970 707
252 3674
1632 775
3869 4000
3539 5103
719 2655
2895 5231
5056 2628
1251 1585
3940 3014
840 2507
1017 2625
133 4662
4759 11
4993 4288
1577 1539
5125 1931
253 3270
2493 1462
2083 3518
4375 4936
1897 1215
1434 4617
3248 4095
1080 478
973 3134
1581 723
2180 2120
1853 3496
7 2278
5159 104
1499 2640
3017 1983
3927 1345
1004 4469
903 2595
3987 7
4428 4764
3366 1861
3635 704
2872 136
3087 189
2597 1505
2623 1810
818 806
3299 4340
3662 1767
3799 2943
4452 4208
4477 2493
4324 4379
373 490
4509 5016
3513 1075
1510 1509
4735 159
1850 3249
2940 4844
2381 3423
1078 3988
1034 1976
4959 3239
3551 3466
1321 3178
3827 4149
3879 1832
58 2130
1167 2124
1249 3376
4270 436
4990 195
761 3771
3877 4025
3219 288
1534 4355
3115 3217
714 2792
4495 1239
1298 4472
5163 2167
4630 3906
63 4891
3841 3231
4216 4078
4390 4511
263 470
374 4538
858 3105
852 3761
734 2217
4999 4799
3550 3514
3504 261
842 229
4517 3186
613 3937
4908 699
10 4446
3759 2580
2391 3148
4082 912
3117 3056
2629 4741
3749 1732
3785 987
3329 1980
2607 691
5275 1582
1448 3961
1044 2680
2475 4095
3859 1621
3462 3605
5208 4840
905 1176
292 1025
1628 2631
96 4259
1891 4930
73 5284
786 4537
1634 1711
2442 5241
1620 1717
343 4569
2682 1558
2198 1194
4150 78
3388 531
4302 2927
2125 1586
2594 4243
260 1135
1439 3186
3757 4807
2660 2281
2265 1189
4317 940
2247 5197
3762 1773
2483 2081
3173 382
4143 3676
1802 4804
3275 2324
3577 758
529 2413
4544 5153
4820 3925
1476 1150
2359 3512
2050 3707
5099 1655
4815 3191
3992 4495
3312 4270
1670 96
2858 4381
2586 2067
5188 2872
1691 2733
4934 5066
1344 2153
3974 2828
1250 2499
1255 4636
2809 1915
3205 921
2582 3
3627 1428
3965 4551
3792 55
2484 5010
1300 427
2461 2699
608 4580
2434 3037
154 3829
3281 3323
3463 2149
336 2765
3245 1771
5258 3626
721 1630
3716 1088
2303 470
54 5020
2135 911
4744 49
1312 3365
2077 4867
4968 3062
4969 3586
3912 2578
5151 3196
2564 897
599 2791
2776 3917
231 2014
1532 3785
2938 1188
628 103
114 2457
3136 1936
520 2616
1009 1086
4926 4341
993 1432
2767 2378
4911 199
2013 357
2762 520
2583 644
1437 4497
3620 4667
575 5108
1147 3370
3354 1623
25 332
3801 4329
1093 1056
3916 3283
1722 3197
4889 3770
4462 4604
2137 802
85 480
825 340
3538 3785
2525 2673
4427 1009
2770 560
3021 2678
1584 1416
2790 3091
284 3103
1504 1916
4020 4669
3821 824
4456 2609
3535 1973
4879 2316
4463 789
1006 2792
70 4772
1495 810
2005 4392
367 2346
1243 1251
4488 3974
4458 2302
5098 2422
1730 2364
200 1840
2508 1194
3244 2316
909 2496
2390 1109
39 2182
1449 5087
4854 2775
2860 1041
2230 4744
3690 3197
3540 2776
4490 3226
2088 4123
193 5108
966 1734
122 2433
800 3588
315 1426
2297 1198
1890 1385
4952 2435
2774 3644
4037 1503
883 2935
4316 4501
1763 878
38 3405
1433 3877
1800 379
1934 577
4666 4480
3733 3995
5160 3292
4835 4588
306 3937
4625 187
1867 1523
3970 5107
2691 2594
4022 1624
4432 4026
3687 3470
2844 3708
3214 817
5174 26
3337 4104
4942 1660
3918 4365
364 4022
4589 3506
2615 1145
3158 2721
1849 2829
536 3505
2554 4347
2886 2971
5267 1201
1393 2084
1440 5117
3882 3392
1690 2578
2853 50
717 5101
1028 1739
2759 2243
4437 685
1696 4247
5027 4075
1761 1959
1405 5101
708 2932
2370 2317
3748 1147
4023 3693
3818 3428
997 1785
1953 2633
3004 4572
5145 1486
4805 5200
4995 3795
3199 4827
574 1633
1118 1898
3789 5209
4500 4249
1779 3112
2361 1670
3068 2804
2876 4840
876 3310
1490 4309
3698 3234
1962 1406
1399 562
2730 1989
4592 968
3072 5020
1957 949
1199 5125
5045 3413
1347 3989
3278 3937
4178 2653
4183 4257
33 4099
2406 2163
2864 425
2184 1889
3198 1483
1394 97
2884 1356
1104 5162
1 3607
5050 4689
4238 1934
4561 5098
3225 240
1019 2032
496 401
3128 686
2341 4661
1375 386
2947 1966
925 3302
1713 2355
4600 1761
3793 3112
957 508
1838 2220
3107 1208
2920 4244
3569 2966
4871 5287
3445 2204
2315 1793
3867 3743
3177 4324
1651 1859
450 2460
91 2690
3294 39
152 2996
2600 4949
2524 2902
1939 1161
4782 1940
5082 4017
867 4392
1610 138
3755 5256
2351 411
472 4459
2960 4856
3625 2171
1467 3549
1153 966
3847 959
505 3931
525 2644
3351 1330
3426 465
4524 324
1213 4602
4579 517
165 1401
3497 1907
3082 3156
3273 5191
3731 2566
4215 2705
255 1410
2110 1857
3808 1578
2252 4373
4281 419
944 1082
743 4816
279 4203
3725 2048
702 3781
2611 1628
3243 1425
417 749
3272 4178
388 6
2836 4560
2107 1789
5144 2773
5090 1967
3830 4013
271 3582
1839 3210
2441 292
402 4509
2738 2556
2450 5159
730 5286
2387 2251
1994 5095
4235 2511
633 3200
3012 55
3133 1065
3532 1242
2392 5193
736 1944
610 1577
3484 745
1190 3551
2439 4669
3639 4771
4470 2791
4223 1581
1516 2338
1885 3667
527 3865
1423 2848
1607 2260
3816 2446
963 4522
900 3018
1561 4185
4703 4974
4685 3685
4684 886
1938 4761
585 5000
4168 2988
99 2502
3636 2482
2859 4523
4956 5120
3837 4645
3360 3029
5023 1832
2520 3213
2882 3970
616 4924
2210 3310
3152 5050
2060 3401
3346 2207
816 4034
773 2463
1698 4869
1074 1604
4748 3328
22 2288
3742 3629
2995 2593
578 1816
1140 2231
1268 4709
3587 1414
4445 2441
2307 3832
3419 2066
1378 2055
3719 906
3100 135
3355 1433
2959 4908
2095 3235
234 393
1398 1918
5253 3662
145 1703
4886 915
2619 1109
2851 3751
2132 3552
830 1379
5272 559
1053 3990
929 2240
4606 4441
1254 349
1656 3284
4838 3160
4806 4684
100 4518
2021 3332
415 4554
1991 972
935 1903
1790 3103
1133 3709
4014 4451
2072 151
2417 2748
2579 1582
1162 1282
2536 5132
3422 203
295 428
4267 4711
4473 3107
4777 3748
3400 422
5257 3098
3212 436
1995 399
584 3291
232 2162
3712 3846
3677 2585
907 499
453 1932
4228 4574
3522 777
1296 2233
5007 4601
59 1851
5074 3096
4085 1332
3395 4689
5281 471
2051 4132
4300 3467
4331 3712
960 1138
2543 2373
2570 2951
863 5265
235 4763
4127 1143
4573 348
1602 70
449 5064
2092 1596
2986 2009
3190 4390
4115 73
674 180
2602 4109
485 3149
2097 2316
4921 335
4752 1463
1704 160
3852 656
3286 4100
2613 4972
776 4708
1914 126
2087 3467
5181 5100
2235 2757
322 1880
5223 4333
2569 1675
660 3442
1592 119
1436 847
423 1071
583 3801
452 2284
3553 2307
4468 697
4987 3223
5073 497
2101 1114
1970 4920
2617 1194
4086 5007
3095 3446
2431 3420
1326 1743
226 1715
1107 1770
2577 5047
1809 3493
2747 4929
3655 1579
5299 1517
1662 3133
2363 2205
218 1809
2626 2348
1174 3155
2910 584
1480 474
1064 4948
1893 1938
2698 1187
4144 450
2280 3724
1221 4269
4036 1932
5104 3745
3670 966
3179 3897
1535 3341
1511 1953
101 3731
1813 3571
1765 1889
1237 263
1220 540
1409 1413
3585 1682
939 39
1369 1899
4848 3091
2335 2648
1862 4337
3967 5243
2214 4021
318 2558
793 2304
1431 3455
2177 5075
3747 4934
551 4581
2270 1643
1392 1130
3814 1422
681 2450
5009 1885
4620 1496
299 488
507 3681
1707 16
4793 317
3664 1204
3523 4476
937 205
4297 1054
2388 2499
3726 1247
605 4939
4558 1956
1317 1122
1178 1687
2752 2140
2575 4287
4406 1085
3118 4654
3384 3509
5285 145
4038 5275
4978 3770
1829 853
1202 3388
958 571
1475 2916
258 5244
275 2590
680 1532
2292 4519
4880 4307
2191 280
2693 2794
351 3529
1513 2314
791 3214
4567 1775
4498 3106
2222 1502
52 1788
1882 1007
2661 5262
1556 1821
1590 78
4975 2230
283 3691
1892 2219
2197 1398
3581 4445
4648 778
3661 2781
2621 461
1303 4229
941 110
797 3262
4874 3869
1329 4298
1709 2109
5171 3702
4991 4886
3456 2246
3606 1100
857 112
3826 4426
5219 5019
3623 5128
927 3093
4479 3416
1319 1402
4718 2642
2756 1015
2070 1076
4187 4891
5289 285
1156 4358
4430 4041
1257 1157
2129 2180
5295 2370
2459 2182
2403 1285
1538 1923
1605 4007
387 5208
4255 3224
4226 3902
3819 1505
2405 1607
1900 5002
1302 5054
4890 2225
3562 5189
1320 3281
2183 5143
2437 4993
3651 4378
2867 238
19 1652
4182 4675
1228 3414
1206 3965
2716 48
1733 3529
4494 5209
678 4325
3367 4645
1640 3667
3255 2386
4536 849
3092 3796
3811 237
3773 1317
1544 1513
383 278
860 4987
2340 5201
2893 3855
1935 5284
3697 1249
2169 5205
1571 1913
350 2353
3566 3714
4218 4537
5294 1358
4382 2382
4853 1314
2961 3062
157 4032
3031 1558
2997 1466
2232 2516
262 4839
3892 336
3345 3249
725 1879
5112 2386
3778 1819
4071 3102
424 714
1997 2961
5080 1469
3215 3226
4831 1693
2226 4048
1695 4302
1217 2048
2412 3163
4407 5053
5278 4896
1120 172
2241 1424
5018 2946
3054 3623
4263 3373
2901 943
2283 3773
3952 5075
3026 4967
4274 2563
3311 5124
673 3718
2827 312
1357 3042
2798 2476
2263 2882
1148 3626
693 4271
2669 3632
503 3687
597 1290
3404 3698
4398 3157
1400 2224
2965 2906
448 1286
3356 2315
2295 4714
4280 2169
1724 5054
4152 4212
3993 3361
3646 4637
2208 970
4418 410
3593 4248
4453 285
3479 1802
3610 1918
4566 2306
4857 1010
3788 464
2407 1037
3528 1049
4957 1869
5135 3263
636 1054
2299 4397
313 3306
2720 4369
2803 3763
3001 2632
181 4451
5220 1959
2672 5194
4205 340
4359 4018
5057 2196
5212 332
5092 1204
1498 4962
3957 4343
4290 4980
783 180
370 3071
1616 83
1530 3467
375 3032
3383 303
1928 2069
5204 3624
4798 4361
3140 2750
4051 3056
4054 519
1975 2625
3460 2679
3794 4651
965 915
1870 517
2028 624
1777 975
4543 4207
1388 526
1420 3076
3849 3100
4224 5064
3696 4885
4146 609
4083 775
1137 3642
3672 1272
294 4882
413 1929
1842 253
4859 3550
4809 2050
4348 4875
389 1076
4391 3179
4162 2592
2394 2442
93 3560
4758 1807
3705 3304
647 4289
4586 4598
3804 433
4440 1713
462 2481
1482 4285
516 232
2076 4930
2894 4748
2741 315
2686 3186
2062 4895
889 1050
1367 127
556 1953
2605 433
437 2930
1352 175
5152 1468
3009 442
4395 858
3964 2569
4810 4405
759 1699
954 2484
604 3294
4535 902
4722 1518
4425 1491
596 4931
4174 4661
2506 975
4194 2329
4743 5204
3137 2636
3871 3314
371 123
1141 4880
2808 5123
3041 1633
626 4011
2676 1776
3385 1784
1747 3831
1887 3442
1073 3519
2913 1749
3860 4371
2856 4668
2622 31
3005 4007
1289 2192
4098 5033
2108 821
3958 634
4779 4081
2941 2691
1023 4896
4786 3403
3477 4517
4186 935
69 4919
3622 2686
675 3477
2919 1817
4679 4924
545 4131
3046 2381
5126 3519
3408 2085
439 3779
2745 369
3774 2528
2697 3493
494 3870
3097 2950
3327 2069
828 4283
552 4073
1714 530
4847 4812
2449 4347
1061 2804
300 2252
3499 1022
1331 4488
2606 898
3968 1627
4678 4885
1430 809
2041 816
3297 2250
4665 5028
2037 3751
4354 1080
1649 354
3168 2585
4181 3124
638 340
4730 603
5227 3270
3835 3899
2118 1229
1894 3918
325 4019
347 1330
812 2106
5206 347
483 2201
61 1246
659 1795
2968 3178
3075 609
4797 3651
223 3726
4964 2764
4692 958
1459 4574
4455 2149
3857 4495
2624 3819
4508 536
1594 176
868 2591
304 1494
3501 401
4822 700
4386 2228
2734 4908
1519 4031
875 1357
3164 4155
4170 861
1012 983
4339 4385
2218 3284
1256 714
338 2041
3732 3726
168 231
3187 4478
3507 2955
2866 3336
3476 968
2031 3566
4482 3584
4305 221
446 856
3753 25
434 187
1224 320
766 1809
4475 3360
5122 5145
1395 1390
4360 2454
5161 3337
429 2396
3669 1480
5221 1288
1978 873
2022 3803
24 3781
1381 5004
1492 2645
692 4040
2926 1306
557 3774
2456 254
4505 3377
2743 1265
4010 4746
2763 655
1359 3155
3596 2831
2514 1362
1391 5082
3898 3771
854 4731
1334 2781
4142 3762
4769 403
1051 3959
2755 608
3055 3147
2065 1908
246 1109
4467 4827
4992 949
43 791
3589 5096
3371 159
1922 3052
3447 1440
4897 4689
4532 4621
1327 2099
2374 1357
3113 3221
5059 3095
4400 245
3914 1296
1688 2492
4320 514
542 4444
2080 1952
421 1325
1266 4570
3932 4863
2598 927
2868 1700
2100 1443
2806 4800
208 1723
2285 4912
2033 2512
1113 4892
1768 4857
3233 891
623 697
1110 2543
5139 1096
4090 4991
5026 825
2331 4068
979 1977
3265 2134
4683 2444
2548 2534
3717 1578
4989 3955
2298 4038
4314 2936
3923 4752
2559 4384
1993 604
4006 4395
2343 258
5012 1499
259 3072
733 1424
1263 3214
3851 3637
509 1398
1177 467
1794 3533
4928 4931
3330 3973
1971 990
587 530
1471 1461
3798 4155
5094 1434
5130 4095
2799 1741
2150 3086
2581 4286
2977 2178
216 3679
4698 1380
2670 5295
3929 309
3394 987
4550 119
266 2978
3777 250
4638 3827
2325 812
1149 1037
344 1150
4542 3479
3704 589
5297 1169
3640 922
1506 3009
1212 1062
4147 4163
3287 2637
1419 42
4727 2940
2840 2657
580 4013
4166 419
2398 223
3380 2776
1925 4446
257 1482
3520 3239
538 1225
1961 3171
1606 3437
3478 2220
4775 3422
4565 1321
4739 2611
1355 2791
3066 4670
2268 980
2052 1954
5240 3705
1111 1009
4245 5278
4180 1228
931 4880
952 1605
366 3032
2193 2216
4299 4186
1947 1616
1823 2300
3250 4112
3863 2275
2761 304
566 3766
1679 34
998 1085
333 3364
4738 2720
290 1698
1458 2938
2164 3161
2877 288
4770 3094
1077 701
871 1291
2793 4016
5224 189
4623 4685
1417 856
3469 5292
635 2868
5005 4667
1435 588
3317 4075
5037 3270
4442 3847
3342 4776
2620 872
1626 3987
4695 1812
827 2778
4504 1858
672 81
1871 3525
1786 5006
5259 135
2267 511
2934 480
469 2128
961 2415
5156 4403
1831 967
1525 3537
2890 1771
1545 3302
204 4300
4608 5289
2136 2547
1527 1277
361 3644
5051 496
3051 3860
4862 901
1370 1844
5044 769
3142 4056
4697 4249
5172 4098
917 4864
1648 4730
4064 287
5266 4034
2811 4737
2421 1424
3441 4429
2301 727
1216 4603
4672 913
3561 1490
3339 586
3425 4534
4514 5118
2658 1796
782 4234
3175 2697
1740 4715
4 104
2290 5083
1757 3786
1068 4576
3883 976
331 131
2668 1321
4401 527
1258 2236
3736 394
4414 241
4745 2761
1123 949
2308 4703
2914 126
118 2503
2056 3468
2638 2478
2257 1155
2701 861
4961 497
4222 1845
5215 250
4065 726
4321 1385
4725 4253
522 3813
4721 2698
341 280
5046 1359
2634 4496
576 4501
2810 1422
3144 3861
2038 2502
2736 24
1684 3411
2923 3834
819 2384
5081 4664
272 1187
2839 288
4850 862
116 1683
2535 372
1484 1884
4979 646
2921 4540
4296 3321
3040 1771
2020 669
3682 4463
3267 2712
2999 2058
3274 2196
2366 2733
698 1982
2428 2213
548 573
689 88
120 4863
2443 4431
4740 1005
5136 874
3491 510
1450 3248
3494 193
155 1219
4362 2463
4910 4598
4237 2460
3935 3513
3084 5041
3194 520
3683 868
2326 808
1650 3342
3143 544
3524 2835
653 2597
3647 2781
1102 3276
2486 16
668 2939
2491 1980
2970 4527
1042 1860
1665 3965
5214 4100
3381 1345
2238 193
2964 1951
4655 5049
3910 4764
329 3799
79 4544
2825 394
4120 2391
3812 522
2924 385
2553 607
1447 1590
2546 538
2980 3600
694 4307
3530 69
3580 3313
95 4202
2842 3540
209 4237
2071 4796
2046 1649
3333 2891
3429 2363
1497 1435
482 4333
5111 1809
5071 2833
4262 2644
3643 2113
4726 3508
2758 330
572 2439
2276 3755
3296 419
1026 2534
1854 788
2834 186
4855 314
4765 1630
3783 4336
1057 3673
3658 4888
3730 4539
2847 4675
1917 3032
3011 37
445 529
484 2775
1547 1936
1295 2305
4701 2004
4153 1769
1335 716
2350 874
4213 1196
3694 5054
2857 2472
2739 1302
4184 2349
1227 2424
342 2025
4125 1662
1214 4363
3729 2657
182 2377
4512 1829
5228 1698
3045 1585
2199 5063
4736 4708
3541 4079
2008 1019
1324 2663
614 1771
3195 2910
377 5109
