786
95949 39092 66234 86117 2022 35651 27702 53826 39051 92177 48680 72790 30367 9466 21442 77715 71060 90170 16917 82540 9109 47677 41005 82516 81053 7563 76028 25423 23639 86688 26689 4138 98716 39806 7429 86048 7864 44586 9066 8462 32378 45911 76384 73222 89070 31639 93242 90654 25241 94081 46018 16776 9350 9338 55624 29936 654 46904 45964 15701 98042 24157 14042 93331 21075 71489 27764 59795 86680 70796 89000 272 94529 14552 24841 69176 45350 71497 38201 85298 59586 58555 29596 55725 82902 39764 90615 81656 89998 85203 26318 45160 48449 37559 53785 5040 96994 79208 43792 67306 6982 43920 64340 50469 17446 89606 36519 87768 51808 17908 96279 84902 15965 50974 85188 10611 1878 31148 4790 68695 47947 89344 57237 10835 18901 60966 18504 67813 71973 27618 30843 75665 71026 10332 51750 23968 36694 49 4577 50274 97251 26344 38001 7806 78964 88089 33669 19866 89779 56732 7212 27146 28138 59750 52621 65430 61298 72560 64346 29573 39190 4725 62768 85728 86623 96930 83808 88623 25229 8261 4159 78514 23965 48601 81951 63213 65892 61172 12450 53503 16427 67508 26515 61633 85430 57684 39797 14282 33965 86495 22565 75350 67393 96438 96805 79175 7935 58253 50273 91718 90255 65427 26758 31013 33904 17550 49346 60431 14012 73618 80379 82417 25181 28529 5882 90201 66476 57798 54530 72310 92965 80814 78265 93129 3602 28999 52980 39247 86784 89998 1833 83448 37347 39914 83310 46734 24933 71715 1218 6125 34057 36732 3459 20623 91570 51880 85279 77211 42192 12992 40782 98674 97944 46711 48926 77302 43669 35242 40047 48814 31770 96487 34323 69027 44439 2565 92353 23198 87786 25926 76278 95892 78379 76958 42392 67864 58283 6965 89693 80382 33088 18167 39742 14878 26508 86886 4493 503 1623 6328 27244 91942 94118 25155 32424 77435 88858 65718 11812 11223 67468 79494 32858 20739 89249 69543 69774 38085 34213 54476 48754 94622 23464 25918 3011 30110 6473 29252 81178 37002 73958 57663 66596 80026 91315 89312 25239 6118 1805 65010 91470 59241 98658 60094 16714 79334 66187 93787 10125 74826 5529 17162 36266 95466 10059 86521 11118 29966 49398 12225 52988 80600 39372 97636 66506 12748 98670 65136 84186 983 76417 3549 41631 78519 32985 81559 57131 34935 30824 44796 16993 77948 86824 85771 12070 27610 98435 78430 25939 20088 73726 44734 6110 71890 80315 68580 51577 50229 96753 66988 49234 5053 77767 28827 23250 21627 34822 8179 78865 20769 87278 86004 10640 89629 69122 53311 98044 48440 94688 46317 36433 95906 29882 94083 13451 21649 98745 9499 76885 5438 62581 35766 52099 41754 80640 24767 65166 92023 48762 83716 44166 74447 37858 48390 96987 88650 91481 94520 33387 88768 6488 26136 15553 86424 59619 35037 72415 12327 86318 74363 90973 80889 93483 98679 97775 48096 77898 25102 73322 6539 34042 41319 92891 57743 13742 49650 54486 16279 45206 37155 89029 91792 64243 45930 38511 51223 9384 47191 28868 38472 50807 6062 39521 22918 94906 50000 59732 58444 70700 47814 59564 36389 40511 80351 6133 69477 3098 94543 65375 2773 69485 74409 17990 6137 63357 29098 1080 91711 44458 77536 27911 66202 88285 39970 30813 4982 39079 26025 16000 48087 13066 42278 34177 45813 74976 3031 6798 63308 5950 45097 81108 1678 52420 93922 85978 19770 61348 16959 7844 75510 17385 34866 44208 61155 18846 596 86566 43144 98073 2483 61895 20956 64882 19472 88916 97094 67785 30241 38547 83926 23984 42076 40934 86214 96682 66279 8026 709 10294 11160 66243 3134 60402 9044 73730 22031 90092 78559 51455 73369 35031 24471 52036 39042 17437 85950 90036 7232 68231 56482 87068 11502 30241 99407 89377 44165 15191 91528 37021 15298 7156 99032 61111 5930 24238 5892 23426 82325 99352 77660 23997 24794 51249 24684 61655 47266 96878 94361 94381 62589 41124 83254 11186 86711 19405 13445 1022 57881 94 98695 77709 9564 35685 44355 64845 76486 56326 98959 87925 11971 57533 40444 11014 75297 87945 59408 72277 87866 30756 10214 75538 54252 39318 60920 86105 81427 49560 84563 60576 47417 7371 60433 83360 785 49167 68903 13826 1544 4989 64709 36199 50590 96695 95407 83859 16307 61239 38378 48254 85731 96176 51410 95617 81463 51278 50743 15327 68241 53322 88155 37771 5481 73290 88087 41445 17896 2166 75530 81437 56583 79029 33292 63807 95852 81919 84144 4191 28556 75611 20268 45487 35899 13537 33212 9458 15975 68913 93742 64850 88763 9719 87485 54315 45571 92973 78961 79581 36036 96275 86061 80098 90645 65511 53830 91177 47619 67237 53270 50025 23812 9216 9186 41503 38692 18727 78408 87270 68176 42829 84088 48042 45147 76377 12427 85611 52263 38785 3949 39201 43087 14045 20142 45764 84426 27050 12892 16592 47464 50014 38514 39607 84539 69562 56163 63449 47496 28725 59620 88964 23214 59127 52139 27768 35004 9882 10891
836
2 1 786
2 623 696
1 731
1 780
1 594
1 25
1 586
1 575
2 373 525
2 627 747
2 216 416
1 124
2 2 10
1 454
1 415
1 750
2 645 658
2 91 419
1 667
2 199 625
2 711 721
1 745
1 490
2 154 343
2 774 782
1 384
1 286
2 559 647
1 442
1 641
1 525
1 475
2 536 703
1 701
1 298
2 69 333
1 783
1 646
1 729
2 142 153
2 281 295
1 578
2 34 210
2 458 527
2 465 554
1 414
1 605
2 150 435
2 570 585
1 390
2 487 503
1 114
2 617 655
1 157
1 364
1 711
1 651
2 371 616
2 623 696
1 562
2 383 746
2 420 721
2 559 608
1 761
2 63 608
2 633 664
1 92
2 440 585
1 390
1 234
1 204
2 35 510
1 219
1 775
2 220 584
2 237 381
1 609
1 507
1 451
2 361 537
1 469
2 259 720
2 25 442
2 566 760
1 485
1 204
1 277
2 589 742
1 259
1 526
1 605
1 145
1 552
1 460
2 415 497
1 323
2 640 758
2 82 226
1 287
2 123 646
1 558
2 261 429
2 404 610
2 673 742
2 740 769
1 115
2 478 493
1 24
2 86 226
2 676 734
1 128
1 117
1 417
2 754 782
1 185
1 95
1 420
2 411 759
1 188
2 372 622
2 747 775
2 416 676
2 709 766
2 573 730
1 483
1 295
1 338
2 449 468
1 265
1 543
2 472 625
1 188
1 346
1 26
2 375 574
2 267 604
1 166
1 291
2 381 624
2 56 327
1 359
1 784
1 71
2 3 670
1 328
1 762
2 679 733
2 625 684
2 751 785
2 246 437
1 699
2 4 441
2 708 749
1 65
2 678 759
1 684
1 470
1 579
2 684 745
2 444 631
1 723
1 161
1 190
1 506
1 681
1 112
2 460 764
2 653 713
2 270 637
2 264 752
1 511
2 694 727
1 136
2 372 677
2 304 365
2 96 786
1 210
2 166 584
1 175
1 475
1 519
1 412
2 597 698
1 669
1 3
2 739 762
1 61
1 243
2 2 508
2 92 786
2 464 738
2 330 479
1 187
2 400 619
2 14 21
1 448
2 337 520
2 104 677
2 353 667
1 294
1 106
1 40
1 504
1 492
2 584 637
2 720 750
2 91 568
1 544
2 2 414
2 230 741
1 16
1 471
1 532
2 155 377
2 239 581
2 177 553
2 8 176
2 534 709
1 347
2 457 489
2 749 749
1 92
1 482
2 221 418
1 348
2 30 723
1 454
2 364 745
1 184
2 608 732
1 298
1 201
1 295
1 729
1 171
2 177 700
1 613
1 265
1 688
2 662 773
2 738 761
2 46 50
1 674
1 458
2 316 634
2 487 657
2 162 573
1 653
1 111
1 135
2 722 740
1 414
1 355
2 425 776
1 502
2 306 659
2 61 72
2 114 346
1 763
2 602 658
2 46 657
1 708
1 171
1 409
1 387
1 627
2 753 755
2 298 572
1 333
2 392 742
2 113 623
2 774 781
2 23 749
2 116 476
1 629
1 322
1 524
2 157 638
1 749
1 270
2 465 695
2 525 611
2 137 414
1 718
1 86
2 148 647
2 432 522
2 130 236
2 261 296
1 780
1 678
2 683 700
2 644 676
1 628
1 43
2 458 468
1 360
2 51 68
2 305 563
1 484
1 66
1 178
2 329 543
2 198 506
2 336 363
1 232
1 616
1 505
1 19
1 448
2 171 664
2 297 681
1 101
1 304
2 386 678
1 61
2 534 746
2 4 669
1 371
1 192
2 674 719
2 134 563
1 22
2 322 698
1 487
1 425
2 611 642
1 325
2 261 648
1 453
1 133
1 775
2 638 676
1 486
2 310 672
2 361 550
2 587 741
1 361
2 148 472
2 140 498
2 394 546
1 41
2 252 540
2 339 555
2 320 411
2 214 574
2 275 474
2 239 471
1 254
1 476
2 771 783
1 622
1 697
1 40
1 773
1 336
2 152 198
2 73 662
2 731 779
2 366 680
1 409
2 425 658
2 498 711
2 446 621
1 706
1 238
1 736
1 167
2 127 253
1 104
1 62
1 666
1 190
2 158 760
1 102
2 501 668
2 726 743
2 707 751
2 560 617
2 466 712
1 450
1 635
1 708
2 548 703
1 656
1 529
2 235 583
1 19
2 588 755
1 412
1 599
1 449
2 507 653
2 666 719
1 549
2 656 741
2 169 207
2 382 682
2 85 288
1 478
2 711 739
2 602 605
2 407 732
1 88
2 577 729
1 95
2 28 243
2 212 313
1 682
1 214
1 452
1 267
2 150 435
1 534
2 295 673
2 568 677
2 482 556
2 301 623
1 600
1 115
1 74
1 267
2 379 694
1 242
2 509 709
1 719
2 573 686
1 102
2 304 503
1 205
2 474 562
1 538
2 729 762
1 416
1 9
1 275
2 622 651
1 166
2 118 349
1 157
1 158
2 589 597
2 211 747
1 331
2 501 578
1 273
1 401
2 53 386
1 730
1 488
1 68
2 54 446
2 600 674
1 462
2 340 656
1 757
1 260
1 283
2 547 678
1 259
2 35 102
1 546
1 123
2 433 694
2 175 589
1 442
2 427 661
2 442 710
1 212
1 127
1 10
2 104 654
2 724 769
1 495
2 54 727
2 785 786
2 189 346
2 208 448
2 549 710
1 520
1 278
2 409 677
1 509
2 719 771
1 550
1 340
2 413 714
2 540 597
1 174
1 382
1 389
1 19
2 458 597
1 735
2 369 751
1 262
1 85
1 163
1 241
1 679
1 432
2 783 783
1 462
1 89
1 278
2 517 717
2 720 742
2 528 599
2 751 758
1 310
1 319
1 693
2 512 626
2 753 758
2 777 777
1 730
2 628 645
2 195 409
1 535
2 638 776
2 533 737
2 252 339
1 346
2 81 260
2 617 733
1 80
1 581
2 239 283
2 540 555
1 245
1 671
1 82
1 216
2 138 354
2 782 784
1 673
2 257 520
2 93 162
2 339 388
1 508
1 193
1 354
1 451
1 723
2 224 515
1 361
1 687
1 146
1 550
2 146 504
2 490 501
1 28
1 326
1 781
1 116
1 593
1 452
2 221 650
2 316 455
2 133 608
1 498
1 112
2 226 522
2 514 736
2 318 396
2 332 634
2 247 435
2 521 620
1 717
1 39
2 180 189
1 303
2 539 586
1 584
2 442 612
2 227 784
1 122
1 119
1 501
1 29
1 643
1 297
1 314
1 450
1 269
1 236
2 162 701
2 458 710
2 478 774
1 434
2 683 699
2 691 744
1 402
1 24
1 234
2 187 778
1 464
2 513 654
1 318
1 514
1 141
2 186 274
1 487
2 366 411
2 665 673
2 695 754
1 349
1 641
2 300 752
1 546
1 268
2 239 564
2 190 243
1 288
1 377
2 598 767
1 201
2 519 728
2 16 696
1 688
2 450 617
1 22
1 283
2 492 727
2 324 419
2 121 184
1 96
2 328 633
2 284 744
1 529
1 142
1 331
1 215
1 54
1 650
1 271
1 407
1 454
2 724 747
1 503
2 611 689
1 409
1 780
2 139 140
2 361 651
1 177
2 760 767
1 610
2 2 687
1 315
1 349
2 52 348
1 55
2 557 782
1 272
1 117
1 74
2 142 343
1 82
2 649 701
1 313
2 664 677
2 99 461
1 393
1 548
2 462 725
1 134
1 89
1 450
1 550
1 440
2 22 762
2 549 718
1 564
2 163 664
1 271
2 338 552
1 571
2 76 410
2 200 495
1 97
1 277
1 701
2 543 598
2 317 729
1 244
1 621
1 76
1 454
2 420 501
1 340
1 636
1 327
2 602 737
2 347 726
2 312 685
2 35 458
2 410 680
1 39
2 729 732
1 91
1 376
1 235
2 711 730
2 719 778
1 33
1 645
2 362 578
1 528
1 35
2 205 486
2 464 575
1 240
1 645
1 626
2 586 617
2 293 764
1 17
1 120
1 362
2 221 255
1 441
2 460 474
1 21
2 736 779
1 454
1 146
1 433
2 549 621
2 733 766
2 301 437
1 343
1 727
2 97 347
1 2
1 118
1 549
1 596
1 459
2 476 526
1 358
1 95
2 288 480
1 480
2 288 639
1 713
2 385 542
1 344
1 226
2 647 722
1 705
2 466 763
1 605
2 684 701
1 375
1 698
1 558
2 421 786
2 424 582
2 312 782
2 261 648
1 737
2 658 752
2 401 445
1 778
2 158 611
1 592
2 330 637
2 766 786
2 267 471
1 472
1 480
2 602 720
2 289 481
1 536
1 189
2 275 566
1 440
2 536 553
2 235 533
2 370 603
2 172 657
2 400 740
1 54
1 182
2 505 679
1 42
2 590 622
1 529
1 418
2 762 766
1 70
2 207 387
1 482
2 160 691
2 420 580
1 340
2 619 747
2 220 500
1 607
2 114 171
1 348
2 339 754
1 93
1 106
2 767 768
1 663
1 687
2 596 638
2 234 624
2 528 618
2 783 785
1 260
2 766 784
2 344 468
2 496 578
2 72 725
2 638 639
2 373 737
2 518 630
1 161
1 201
1 719
1 521
2 127 252
1 729
2 461 625
1 618
2 5 558
1 369
2 712 752
2 82 479
1 166
2 69 452
2 504 652
2 336 599
