721
98052 73459 47867 33455 99513 96301 10247 4095 17405 41000 12766 51004 40798 51463 73776 22487 84033 40224 51725 71115 85597 77759 95577 71833 450 1675 16606 67555 18102 24118 99151 64572 89910 38008 10513 57350 99151 22474 17867 67739 32352 90264 89061 33459 2186 6366 32090 93942 46148 54905 7308 83179 68392 94621 10065 87488 96375 52038 89582 97732 4996 43775 3937 24973 87531 86824 8739 88203 16009 5938 63331 73679 20954 33513 33901 86011 74064 24293 24550 58031 11652 13024 80207 88334 3528 13601 27278 64792 32451 22557 27735 75665 89429 18419 11766 75829 5276 50599 11605 70869 10441 52061 2805 55655 26547 60444 77371 22834 3323 57575 83404 26384 46609 29946 91396 49903 47308 22825 59500 61898 87808 29957 8809 18604 90870 89873 47028 43582 48091 94294 62023 41472 87475 1058 71922 19922 70057 83536 11996 36019 56325 84639 55440 38821 51082 29672 3264 80073 76690 7228 32370 87596 43672 41987 88138 32871 93131 21992 1151 59441 83935 94796 76115 35242 95829 23067 95665 24765 96414 9103 80443 23671 97119 64421 14591 71346 56731 41661 79927 94365 18937 16696 34503 71572 13426 40515 62136 23937 20752 19465 76254 16761 68418 97787 74339 38943 58971 60814 599 43237 11365 81097 25844 75859 75862 4673 68216 64138 16199 96883 51813 85043 1931 29567 42606 61094 76938 45037 14006 58458 55005 56177 75870 73323 69375 32082 17968 43232 94165 57911 79908 808 18419 27166 78171 48615 25774 18051 90515 71908 84959 10522 63724 72286 65402 82222 7321 68560 33580 91727 88786 71168 31188 22119 29889 82202 45987 24328 18683 83155 87500 58886 78369 51266 13048 57899 32154 39360 14794 27047 38678 46040 65338 13805 26053 61964 76386 54686 96521 67308 61120 63827 33199 92397 73290 51715 26401 1247 88538 88034 76243 12097 42012 72920 73186 19742 39 12330 78296 95476 74087 3571 37811 3019 6859 44834 43024 58571 146 17661 13478 72468 25629 93921 3762 49848 60715 12176 89858 84349 40716 94292 69826 83283 11803 56469 93561 83975 86331 37688 86778 49968 95414 8130 96915 32416 91073 91566 95850 85346 27636 59416 69000 90537 83498 42693 95517 93762 21125 94588 85047 56997 37220 5020 60692 88467 34786 91140 79840 94306 2721 47202 40502 29129 36134 8751 64371 87934 18806 72303 66140 80181 30480 76907 1124 81737 98857 11099 78496 33828 98507 81418 94889 73428 47808 76676 29837 75962 89428 6692 1990 82608 20718 8591 54829 82241 19556 31709 37820 21212 59409 19590 88744 7722 83128 49827 78822 78461 60804 65045 77598 99205 16308 77103 83587 72830 30722 41132 16744 12081 39035 37976 9420 85966 86973 33585 34085 12251 15773 53136 91334 60745 10082 11831 80159 76632 79302 50791 87057 58714 26088 3840 97790 21579 44605 44047 53885 10409 23943 72989 87095 21678 37353 36128 94300 3339 8959 25310 61934 84906 31740 53352 65264 73214 97649 20759 22400 19618 96658 58383 6753 19200 95297 19772 69200 9922 1016 75957 74060 8818 21942 88899 73789 87056 34045 16126 95844 96740 59915 34093 72781 88901 19700 7227 66520 14377 63888 44140 91483 4767 10646 26951 45457 59884 56229 13163 57687 12446 85622 40119 25989 10312 40053 65285 17283 79043 59630 47384 87166 6530 47742 61231 8959 23983 18590 38004 24135 19278 35910 64048 89310 81893 34512 85855 4316 77182 31989 54661 75100 55583 18858 20300 50450 1519 59798 55925 85102 69766 87976 39602 29691 64293 91244 32500 76470 35291 33932 37927 87228 84637 3 20355 14882 96788 44849 26027 9276 49068 11615 25670 43791 47743 74147 39927 14894 37478 87434 29951 65052 2197 90715 80759 97907 45100 27884 25976 60727 18823 74958 15791 79378 94904 90194 59670 1427 26242 35420 26125 47547 99348 47073 64469 33610 16325 96625 79684 5648 43691 78430 66891 27538 58778 38298 14265 14066 12325 63226 75532 25764 23965 27228 71281 57696 2305 29332 97589 98680 50049 98353 42871 68989 79499 15715 41016 53549 68717 5365 2404 43640 91767 6877 54816 39623 72864 85024 94176 3918 42031 73535 10431 67865 3374 96066 47322 27692 57530 40980 35187 36232 48801 16764 12676 61680 16189 86179 90354 92968 17703 71129 53728 51213 32817 74105 94914 87105 9755 17189 23022 73974 29923 99215 36124 38159 9645 98424 15467 21643 86559 27272 48079 27843 15994 60368 91719 83325 72359 99604 25401 80605 87654 37145 73796 16037 99470 89023 7884 67660 61950 14237 26030 33242 15257 61697 28996 45714 72682 33951 62872 48490 31372 76428
999
2 1 721
1 602
1 381
2 102 396
2 268 477
1 649
1 630
1 109
2 257 579
1 301
2 663 696
2 709 719
1 428
2 681 718
1 672
2 261 280
1 78
1 583
2 524 538
2 405 695
1 286
1 4
2 52 617
2 555 598
2 422 545
1 173
1 124
2 505 511
2 496 524
2 690 692
2 202 588
2 147 413
2 421 423
2 430 679
2 75 107
2 267 360
1 501
2 681 708
1 280
2 285 565
1 300
2 453 530
1 548
2 583 649
1 595
2 671 707
2 410 620
1 508
2 94 207
1 415
1 609
1 104
1 299
1 205
2 194 222
1 457
1 264
1 675
1 209
2 699 712
2 652 666
1 647
2 224 666
1 232
1 598
1 661
2 506 517
1 699
2 305 541
2 424 515
2 208 475
2 123 585
2 237 408
2 435 465
1 54
2 65 457
1 523
2 540 594
2 217 657
2 694 695
1 600
1 411
2 86 140
2 245 382
1 168
2 626 657
2 488 603
1 634
2 335 382
1 8
2 341 441
1 234
1 671
2 449 703
2 263 507
2 426 524
2 297 699
1 512
1 21
2 258 709
2 556 561
2 635 661
2 270 377
1 315
1 21
2 51 195
2 164 290
1 130
1 683
1 471
1 32
1 214
1 132
1 691
2 221 710
2 94 420
1 655
1 4
1 236
2 126 615
2 55 314
2 604 653
2 288 700
2 320 467
1 73
2 136 243
2 462 652
1 443
2 546 682
2 96 492
2 2 67
1 538
1 660
1 466
1 409
2 520 558
1 634
1 318
2 355 388
1 424
1 639
2 60 382
1 186
1 63
1 600
2 587 671
1 162
1 311
1 416
1 504
2 259 453
1 397
1 466
1 183
1 314
2 391 543
1 205
1 324
1 69
2 279 441
2 144 682
1 360
1 178
2 321 527
1 321
2 508 707
1 38
1 539
1 317
2 596 676
2 504 572
1 19
1 635
1 429
1 215
1 83
1 401
1 506
1 448
1 12
1 642
1 314
2 53 240
2 694 707
1 278
1 399
1 236
2 172 452
2 719 721
2 241 483
1 459
2 257 616
2 5 366
2 408 548
2 70 455
2 235 391
1 670
1 580
2 122 224
2 346 441
1 208
1 710
1 83
1 537
1 538
1 151
2 637 721
1 453
2 411 411
2 513 524
2 299 459
1 469
2 481 649
2 511 553
1 222
2 631 663
2 32 264
1 713
1 683
2 514 699
1 396
1 123
1 16
1 553
2 393 527
2 258 573
1 234
2 642 714
1 185
1 396
2 312 647
1 30
2 436 655
2 558 587
2 291 378
2 53 102
1 402
1 321
2 274 365
1 314
2 67 490
2 421 543
2 197 230
2 165 337
1 483
2 695 709
2 370 611
1 565
1 469
2 296 444
1 441
2 455 627
2 6 425
1 507
1 632
2 710 712
2 389 638
1 643
2 408 612
2 552 674
2 464 678
2 550 550
2 370 670
2 89 217
1 435
2 165 237
1 455
2 461 592
1 88
1 586
2 61 376
2 455 535
1 610
1 79
2 357 562
1 175
2 68 678
1 511
2 624 661
1 214
1 35
2 38 697
2 426 588
1 673
2 178 550
1 667
1 50
2 58 452
2 156 624
1 95
1 406
1 233
2 213 373
1 218
1 433
2 178 654
1 427
1 298
2 105 645
1 663
2 140 659
2 691 706
2 190 715
2 503 636
2 105 656
2 551 706
2 223 255
1 585
1 160
2 486 595
2 551 676
2 444 715
1 402
1 565
2 278 701
1 209
1 263
1 393
2 165 538
2 26 133
1 139
1 551
2 114 468
1 396
2 349 516
2 18 229
1 660
1 614
1 362
1 441
2 440 687
1 198
1 230
2 703 710
1 656
2 500 567
2 378 440
2 641 652
2 374 394
2 649 651
2 565 674
2 596 666
1 331
1 582
2 439 544
2 472 590
2 563 686
2 436 455
2 452 532
1 310
1 558
1 550
1 476
1 91
1 418
2 697 699
1 711
1 430
1 422
2 320 340
1 668
2 638 643
2 294 571
1 23
1 406
2 56 356
1 633
1 624
1 532
2 100 452
1 561
1 565
2 216 569
1 323
2 625 625
1 633
1 360
1 418
2 168 455
2 499 579
1 494
1 372
2 609 636
2 357 664
2 238 659
1 297
2 221 567
1 81
2 223 604
1 288
1 313
1 53
2 586 636
2 323 553
1 516
1 616
1 4
1 75
1 410
2 279 313
1 503
2 171 697
2 114 386
2 693 699
1 697
2 692 720
2 27 517
2 503 559
2 169 526
2 183 690
2 45 550
2 688 715
1 650
2 37 174
1 714
1 305
1 533
1 160
1 410
2 542 638
2 636 696
1 229
1 315
2 92 143
2 644 676
2 21 398
1 597
1 355
1 69
1 290
2 379 660
2 582 600
1 318
1 502
1 457
1 61
1 243
1 35
2 108 351
1 39
1 299
2 590 698
1 561
1 361
1 224
1 96
2 637 640
1 403
2 37 513
2 538 564
2 79 394
2 313 425
2 281 440
2 40 389
2 335 587
2 332 638
2 163 540
2 97 699
1 658
2 326 639
1 615
1 427
2 56 239
1 65
1 676
2 108 202
1 191
2 35 299
1 633
1 252
2 194 421
2 654 658
1 634
2 629 697
2 574 694
2 496 721
1 517
1 442
1 631
2 518 574
1 692
2 660 669
1 108
1 210
2 539 630
2 661 682
2 578 668
1 682
1 699
2 698 706
1 236
1 386
1 656
1 694
1 58
2 684 720
2 498 576
1 14
2 255 305
2 567 585
2 177 378
1 443
1 665
2 223 520
2 633 652
1 448
2 423 594
2 605 649
1 25
1 333
2 338 521
1 495
2 681 697
1 583
2 622 657
1 403
1 658
2 238 687
2 287 621
1 524
1 581
1 393
1 149
1 714
1 205
2 205 284
2 536 612
1 63
1 331
1 245
2 660 686
2 30 449
2 514 690
2 560 597
1 546
1 196
2 264 545
2 217 401
1 35
1 18
1 528
1 33
1 718
1 716
1 303
2 179 512
2 293 606
2 678 718
1 379
2 559 656
1 399
1 451
2 196 667
1 32
2 110 512
2 624 721
1 279
1 601
1 676
1 585
1 365
1 640
2 325 633
2 515 525
2 498 625
2 537 623
2 718 720
2 681 700
2 651 698
2 344 691
2 225 599
2 720 720
1 106
2 571 632
1 671
1 112
2 594 619
1 716
2 644 713
2 539 650
2 181 505
1 203
1 626
1 541
2 605 614
2 470 682
2 84 592
2 350 434
2 567 711
1 149
2 318 702
2 675 707
2 664 674
1 55
1 449
2 385 582
1 349
1 388
2 391 631
2 631 658
1 461
2 377 542
1 709
1 282
2 589 634
2 186 354
1 297
2 255 717
2 372 605
1 84
2 558 587
1 468
1 288
1 166
1 472
1 246
1 55
1 659
2 250 717
2 555 720
2 59 307
2 115 121
1 531
2 179 275
2 649 666
2 193 407
1 573
1 98
1 605
2 14 535
1 321
2 659 669
2 483 592
2 688 690
1 7
1 511
1 573
1 301
1 250
2 254 580
2 566 575
1 575
1 103
2 592 628
2 392 667
1 106
1 105
2 156 255
2 137 396
1 189
1 202
1 553
2 57 209
2 639 671
2 543 560
1 525
2 330 429
2 2 414
2 299 548
1 485
1 432
2 168 195
1 236
1 109
2 321 496
2 122 127
1 441
2 71 294
2 206 631
2 176 444
1 447
2 4 274
1 609
2 115 240
1 237
2 83 209
2 99 348
2 292 663
1 558
2 108 385
2 188 346
1 66
2 197 444
1 101
1 594
2 662 708
1 177
1 546
2 246 400
2 395 576
2 398 552
1 211
1 618
1 666
2 517 526
1 407
1 28
2 108 584
1 102
2 651 719
2 417 658
2 468 519
1 168
1 312
2 265 394
2 132 600
2 708 716
1 689
1 599
1 210
1 481
1 439
1 287
2 391 638
2 401 421
1 130
2 394 655
1 261
2 498 585
2 55 208
2 97 139
2 122 423
2 564 711
1 25
2 44 474
1 699
1 155
2 385 535
1 513
1 253
2 133 263
2 574 641
2 411 671
2 221 398
2 356 569
2 171 208
2 496 652
1 594
2 398 685
1 190
1 486
1 403
2 391 484
2 367 494
2 50 344
1 162
1 318
2 616 720
2 587 682
2 143 516
1 415
1 410
2 293 669
1 712
2 633 635
2 168 592
1 713
1 44
1 506
1 538
2 347 375
2 190 553
1 352
2 386 635
2 135 430
2 435 576
2 586 666
2 666 686
1 434
1 433
1 664
1 70
2 606 692
1 126
1 51
1 359
1 330
1 337
1 273
1 37
2 489 711
1 136
1 66
2 286 692
2 85 610
1 146
2 240 379
1 52
1 637
1 284
2 47 520
1 324
2 1 373
2 499 543
2 470 626
2 155 386
2 23 231
2 61 254
2 526 567
1 712
2 672 704
1 212
1 99
1 118
1 561
1 74
2 106 478
2 234 295
1 39
2 140 524
1 230
1 640
2 605 693
1 453
1 376
2 47 293
1 10
1 69
2 604 638
2 292 608
1 265
1 184
2 630 675
1 594
1 287
2 685 702
2 258 623
2 111 611
1 346
1 415
1 283
1 387
1 582
1 395
1 358
1 340
2 560 640
1 75
1 640
1 134
1 357
2 608 683
2 71 153
2 504 632
1 203
2 15 560
2 244 403
2 707 711
2 224 463
1 494
2 419 606
1 659
1 591
1 419
1 445
1 399
1 489
2 307 659
2 330 334
2 111 174
1 582
1 447
2 512 515
1 74
2 93 347
2 99 623
2 477 670
1 361
2 198 643
1 269
1 487
2 501 666
1 641
1 411
1 77
1 493
2 21 72
2 711 716
2 496 702
2 155 323
2 400 461
1 548
2 21 312
1 221
1 656
2 93 670
1 17
1 606
2 112 159
2 627 689
1 487
1 500
1 665
1 225
1 316
2 442 604
1 25
1 535
2 135 606
2 368 564
1 6
2 601 703
2 223 616
2 322 491
2 232 649
2 385 432
2 658 681
2 598 613
1 662
2 633 662
2 505 707
1 558
1 498
1 635
2 214 709
1 23
1 348
2 475 693
1 501
1 623
1 627
2 329 442
2 314 467
1 205
1 694
2 305 663
2 697 712
2 251 633
1 46
2 693 698
1 330
1 47
2 186 213
1 138
1 701
2 432 541
2 331 336
1 317
2 305 372
2 60 216
2 286 411
1 550
1 385
1 494
2 34 660
2 711 720
1 551
1 395
2 27 514
1 388
1 391
2 160 485
1 286
1 544
1 252
1 166
2 453 575
1 191
1 516
1 42
1 573
1 270
2 237 582
2 650 699
2 309 470
2 446 487
1 605
1 343
1 606
2 173 237
1 236
1 719
2 180 416
2 572 580
2 514 598
1 115
2 146 157
1 552
2 119 154
1 301
2 622 682
1 184
1 609
2 41 652
1 60
1 96
1 712
2 368 713
1 644
1 477
2 175 256
2 6 669
1 486
1 545
2 572 702
2 527 619
2 378 643
2 546 718
1 607
