649
9811 50095 83002 64257 11053 67405 48301 89872 28906 69368 23654 18717 22329 4891 66987 61169 79380 61938 40891 90631 31853 18362 73104 83361 26916 58171 87047 69391 29388 19217 5125 63198 47034 62238 29991 66483 46596 38522 29203 29690 98703 5995 97455 13130 61754 26387 90657 23667 31294 34777 78790 3931 76506 60749 35532 74396 72148 47869 9361 37981 23258 37557 20990 71869 62578 23462 20176 41978 28356 16184 27236 57191 94336 26295 94801 42828 83165 60470 45152 90413 49007 70018 37458 62955 46083 50502 14150 16996 27098 88728 18510 79204 88091 75777 68998 46167 13333 26273 43041 2981 32564 31306 1494 26585 73943 90530 44021 36638 36166 82055 18215 1975 48829 98043 27164 30930 50778 32926 25039 53020 29264 51275 42516 5185 61092 35858 84257 9329 27865 27650 32737 17693 64468 2946 99486 75422 23076 65586 22077 69205 82031 82005 79808 83019 32901 70959 1475 3068 42952 56084 54349 75790 76016 61223 66095 36146 67213 18229 80339 88677 77488 40265 47326 22342 10481 93076 81434 10925 60178 5371 3301 86529 78850 59387 39334 19043 31411 28346 51505 82877 67157 93030 92486 57775 2601 39091 30467 63521 4044 71413 84314 89712 70354 30309 27057 96570 76939 1648 63338 67321 66014 55599 75044 13761 16097 72928 60046 304 51765 15661 34048 40916 73063 8435 43424 92361 47007 1869 20923 91068 73896 41195 1060 38427 49724 14873 53765 88222 26758 37314 16852 47347 34796 96279 10586 5174 72119 71160 58114 39800 4176 92489 95384 95203 77177 89618 97440 9853 64278 52748 94212 11189 80316 3305 30866 42250 75415 768 12160 41363 50635 18185 90878 79744 52462 85455 94672 23474 38177 26674 52416 1451 56950 36635 96051 83477 70769 82316 59482 36143 6571 2815 22306 34784 12336 86209 51116 13657 99083 73810 83756 22576 48884 88353 51440 31952 4130 88531 83530 54998 38183 72127 2765 84994 92431 94857 43988 25107 67458 4023 54005 33188 78966 90225 96239 95836 62097 85775 11692 3116 58823 79718 3170 63452 34484 67015 7398 48962 28571 12830 89874 24242 21185 78881 78252 63662 39639 56826 36921 96630 84440 32988 41267 1827 98242 59223 19885 46735 87950 17377 27109 84192 55532 43905 11982 22884 4687 29996 37277 84611 17928 96355 48821 9372 24299 87562 3887 35576 71830 36734 33380 60032 17230 71782 94798 77778 48856 20135 56296 31365 96223 47953 11815 18049 18227 21512 71021 35732 56079 29948 41527 64291 11215 73390 58396 78804 44145 41664 67107 11810 30042 93745 40251 34315 30802 3539 20093 40703 50802 91502 82915 24348 3443 94835 48538 63348 75211 92684 63406 74451 99304 55721 5723 11395 16174 26509 31968 59764 622 30669 51947 95387 64064 38228 41874 49037 41734 43859 87729 17322 61191 83131 26350 87615 31965 26716 20082 80067 26464 84689 67017 32076 63777 89293 26165 89878 53974 70888 86064 75003 26838 45581 2489 53996 27609 20038 94073 90622 2051 52461 12155 64567 17372 99252 70631 97663 97870 89759 58831 24672 8849 67247 45800 55390 78308 27507 17909 41712 29584 80550 66758 73013 31783 8568 72886 13672 79515 9 83079 5832 55127 78426 37880 73471 61847 19501 18627 2215 20456 79249 81871 29775 81729 44543 40686 14285 46741 11469 42975 47022 45239 25983 22779 53474 21829 44820 83279 6788 66709 65215 97579 93794 16022 70563 92345 79089 76558 22881 52758 70097 65326 99080 83763 28794 52763 11523 64739 71458 97678 79808 72030 38299 7847 76208 71681 16975 97389 46561 39073 59542 4342 9725 72733 57896 30915 24248 91793 94402 18254 67023 37667 13178 2367 70794 43870 80974 19000 11066 59710 596 74619 8740 27984 31100 13373 31110 11974 73667 25474 44987 82843 868 43307 46089 19296 71937 28364 6261 34993 53474 20395 35575 53953 28639 56948 12532 77959 29649 69552 31294 24580 78225 15750 22995 90389 36174 82564 83957 743 89685 2342 29125 48883 9481 83835 99427 92535 12792 19396 52637 80935 91488 41601 57498 65198 7638 31554 85261 12597 43744 70755 24456 30807 63197 2972 18338 96680 97225 42880
644
2 1 649
1 65
2 528 593
2 485 534
2 444 622
1 75
1 435
1 640
1 304
2 302 314
1 358
2 414 641
1 110
1 2
2 185 264
1 423
1 649
2 544 570
1 100
2 567 615
1 424
2 203 327
2 69 113
2 151 388
1 234
1 279
1 495
1 534
2 72 333
1 404
2 637 637
2 377 438
1 173
1 129
2 505 608
1 390
1 57
2 98 316
1 396
2 633 644
2 516 584
2 590 594
2 309 464
2 443 609
2 344 434
1 106
1 370
2 24 349
2 109 520
2 461 517
2 205 631
1 304
1 438
2 633 647
2 606 634
2 286 638
2 87 119
1 16
2 490 568
1 182
2 294 434
1 618
2 42 226
2 35 200
2 66 69
2 81 84
1 137
2 294 502
1 457
2 166 304
1 210
2 592 603
1 254
2 238 401
2 43 251
2 583 649
2 275 354
2 230 581
1 510
1 328
2 185 456
1 216
2 362 384
1 384
2 318 549
1 284
2 589 598
1 642
1 205
1 537
1 109
2 493 532
2 126 542
2 649 649
2 561 606
1 454
2 493 595
1 173
1 114
1 337
1 398
2 371 468
2 493 571
1 134
2 441 449
2 386 607
1 522
2 350 587
1 268
2 232 617
1 341
2 349 489
2 491 645
2 582 591
1 111
1 171
1 557
1 211
2 577 591
2 404 578
2 183 317
1 546
1 234
2 477 534
1 619
1 415
2 645 647
2 594 622
2 107 350
2 125 204
2 264 350
1 287
1 511
1 592
1 132
2 430 529
1 42
2 336 449
1 560
2 230 540
1 237
1 545
2 67 585
2 124 470
2 53 601
1 648
2 240 495
2 479 535
2 543 611
2 533 610
1 399
2 367 488
2 185 225
1 98
2 400 629
1 531
2 145 490
1 255
2 561 619
1 160
2 565 636
2 619 638
1 640
1 358
2 557 637
1 513
2 346 456
2 65 367
1 397
2 534 621
2 36 269
1 109
2 58 369
1 272
1 115
2 74 128
1 212
1 568
1 367
1 36
1 407
2 258 646
2 270 589
1 467
1 189
2 115 575
2 435 620
2 105 620
2 548 611
1 133
2 125 448
2 485 512
2 519 547
2 235 374
2 282 405
1 562
1 353
2 4 260
2 418 539
1 446
2 331 350
2 460 646
2 287 288
2 130 576
2 68 70
2 67 334
1 644
2 609 621
1 119
1 347
1 548
1 623
1 110
2 45 579
2 626 629
2 164 608
1 218
1 251
2 529 573
1 500
1 96
1 27
1 415
1 321
1 337
2 206 617
2 629 634
2 560 569
1 148
2 121 498
1 351
2 605 614
2 246 311
1 243
1 169
2 371 583
2 283 413
1 336
2 32 300
1 354
1 49
2 182 282
1 240
1 95
2 48 164
2 20 470
2 60 614
2 470 502
2 331 380
1 52
1 561
2 233 511
1 622
2 73 509
2 399 622
1 536
1 575
1 13
1 45
2 529 561
2 104 649
2 636 647
1 443
1 212
1 109
1 530
2 602 632
2 641 643
2 58 443
2 579 633
1 638
2 595 606
1 142
1 284
2 262 311
2 395 395
1 539
2 142 338
1 492
2 450 602
1 287
2 326 355
1 421
1 416
1 530
2 32 260
1 442
2 282 485
1 270
1 18
2 542 554
1 527
1 390
1 571
2 64 205
1 324
2 601 611
1 329
2 59 634
2 312 588
2 92 113
2 341 428
1 328
1 388
2 198 385
1 301
2 262 448
2 126 334
1 332
1 42
1 463
2 347 472
2 395 617
2 225 392
1 230
2 380 503
1 360
1 631
2 59 638
2 25 448
1 143
1 381
2 503 606
1 387
2 503 522
1 308
2 474 604
1 547
2 649 649
1 35
2 209 338
1 509
2 490 566
2 265 555
2 637 645
1 269
2 87 185
1 295
1 71
1 549
2 633 637
1 282
2 21 178
2 360 383
2 412 543
2 122 604
1 21
2 176 376
1 416
1 338
1 420
1 293
2 640 643
2 260 543
1 68
1 455
1 40
1 595
2 289 544
2 73 554
1 494
1 300
1 334
1 612
1 295
2 132 546
1 16
2 211 502
2 338 385
1 112
2 44 306
1 171
2 574 621
2 174 321
1 30
1 540
1 456
2 391 566
2 208 540
2 429 526
2 383 564
2 283 402
1 325
2 66 493
2 548 645
1 586
1 30
2 554 649
2 311 355
2 468 628
1 620
2 165 553
1 629
1 282
1 323
2 280 553
2 384 600
2 564 633
1 332
2 44 422
2 398 509
2 391 580
1 70
2 461 621
2 15 22
2 208 507
1 414
1 399
2 224 453
1 479
2 142 279
1 448
1 243
2 584 601
1 401
1 231
1 286
2 556 605
2 442 511
1 583
2 205 503
2 121 538
1 235
2 341 426
1 172
2 52 488
2 592 628
2 14 587
1 645
1 355
1 164
2 417 549
2 61 442
1 37
2 123 320
1 611
1 104
2 553 617
1 151
1 108
2 32 37
1 374
1 117
1 545
2 408 545
2 68 330
2 326 426
2 482 601
1 392
1 528
1 474
2 74 237
2 248 294
2 496 581
2 570 611
2 28 123
2 65 184
2 68 379
1 477
2 360 573
2 618 649
1 177
2 514 585
2 197 577
2 273 307
2 407 498
1 463
2 391 580
1 572
1 55
2 56 591
1 259
1 63
2 183 586
1 79
1 126
2 585 592
2 74 605
1 90
1 434
1 218
1 446
1 97
2 128 645
1 267
2 550 588
1 436
2 387 391
1 18
2 235 591
2 529 597
2 23 41
2 502 526
1 245
1 56
2 605 634
1 529
2 109 200
1 132
1 144
2 93 337
1 171
2 7 275
1 236
2 160 493
2 345 523
1 225
1 129
2 593 622
1 355
1 602
2 630 635
2 116 362
2 186 397
1 102
1 373
1 434
2 451 500
1 171
2 254 387
1 602
2 313 323
2 425 544
2 648 648
2 110 643
1 157
2 314 436
1 469
2 609 638
2 272 272
2 215 417
2 497 500
1 647
2 436 612
1 441
2 237 637
1 467
1 516
2 229 412
1 593
2 591 622
2 508 536
2 276 350
2 420 479
2 105 352
1 534
2 356 546
2 397 610
1 410
1 287
1 500
1 211
1 167
1 81
1 145
1 302
2 579 582
1 262
1 486
1 633
2 325 567
1 618
2 5 98
1 604
2 491 621
1 115
1 572
2 151 628
1 164
2 112 139
2 558 649
2 168 185
1 642
1 365
1 48
1 634
2 572 636
2 260 611
1 362
2 582 619
1 152
2 226 397
2 203 242
2 22 167
2 548 623
1 306
1 561
1 382
2 492 505
2 322 581
1 202
2 78 332
1 439
1 382
1 130
2 601 623
1 476
1 324
1 10
2 567 623
2 12 395
1 454
1 40
1 452
1 55
2 209 482
1 164
2 504 571
2 41 87
1 585
1 558
2 253 348
1 504
2 114 507
2 150 262
1 502
2 353 538
2 287 325
2 123 212
2 601 617
2 46 178
2 554 567
1 78
2 327 609
1 96
1 116
2 337 467
2 445 562
1 349
2 649 649
2 527 607
2 306 430
1 252
1 525
1 19
1 113
1 409
2 483 581
2 125 529
2 637 648
2 550 592
1 512
1 193
1 603
