983
62426 90281 16269 79791 58142 93462 42896 83666 6340 4181 89312 60653 83543 69764 20601 66486 83447 27196 78825 42563 74148 3902 23938 9409 3745 56052 81808 58242 78705 20123 19455 44820 26400 47208 24393 1133 52362 14252 72765 62430 27875 99283 18131 65040 71812 12021 93770 82145 36429 43154 48329 8370 91390 59983 77257 22804 17496 41678 20515 31829 5360 64286 27025 43104 47333 10398 30420 21567 47136 50045 61604 78919 93088 974 92351 61243 62227 11588 36609 60405 25787 83682 60695 22848 64724 49552 26798 77406 5860 17558 35352 15256 95455 90506 22455 69465 31021 73658 29285 84398 70137 53943 73502 48841 44432 55626 91283 71702 72525 39094 88799 9516 85211 13559 77260 97391 32093 5171 13685 71163 67330 94369 70024 12926 75295 72227 81065 30246 39953 23696 37320 85263 31579 90936 43309 34705 87190 63265 191 17594 55007 78977 22369 88125 57366 31867 8622 65297 8471 87643 18998 1537 98507 85574 64583 57212 43098 41402 30157 52262 58084 82407 45320 72214 46227 50127 38483 48765 24124 89927 8445 23234 68620 9570 17725 67864 42550 70222 58725 56839 14685 26254 59736 29595 36218 61705 25560 27296 54860 49962 98907 33207 76859 51044 28526 22936 50154 19806 40607 73400 52546 38573 69155 23256 78775 85843 95579 40170 29506 11587 32426 70805 2237 27997 29966 56525 94172 62370 83341 96258 11898 19110 96465 28417 88792 93223 85810 71830 92399 44933 53399 73478 97097 41339 2619 41005 56243 15641 37310 52205 56407 26266 89837 63360 44937 39861 22745 85373 35874 77137 44573 14793 45494 59110 33783 71375 46265 51444 34652 11394 30058 50325 86124 43290 84517 32575 28402 58254 89211 32487 42366 23556 34506 73591 21439 21337 71101 80530 2914 97917 60083 44124 2797 81240 29233 16837 97301 79731 59184 96248 29301 51703 28833 25572 12539 16082 33081 91664 45033 32457 71373 49701 56665 43343 4180 43522 34599 76527 5099 93517 93877 63678 42549 95715 59883 19044 73029 56394 357 68551 10561 71498 53621 75585 60120 33315 72431 88220 11475 13170 35726 27854 74679 46872 23918 59200 96749 29528 97446 90783 48551 45185 13029 10033 1858 81906 11822 96546 37642 34633 33810 55465 77281 58307 56977 80163 43880 15184 14114 84126 14488 72162 76117 3492 93878 56692 25689 2803 52865 49644 81989 59942 80691 63488 64286 92689 4293 29706 15795 84457 84048 45222 81199 66695 66661 80795 57722 72405 26675 79551 66334 63607 10743 80079 95369 90902 57394 90443 7344 32789 85982 97198 56536 5766 22559 61641 4554 49523 98457 23047 49518 53515 22403 6595 57596 55372 19320 85447 26282 14097 92488 32535 30419 63113 52850 35930 29288 41500 41689 33845 59060 48267 76197 37320 807 14425 21387 19881 80312 7924 26467 46766 11240 84541 33202 9055 67990 65873 65216 42022 84906 87139 94077 36331 67303 69445 86023 39911 26269 54195 44253 77495 31789 96787 76930 13488 74806 52910 40132 13227 66648 3050 1305 74796 90659 98328 42282 59541 90630 7243 4553 6172 8355 31455 49989 38089 22211 386 73018 84269 68289 46858 63067 99572 84100 88416 84659 50078 27074 62706 22086 31455 67748 30336 10931 13020 20224 54540 88992 8167 64240 44686 19649 32172 68472 79054 18669 38145 63776 90150 21697 18953 71365 93056 98223 59329 49150 12024 66184 50215 99933 26792 40147 74904 81141 65131 10220 6273 1173 41755 96572 88715 60768 40783 36976 74364 45659 11338 10549 86693 2844 50243 75658 94758 53588 53732 89912 76923 61163 97212 46818 72935 59640 57728 64134 36671 33747 4252 63073 43255 33933 41248 90783 82307 22266 18925 24374 74265 74015 3756 77741 88637 51478 66795 68471 42245 33518 26551 23128 18440 64244 58565 52509 41024 89178 74303 48780 90678 10888 29565 79085 64991 37022 42272 25120 4273 54026 61544 10510 36370 5305 1372 61814 47228 3845 9167 60331 62817 25912 52650 96550 50035 51498 93689 77388 88044 44028 71394 94063 57754 2059 25237 90208 816 10087 11963 2547 32029 83709 19673 51222 57001 443 53495 9817 38979 13379 80055 37955 73116 92718 68789 39444 50268 63371 4344 98569 42803 31748 49918 69241 44785 87056 447 23090 65243 10779 25739 50852 4465 94069 50347 87022 92056 21713 2944 94507 1374 40115 58775 85507 54299 10680 1570 41257 10307 54332 83640 60017 45264 89425 12438 32069 15592 13272 61143 47274 32867 9006 2570 84341 63602 52835 3235 22898 11028 13067 15877 59109 14328 75168 76157 38707 9344 78062 14864 67429 44702 4974 14008 71966 74694 57476 48775 91830 87965 9355 3811 17517 85521 66432 15381 85336 92564 20843 32604 94838 51079 88741 2369 9887 72915 94523 21377 24136 91663 62646 66179 69501 28362 33047 26091 6195 17048 67754 80188 12186 43848 3088 27694 74702 95283 11082 80225 81117 58631 98909 80246 40368 12012 64603 67217 92995 32415 91691 68751 31285 96167 2715 78037 28775 56556 18588 74554 35585 46833 28410 27994 84305 4063 52447 67721 12939 14259 38577 45935 66595 66676 88299 89130 46119 60937 91816 21772 79633 47406 7586 66763 81286 19532 9151 73218 91523 76383 71784 52253 23299 85881 16901 22474 45964 53774 64970 89417 20358 70416 95712 80688 14887 22209 86003 57278 26150 32404 4557 65892 60387 52261 43541 62549 30446 61767 32026 73644 67864 79889 47154 6187 49621 94839 5207 40645 69961 17009 51520 92199 79550 78400 54313 42036 25881 59992 12621 22620 51188 41313 95435 40094 18183 75405 59869 43172 57624 75488 27651 79009 79780 38562 69706 44007 51098 52072 62361 351 64680 19505 95984 84715 20269 76095 54936 7715 84300 63490 11947 2073 99018 53421 75962 16148 24853 85346 97478 61482 22849 6398 86298 64126 24656 89221 81851 73371 32671 11520 99621 66510 81497 61071 25466 63136 76117 79517 57373 30442 23247 35547 11588 20181 44407 45718 16681 40984 84217 8410 32193 24261 15845 11992 72145 55451 24297 18726 68512 32560 39940 81706 38909 57185 10387 51959 132 94437 94633 43735 846 88365 74154 57786 68251 40534 42245 34607 54084 90339 43206 56525 68420 25171 72122 51947 28163 24977 84943 24067 51980 12914 84471 68932 93202 78105 49773 32361 76204
703
2 1 983
1 538
2 414 423
1 328
2 303 563
2 782 962
1 40
1 829
2 548 678
2 697 971
2 127 201
1 745
1 216
1 928
2 430 833
2 53 784
1 599
2 237 582
1 804
2 111 327
1 273
2 634 851
2 436 724
2 335 835
1 883
2 433 805
2 731 827
1 912
2 473 540
1 101
2 727 727
2 327 686
2 139 520
2 343 411
2 574 739
2 324 794
1 700
1 37
2 887 980
1 98
1 723
1 647
1 621
2 33 261
1 263
2 77 526
1 24
1 518
2 834 968
2 694 954
2 519 795
1 923
1 841
2 28 792
2 849 879
1 933
1 118
2 202 916
1 901
1 520
1 632
2 111 159
1 100
2 427 917
2 476 654
2 872 878
1 949
1 485
1 158
2 334 832
2 913 922
2 194 198
2 624 938
1 121
1 275
2 625 731
1 431
1 466
2 957 962
1 320
2 280 470
1 551
1 503
1 90
2 847 946
1 925
1 562
2 326 722
1 379
1 778
1 66
2 748 872
2 192 807
2 282 385
1 520
2 42 255
1 529
2 550 610
2 516 523
2 983 983
1 459
1 78
2 144 160
1 487
2 13 260
1 600
2 78 357
1 927
2 382 441
2 704 911
1 820
1 46
2 352 777
1 64
2 659 746
1 411
2 409 497
1 607
1 239
1 927
2 319 847
2 829 849
1 472
1 599
1 758
1 548
1 692
1 845
2 294 969
1 13
1 109
2 236 962
2 724 951
2 400 665
1 735
1 159
1 415
2 633 880
1 317
1 24
1 179
2 318 581
1 441
2 842 954
1 190
2 890 969
2 794 851
1 128
1 926
1 65
1 258
1 825
1 275
2 473 805
2 372 733
1 702
2 307 816
1 684
2 843 866
1 530
2 828 904
2 317 742
2 272 367
2 792 848
1 352
1 380
2 934 955
2 645 665
1 373
2 145 210
1 283
2 289 533
1 532
1 611
2 480 871
1 726
1 678
1 74
2 294 486
1 386
1 891
1 26
1 82
1 807
1 183
1 819
2 615 635
1 968
1 647
2 853 876
2 407 855
1 296
2 253 570
2 917 954
2 498 780
1 329
1 739
2 580 745
1 947
1 544
2 425 816
2 316 377
2 268 560
1 147
2 209 802
1 300
1 858
1 62
1 486
2 644 962
1 561
1 177
1 448
1 166
1 896
1 166
1 601
1 569
2 613 641
1 288
1 653
1 831
2 316 722
2 795 884
1 51
1 402
1 30
2 948 951
2 938 953
2 231 371
1 44
1 126
1 106
2 396 633
2 729 792
1 379
2 555 766
2 582 826
2 183 872
1 227
1 376
1 57
2 614 705
2 912 940
2 956 964
2 951 957
1 521
2 630 961
2 776 908
2 187 315
1 633
1 79
2 964 973
2 660 693
2 780 895
1 464
1 396
2 528 544
1 782
2 565 947
1 799
1 808
2 816 850
1 233
2 64 668
2 414 524
2 847 926
2 977 977
2 549 708
1 730
2 718 894
1 77
2 965 967
1 360
1 626
1 471
2 667 921
2 85 155
1 747
2 804 866
1 287
1 629
1 362
1 159
2 476 583
2 486 906
2 606 939
2 656 978
1 235
2 758 853
1 228
1 133
1 946
1 87
1 521
2 199 231
2 930 940
2 724 729
1 135
2 619 861
1 409
1 947
2 516 981
1 328
1 908
2 717 876
2 220 608
1 525
1 538
1 556
1 142
1 204
2 152 668
1 805
2 733 784
1 864
2 118 497
2 356 356
2 830 931
1 247
2 524 858
1 683
2 345 567
2 167 656
1 727
1 698
2 245 783
2 477 635
1 379
1 283
2 727 758
2 30 267
1 506
2 694 696
2 103 743
2 98 494
2 933 979
2 435 586
2 372 960
2 683 857
1 364
1 787
1 909
2 663 973
1 584
2 76 457
2 687 982
1 389
2 812 823
1 154
2 192 225
1 876
1 45
1 217
2 559 651
2 232 436
1 88
1 796
2 354 585
2 293 425
1 229
1 349
1 772
2 923 929
2 142 148
1 795
1 626
2 785 942
2 569 580
1 790
1 76
2 343 817
2 378 551
2 747 957
2 639 798
2 937 940
2 174 836
1 715
2 20 124
2 29 575
1 130
2 680 890
1 780
2 685 709
2 959 971
1 205
2 559 693
2 289 375
1 556
2 97 274
2 440 526
1 117
2 112 595
2 628 840
2 246 492
1 72
2 776 806
2 766 836
1 932
2 820 884
1 691
1 673
1 552
2 832 858
2 658 846
2 303 936
2 645 820
1 386
1 533
2 143 875
1 946
1 747
2 550 851
2 283 943
1 460
2 933 976
2 412 645
1 868
1 413
2 355 430
2 169 963
2 652 878
1 539
2 782 966
2 147 306
1 778
2 337 552
2 608 874
2 982 982
1 614
1 653
2 859 930
2 680 919
2 163 568
1 351
2 758 795
1 365
2 777 961
1 156
2 9 541
1 4
2 387 725
2 931 953
2 898 920
1 753
2 647 931
2 965 977
2 445 630
1 309
1 57
1 200
1 747
1 408
1 154
2 293 445
2 81 944
2 944 946
1 739
1 914
2 106 906
2 965 973
2 786 867
2 858 893
1 2
2 475 724
2 767 963
2 124 459
2 100 130
2 91 911
2 179 490
1 70
2 463 872
1 950
1 981
2 490 594
2 612 915
1 744
1 360
2 836 872
2 61 738
1 636
1 630
1 154
1 217
2 226 271
1 349
1 102
1 966
1 142
2 471 945
1 851
2 312 494
2 726 966
1 558
2 251 323
2 473 796
1 81
1 758
2 89 216
2 285 767
2 584 921
1 583
2 515 774
1 586
1 796
2 812 812
2 477 721
2 350 483
2 452 918
1 800
1 870
2 389 939
2 737 877
1 706
2 769 818
2 263 913
1 221
2 402 661
1 191
2 917 970
1 122
2 329 345
2 181 419
2 116 581
2 636 713
1 623
1 680
1 801
1 439
2 687 822
1 465
2 656 798
1 796
2 972 982
1 411
2 406 467
1 445
2 684 867
2 735 790
2 485 510
2 961 977
2 388 733
1 45
2 903 942
1 58
2 202 529
1 568
1 879
2 453 879
1 41
1 916
1 110
2 23 830
1 12
2 487 525
1 769
1 18
2 215 857
2 536 719
1 453
2 659 828
1 791
1 949
2 413 610
1 470
1 807
2 623 973
2 281 730
1 797
2 517 962
1 243
2 946 952
2 815 938
1 769
2 162 745
2 259 966
1 852
2 830 865
1 405
2 453 924
1 262
2 168 255
2 840 923
2 107 647
1 815
1 331
2 949 963
2 638 680
2 283 778
1 608
2 892 910
1 420
2 106 769
1 221
2 209 681
2 445 865
1 872
1 441
2 705 731
1 758
1 712
2 506 576
1 940
2 126 277
2 841 886
2 721 896
1 927
2 980 983
2 587 677
1 674
2 394 708
1 236
2 402 596
2 949 981
2 892 965
1 813
2 402 745
1 403
2 457 965
2 460 902
2 647 807
1 911
2 394 409
2 382 389
1 336
2 606 702
2 412 462
2 74 320
2 800 904
1 130
1 470
2 202 569
2 50 811
2 434 684
2 88 657
1 256
2 65 641
2 872 938
1 338
1 726
1 39
1 838
1 188
2 33 234
2 370 749
2 123 407
2 654 947
2 576 959
2 818 966
2 901 938
1 605
2 613 931
1 967
1 850
2 672 767
1 379
1 2
2 671 800
1 836
2 463 571
2 162 947
2 209 971
1 415
1 855
2 61 817
2 805 927
1 370
1 128
1 16
1 381
2 731 872
2 178 551
1 290
2 341 841
1 573
1 371
2 934 965
2 13 849
2 435 800
1 494
2 929 973
1 280
2 695 745
1 258
1 202
1 871
1 781
2 443 873
1 828
1 786
2 754 975
2 766 944
1 218
1 696
1 980
1 143
1 723
2 907 967
2 695 793
1 661
2 913 936
2 29 856
2 548 869
