960
34725 76229 4789 76197 70250 75359 73307 14419 79900 65021 51549 48018 57389 6209 55040 83506 44655 21971 54895 1294 61393 64344 1164 17210 98484 6170 42981 93378 60030 14848 18631 52005 74054 36730 40230 4474 39042 31435 63146 35047 2818 49344 25584 70674 88853 99999 73811 51857 67201 94276 42998 52745 28312 59369 81974 13906 69210 57083 61044 26056 970 27405 20602 43388 24051 65374 2339 61733 39423 30628 77004 2875 37275 24405 51037 45283 40857 90952 19185 61037 85200 87752 94910 59403 79062 44317 38363 32858 83520 97010 85241 47825 21516 35925 27191 90774 33465 81187 72440 58874 25014 56607 44085 49735 3009 9631 45073 68750 15878 37553 14293 1702 26182 72606 74454 12930 42869 79792 67145 25956 91189 58641 61816 56977 54981 17687 52950 43904 61367 81905 89175 97199 75960 1816 68909 14665 24567 61744 43354 251 41849 75800 98646 58302 1167 67287 81614 62425 53970 59902 92514 10241 64136 23522 27116 46392 9160 33439 63539 78307 81945 67528 3214 31147 26330 95110 64099 64425 90158 84663 40329 90459 12054 19763 64847 39773 16372 6096 90161 14782 88327 58747 7356 51714 75396 43753 33902 71697 294 26591 52539 41445 79195 93823 22742 56709 51635 68144 2978 74550 20309 44672 26020 43081 10555 47021 84331 86203 57226 36362 79395 88529 21863 4091 28207 25283 71700 89740 26344 93278 71392 20767 73677 21716 9346 75425 74167 36147 2957 20565 77768 22723 8994 30418 4654 83300 53400 45638 48053 12709 76802 37154 23169 32317 92888 7610 81972 82330 40747 73136 95642 43556 26477 70155 25152 33871 28974 93585 61989 50078 19495 11120 88336 47518 60629 36013 94728 3410 89446 34971 49578 97635 31783 25965 89851 72401 96415 15414 86500 16932 73344 29649 38746 1461 58296 48365 93555 96984 66724 28153 29591 66983 53203 84429 96961 93947 28013 2532 76708 84513 84224 8140 52936 31339 2119 74266 94805 36824 67845 5651 79651 74325 77409 55677 70573 46526 50473 41356 5438 62816 97605 91706 62858 42046 75062 38762 24890 36127 6622 19919 17922 83277 37246 23016 2568 55442 37811 78135 7285 2579 63464 50352 31306 40222 67928 7278 59346 81873 26673 40299 39440 37270 70550 67342 60468 44348 18529 37208 59748 56245 44049 36124 87047 75364 918 75829 87519 75505 70378 79035 44685 54348 72975 82008 14429 26848 52225 91440 76378 40204 91255 53022 71475 16624 30597 3504 71892 9175 77579 217 43003 77063 59354 75964 644 41676 26835 60864 85810 15004 71649 84456 85465 62107 89828 35237 53400 85630 83600 71063 9272 41828 37737 36312 75971 20151 7315 17479 76390 45149 96202 36998 35187 6138 87134 31015 48345 13374 12247 80209 8699 47822 39930 18415 62268 16143 86179 81864 45131 55679 47482 50292 89672 44800 11967 74451 96333 55032 77887 11932 25537 6945 54958 26787 11421 97327 88905 8167 95402 53799 45095 92087 66249 7685 1476 19026 64670 62099 53194 1383 38693 92626 67195 10736 41657 6042 38397 19223 58402 61035 88079 94107 10473 47908 73953 53527 12214 44308 35245 53635 83311 26935 67371 69493 33262 70993 76973 52084 506 85952 88332 66080 44302 49350 98844 84212 60827 58432 22219 7600 89414 80262 56431 84560 9492 4807 39696 77042 94795 98087 16578 79074 17295 39788 63709 71774 54708 29217 3895 65775 15806 51752 92105 66223 4444 41384 49564 15416 84081 42104 74328 47741 20777 67787 19643 28451 80411 64566 29024 23384 27829 76492 84559 72212 24122 11775 27399 59266 68460 8805 56483 96913 18544 33924 15046 2026 47241 50362 62743 12186 51061 65095 30158 73101 895 85927 68576 88865 83099 30945 69275 35776 80835 97448 1020 43392 12122 40471 88085 92537 59615 18730 15783 47408 35335 48543 34974 74253 85765 43542 4162 86323 63938 67025 3192 93098 6368 26202 60066 81241 86654 11677 79776 80194 82557 84874 21916 40660 16983 70002 69580 96871 57435 18493 22587 61815 285 4743 7615 33860 95448 14118 38906 53679 56616 60322 76128 98942 25510 96681 96400 88267 74116 56749 70912 88607 77305 35492 4558 20093 10485 52605 67215 53121 11509 91008 71015 573 10966 85556 17680 60824 47867 93965 48864 74522 27491 36626 38318 63480 55763 36972 31642 92157 34425 1968 52404 55479 80736 50733 66369 19014 16549 42815 20959 29689 10741 67042 77698 75314 79828 77140 63601 39435 39549 19139 81413 29405 63867 53474 32115 61531 36020 79488 12050 71974 22764 17437 69428 74400 16556 11511 23301 91776 20205 68978 22135 11191 78312 83659 41119 67842 35030 71190 92276 48743 27894 60471 4153 42812 71268 56751 42432 78980 43469 19976 42383 87590 45436 30601 83485 14756 51890 63455 31240 52441 9205 29153 57048 62818 6582 71436 52674 27259 8280 11664 59888 51031 41033 28298 1277 32523 51222 49397 42653 73121 21108 1496 55025 47822 12022 12349 24685 85324 92468 25978 1357 40400 7755 4742 54508 14914 85857 178 59065 36004 21271 81070 56173 57578 75094 83991 57219 17546 48452 67735 32379 74586 63739 34400 34764 11429 7670 74221 70989 52147 21643 46973 3795 83712 61437 49291 52308 29498 97431 74844 10093 26985 42901 27628 49910 20873 19610 10338 71088 80158 32455 70069 91291 38321 8382 72499 24362 96126 21219 46625 10816 48829 17033 52906 44469 26656 79603 24800 44788 48839 81029 50073 81945 28928 23388 58232 91728 77080 41043 68958 82451 14711 80848 64240 84848 341 4903 39270 84280 46103 45805 79556 43565 88010 74272 71820 72013 77526 61244 93162 59024 48455 30682 27972 75328 37014 69530 42863 25290 31615 68475 30371 66938 98270 15534 99234 75312 64293 71625 80980 79032 72115 77517 68212 20053 14651 56991 13672 33767 88585 73718 1426 40172 67977 42231 80479 66770 71792 89000 14441 12638 64051 8805 12348 99365 46225 48131 65484 47186 37187 84478 51725 98060 94696 27193 31039 33803 17501 68811 90757 85702 48326 26815 49636 1350 95357 76996 26781 50081 79649 14154 56016 17080 69002 51009 47065 10703 38386 78511 14406 43850 98751 40103 72721
782
2 1 960
1 437
1 474
2 1 185
1 265
2 262 294
2 741 777
2 286 744
2 523 600
1 270
2 826 948
1 456
1 169
1 226
1 14
2 838 903
1 653
1 925
2 778 923
1 591
1 67
2 363 777
1 856
2 823 931
1 5
1 575
2 29 141
2 815 850
2 320 415
1 748
2 633 731
2 713 891
2 951 959
2 190 958
2 197 833
2 587 846
1 764
1 408
2 52 607
1 861
1 889
2 769 793
1 15
1 824
2 868 912
1 321
2 924 959
2 724 889
2 396 421
1 311
2 163 230
1 640
2 50 321
1 442
1 467
2 650 793
1 578
2 136 356
1 616
2 443 522
1 440
2 852 944
2 397 501
2 918 928
2 892 955
1 750
1 539
1 745
1 595
1 6
2 112 695
1 610
2 806 913
2 902 927
2 86 609
2 549 567
1 141
2 270 453
1 882
1 213
1 669
2 108 363
1 430
1 461
2 872 926
1 939
1 136
2 822 916
2 907 927
2 18 67
2 53 142
2 777 911
2 48 244
1 928
1 762
1 581
2 706 958
1 99
1 100
2 543 716
2 940 943
1 339
1 184
2 222 581
1 186
1 301
1 74
1 609
1 884
1 548
1 617
2 282 362
2 561 927
1 45
1 209
2 900 933
2 193 246
1 224
1 351
2 307 902
1 164
1 590
1 464
1 360
2 510 744
1 213
2 814 910
2 893 919
2 808 834
2 10 602
2 100 707
1 822
1 426
1 55
1 287
1 758
1 578
2 629 689
2 80 528
2 687 709
1 546
2 760 834
1 276
2 696 889
1 679
1 50
2 616 957
1 290
1 818
2 100 144
1 828
1 530
1 31
2 724 793
2 40 461
1 761
1 875
1 546
1 881
1 401
1 780
1 750
2 691 708
1 212
1 210
1 76
1 814
2 810 859
2 696 831
2 1 343
1 161
2 307 745
1 316
2 83 137
2 832 901
2 773 782
2 242 601
1 943
2 847 911
2 350 476
2 181 229
1 795
2 853 866
1 154
2 56 718
2 858 937
2 297 342
2 238 345
2 435 460
1 681
1 655
2 427 454
2 207 403
2 568 931
2 720 812
2 143 577
2 410 955
1 68
2 54 406
1 154
2 848 890
1 220
1 938
2 225 263
2 256 334
1 607
2 140 635
1 825
1 285
2 60 560
2 173 869
2 79 641
2 19 437
1 352
1 620
1 341
1 714
2 64 647
1 838
1 783
2 758 798
2 550 593
1 661
2 291 459
2 506 672
1 130
2 582 812
2 366 470
2 283 676
1 371
2 642 690
2 423 497
1 406
2 784 861
1 239
2 78 236
1 137
1 617
2 14 241
2 516 618
2 70 872
1 870
1 642
2 205 911
1 439
2 56 381
2 116 283
2 680 830
2 912 927
2 85 918
2 527 622
1 576
2 596 628
2 176 302
2 454 848
2 808 808
1 691
1 329
1 344
1 36
1 623
1 720
1 409
2 147 285
1 873
1 930
2 456 681
1 632
1 677
1 129
2 331 890
2 928 941
1 601
1 620
2 444 622
2 383 771
1 61
1 869
1 245
2 297 614
2 735 823
2 624 941
2 663 909
2 229 344
1 885
2 957 958
2 239 306
1 107
1 351
2 669 924
2 486 571
1 601
2 154 766
1 419
1 549
2 516 795
1 655
1 378
1 257
1 895
2 395 604
2 876 882
2 67 481
2 820 951
1 612
2 865 914
2 423 492
1 64
1 905
1 156
1 604
1 227
1 495
2 469 508
2 200 824
1 959
2 201 735
1 219
1 758
1 473
1 44
2 523 907
1 302
2 674 803
2 911 919
2 105 249
2 675 689
1 270
2 835 873
1 755
1 239
2 20 702
1 104
1 482
1 858
2 408 707
1 348
2 588 673
2 872 945
1 538
1 664
2 252 506
1 905
1 262
2 928 936
1 113
2 477 869
2 597 641
2 472 760
2 579 726
1 810
2 229 341
1 486
1 306
2 277 724
1 899
2 437 879
2 478 839
1 111
2 167 273
2 462 699
2 25 865
1 891
1 108
2 519 760
1 184
1 371
2 765 837
2 102 142
1 31
1 432
2 527 797
2 888 897
1 760
1 651
1 758
1 242
2 944 945
2 454 591
2 456 809
1 262
1 496
1 373
1 94
2 116 444
1 27
1 427
1 753
1 717
2 837 947
1 869
1 8
2 629 717
1 66
1 19
1 751
1 211
2 703 782
1 160
2 140 344
2 312 326
2 476 652
1 691
1 489
1 629
1 222
2 528 692
2 754 792
2 792 957
2 343 433
1 120
2 9 410
1 230
2 7 151
1 713
2 35 580
2 5 918
2 396 404
2 916 960
2 905 955
1 851
1 850
1 361
2 179 293
1 859
1 559
2 424 729
2 239 648
2 483 703
2 11 873
1 876
1 51
1 276
2 226 371
2 571 758
1 676
1 700
1 210
1 675
2 709 767
1 863
2 659 726
2 503 920
1 844
1 555
1 927
1 174
2 437 697
2 674 812
2 955 955
2 365 487
2 779 936
2 2 519
1 951
2 515 519
2 43 340
1 230
1 753
1 186
2 273 316
1 558
2 334 548
2 309 833
1 79
1 411
1 273
1 569
1 941
1 467
1 95
2 807 936
2 744 862
1 528
1 741
1 141
1 317
2 553 618
2 276 791
2 728 866
2 526 799
1 620
2 61 871
1 243
2 128 659
2 872 936
1 762
2 883 884
1 894
2 862 940
2 482 519
2 610 808
1 10
1 869
2 203 950
1 40
2 117 589
2 123 185
2 11 382
2 256 846
1 468
2 339 441
2 140 559
2 877 882
2 685 700
1 837
1 599
1 588
2 487 598
1 350
2 203 689
2 284 908
2 464 894
2 87 397
2 272 800
1 329
2 846 889
2 839 841
2 474 804
1 439
1 315
2 455 902
2 718 939
2 476 754
2 126 737
2 921 944
2 445 883
2 388 822
1 561
2 575 669
2 851 889
1 604
1 862
1 846
2 414 943
1 916
2 53 295
2 832 918
1 243
1 362
2 854 926
2 535 586
2 138 362
1 194
1 320
1 641
2 546 613
1 766
1 557
2 107 612
2 706 922
1 724
2 461 692
2 354 474
2 730 893
2 935 955
2 901 917
2 751 939
2 413 779
2 290 940
2 256 356
2 216 397
1 274
2 411 452
1 777
2 457 509
2 808 931
1 347
1 711
1 9
2 473 643
1 817
1 637
2 681 932
2 702 854
2 158 608
2 177 510
1 422
1 652
1 853
2 715 848
1 915
1 564
1 936
1 257
2 266 335
1 260
1 910
1 555
1 819
1 668
1 45
1 144
1 113
1 463
2 784 805
2 531 620
1 401
1 671
1 859
1 880
2 485 761
1 17
2 15 641
2 935 955
1 639
2 392 653
2 689 863
1 56
1 613
2 905 920
2 719 832
1 873
2 387 823
2 362 473
1 334
2 343 554
1 100
1 488
2 39 268
1 102
1 946
1 681
1 578
2 478 530
1 294
1 287
1 718
2 845 870
1 780
2 296 825
1 837
1 734
2 249 657
1 482
1 456
2 467 738
2 488 881
1 343
1 902
1 64
2 894 910
1 679
2 511 888
1 7
1 488
2 184 864
1 784
2 549 550
1 559
2 456 915
2 17 902
1 231
2 352 772
1 447
2 175 420
1 426
1 609
2 584 788
2 393 864
1 396
2 935 949
1 627
1 678
2 41 511
1 119
1 132
1 157
1 670
1 321
1 177
2 883 921
2 137 187
1 843
2 929 952
1 286
2 653 954
2 312 856
2 284 944
1 683
1 611
2 344 626
2 722 938
2 540 569
2 933 938
1 671
1 89
2 50 84
1 685
1 185
1 881
2 237 802
1 722
1 390
2 348 579
2 230 687
2 341 776
2 453 757
1 57
2 260 553
2 447 474
1 588
2 244 638
2 631 942
1 30
1 357
1 365
1 691
1 338
2 36 123
2 433 818
2 500 694
1 239
2 398 697
2 803 810
2 470 690
1 603
1 446
2 190 201
1 399
2 524 703
1 783
2 559 723
2 175 925
2 843 918
2 374 837
1 210
2 766 812
2 144 324
2 772 867
1 431
1 725
1 452
1 588
2 390 556
2 309 677
1 867
2 863 930
2 78 561
2 629 843
1 829
2 679 921
1 756
2 25 28
1 307
2 282 831
1 813
1 389
1 247
2 856 882
1 192
1 922
1 111
2 285 404
2 800 901
1 67
1 894
2 267 460
1 495
2 590 805
2 254 831
2 595 718
1 719
1 143
1 403
2 25 871
1 24
1 954
2 472 603
1 750
2 765 854
1 48
2 555 601
2 939 949
2 221 310
2 489 615
2 879 945
1 700
2 843 848
2 704 869
1 477
1 281
2 214 306
