891
40145 52325 58774 13039 11376 27208 98662 65514 16436 4111 16906 85 44043 88708 25860 96434 62959 90562 1295 21546 52917 75466 81497 45647 94970 7094 73990 79499 18724 80818 66887 72198 67887 99656 49145 99213 76322 17942 77334 79542 70513 65983 25721 72647 92649 99091 4611 83663 97105 39152 53180 93748 65272 87517 83171 70624 16255 93697 89655 46227 947 71326 92978 408 41141 56858 99544 72370 23077 38301 66599 86793 84919 48507 2236 28255 2402 54945 3312 90552 596 68245 21354 95009 80430 44762 22041 65848 35528 62840 4657 23912 30616 74458 7981 6799 28467 57513 57528 17801 26278 18834 62540 97984 65333 38452 57745 51961 44724 66512 26227 49829 14708 72588 46094 2603 61520 67671 11468 32439 21501 87937 17910 14341 23031 3064 11659 6095 42091 52219 32071 21525 60899 75318 90380 5552 59824 23483 18101 83025 11138 4564 65454 78762 81983 11176 32214 84277 51045 78405 78659 21875 1689 40197 69660 45801 50893 39378 72642 21103 87238 22616 49458 69070 85589 15155 1269 28199 63009 6302 98692 21811 29365 3780 72317 69834 22444 40443 97308 37767 44410 48564 67690 26129 50725 36033 8077 59097 79699 22452 24248 46197 27915 57493 3043 13809 55512 30697 53759 55222 18407 40126 72396 71600 4650 23132 78432 47073 99373 82105 16009 14277 31473 89494 29240 44725 54580 47984 10007 63591 50105 54184 89729 82326 44662 18664 67554 12990 82988 26348 66700 99782 31099 9886 32679 53046 66250 77339 16775 83260 4356 95743 2498 99518 36443 55226 75887 24079 72893 51990 44629 73604 28500 47667 5092 27231 1429 82210 1211 82912 56971 55065 90076 60156 85507 51354 17652 78214 34122 88709 23827 201 39461 97364 36070 34412 47419 39913 98193 36768 78706 84437 91681 73680 571 17891 51853 40809 86528 272 71513 80312 30289 23628 68894 8301 55727 66077 70975 21909 47513 54901 95806 16120 99361 79012 98190 98198 51134 10749 82790 84142 94184 48979 87802 5141 53477 52131 99567 48193 28929 89142 96308 34039 30835 75750 57571 13230 6894 38850 87894 53936 60203 18152 39797 19777 6413 24534 72939 74280 43208 94350 78010 12715 77872 54794 85113 14710 44462 5425 8087 3945 60375 42891 69281 42532 41900 66420 85547 38993 89809 22972 92608 9630 86314 57116 85385 21734 73069 37715 39721 1753 19955 24904 30893 65101 11922 12313 66072 66136 6778 86043 36840 86938 16789 15739 26589 46733 82793 89457 59742 72993 21349 86639 28978 38689 9357 49902 5145 89512 47904 42902 55054 67017 59685 42459 74874 70801 19585 61323 52189 44161 53248 54903 19759 59815 52319 87907 73339 67688 10213 71376 73977 96994 49394 6766 29283 18761 22394 31812 40376 94608 40065 22855 28054 56510 66345 11776 37858 27067 13083 27611 58749 70847 17471 10883 11787 75699 92513 30355 40493 73348 61318 36656 8404 42640 31831 12583 70681 10684 35756 54185 76045 63708 57101 9213 25052 13943 97123 3244 33244 16241 43446 22258 15556 69071 19427 6521 78174 68741 86875 40543 60141 14295 95367 98234 78598 50427 44476 29418 34337 5550 276 31432 93143 61246 86347 24577 83750 56925 23126 27828 87692 4445 24725 41317 95878 35662 77517 24589 55504 52898 40790 38962 25747 94996 41175 62123 51223 35815 33768 21434 2129 66513 14584 92014 15164 62712 92038 82940 42848 68423 66723 94719 53875 40721 19918 77273 17615 50919 85132 4949 27701 1326 75503 42513 59512 65998 22965 86328 61281 3262 37860 94185 41012 88477 74326 87363 34285 64267 85491 46666 87895 80400 49416 20617 59084 29229 96754 17269 35951 99799 40466 19218 27096 70076 19165 46207 21186 3329 49608 8126 25685 92944 41617 74455 92666 54601 79594 20946 89139 635 59595 77266 42755 31230 84147 21404 30312 17231 67848 80880 17998 62064 59060 64131 39598 92545 37498 89181 46181 68047 93464 96104 7918 22896 30996 1960 18530 92172 61567 26433 35202 97311 36394 22404 46267 27846 23309 90946 94288 81266 92304 9739 6286 57548 50670 15775 17567 7167 99555 61239 73065 7805 94605 47190 85620 61452 64338 93911 95377 92128 43222 60746 39810 50272 15217 65040 79326 92497 92619 99095 74021 3309 30187 96956 53151 80319 32195 7500 18726 80018 65863 66264 72436 90575 65242 45780 3067 50334 91594 83732 36223 48379 61451 52637 81540 24436 55547 33042 84931 28765 40678 4566 35523 58304 60885 84266 34152 77032 20217 24658 29994 58631 36420 49043 43264 81656 32671 35348 17269 3659 62459 88728 59872 67029 18004 18186 35794 20570 70583 39820 82246 47639 39168 33030 50853 51567 39674 89246 93452 62997 88720 36953 95648 86045 29662 69573 21912 59373 97526 51652 65331 8783 26211 59294 1696 39826 44869 55033 96894 12406 22341 78618 41722 51196 38803 83094 55176 20681 60874 93809 75623 57819 90544 7568 45948 31372 97220 98270 62943 61334 893 41975 62643 91570 31735 36129 62393 74715 47029 14626 89402 69717 42712 49144 29921 42463 3618 23161 2634 98747 88149 12362 56057 20349 43975 37741 75696 13112 71093 93533 87036 91039 87667 43819 40039 49240 59869 6209 92464 83938 4182 78049 7902 39329 67199 47709 69154 65937 29162 46558 52554 27319 85 29749 28170 51732 60136 99454 37677 48993 48971 5579 93348 93871 5594 30597 50757 3982 58200 7228 66130 17113 74577 63416 14759 36799 92301 91731 41391 79328 48897 32084 66195 98613 53054 66650 42235 1743 67268 46309 67055 91033 22265 29596 42580 92688 1930 61537 45745 58305 89082 36583 64160 95693 89314 43062 727 63439 77410 63709 78622 64340 39302 30604 36456 86475 91861 59361 53928
657
2 1 891
1 406
1 298
1 576
2 700 850
2 377 409
2 687 712
2 435 701
2 209 598
2 793 829
2 266 782
1 590
1 307
2 243 797
1 298
1 122
2 524 785
1 737
2 825 836
2 388 872
2 847 861
1 408
1 157
2 768 853
2 415 569
2 176 628
2 531 540
1 476
1 594
1 86
2 269 316
2 856 871
1 547
1 802
2 198 775
1 120
1 724
1 456
2 288 604
1 802
2 458 796
2 790 814
2 410 469
1 354
1 44
2 567 580
2 198 674
2 347 393
2 360 890
2 1 513
2 464 603
1 666
1 212
2 180 306
2 446 788
1 723
1 675
1 86
1 787
1 337
1 196
2 506 513
1 705
2 259 698
2 758 882
2 202 753
1 127
1 680
1 506
1 502
2 301 498
1 448
1 331
1 772
2 669 834
2 764 795
2 91 225
1 656
2 498 817
1 793
2 291 833
1 560
1 374
1 212
2 87 739
2 458 877
2 13 666
1 740
1 444
1 253
2 119 450
2 16 688
2 290 847
1 689
2 358 837
2 561 795
2 304 823
1 656
2 523 872
1 667
1 204
1 496
2 348 697
2 393 754
2 434 741
2 710 835
2 314 562
2 774 827
1 706
2 7 346
2 519 527
1 873
2 453 720
1 250
1 248
1 114
2 511 881
1 85
2 188 407
1 160
2 379 419
2 797 802
1 178
2 607 823
2 796 830
1 159
2 366 551
1 346
2 453 620
1 492
1 187
2 810 824
2 281 641
2 791 816
1 147
1 170
1 879
2 369 573
1 264
2 229 270
2 152 877
2 594 689
2 626 794
1 384
2 652 782
2 130 574
1 650
2 651 772
1 45
2 133 648
2 483 677
1 533
1 409
2 825 881
2 237 878
2 837 864
2 319 349
2 891 891
1 848
1 480
2 198 593
1 409
1 18
1 382
2 164 379
2 245 250
2 475 883
1 451
2 853 890
1 39
2 92 815
2 454 884
2 367 671
2 338 759
2 827 836
1 649
2 15 564
1 718
2 264 549
2 510 589
2 762 780
1 885
2 377 592
1 45
2 368 409
2 420 669
1 272
1 397
1 690
2 596 771
1 58
2 654 701
2 872 873
2 366 408
2 222 350
1 606
1 238
2 681 695
1 148
2 239 873
2 157 873
2 734 829
1 530
2 579 753
2 439 478
2 146 584
2 123 746
1 38
2 792 800
1 123
2 582 819
1 592
2 680 768
1 430
2 115 315
1 636
2 96 154
2 571 661
2 115 517
1 268
2 674 844
1 600
1 872
1 866
1 647
2 750 781
2 662 679
1 563
1 369
2 436 810
1 106
1 2
2 476 859
1 661
2 663 670
2 438 579
1 731
1 603
1 702
1 761
1 794
2 19 816
1 547
2 559 751
2 638 875
1 876
1 439
2 843 863
1 23
2 86 841
1 15
1 821
1 789
1 184
2 366 623
1 222
2 562 818
2 785 791
1 163
2 634 851
1 84
2 107 520
2 152 479
2 716 736
1 720
1 447
1 61
1 880
2 402 651
2 818 828
1 130
1 140
1 136
1 124
2 879 887
1 53
1 551
1 118
2 385 618
2 407 471
2 187 663
1 292
1 165
1 624
1 292
1 871
2 651 831
1 823
2 390 457
2 288 324
2 424 482
2 535 746
2 335 570
1 569
1 779
2 855 857
1 474
2 380 774
2 631 670
2 153 279
2 240 683
2 462 621
1 822
2 149 882
1 595
1 832
2 676 731
2 817 843
1 71
1 29
2 402 577
1 155
1 834
1 6
1 697
1 883
1 147
2 272 333
2 133 372
1 484
2 806 881
1 106
2 549 744
2 842 856
1 525
2 387 873
1 713
2 87 633
1 850
1 135
1 708
1 375
2 829 853
2 368 445
1 29
1 112
2 636 804
1 300
1 535
2 470 812
1 398
1 5
2 195 247
1 174
2 58 590
1 2
2 35 847
1 798
2 478 643
2 451 886
2 450 843
2 382 866
2 6 213
1 157
2 870 870
2 582 785
2 783 883
1 12
1 786
2 607 736
2 841 869
1 182
1 614
2 300 303
2 677 751
1 484
1 110
1 57
2 49 383
2 28 660
2 817 840
1 570
2 362 642
1 75
1 170
2 545 705
2 36 338
2 882 886
2 434 735
1 742
2 378 584
1 668
1 782
1 437
2 582 726
1 640
2 567 773
1 457
1 143
2 647 753
1 462
1 128
2 126 647
1 74
2 504 782
1 244
2 575 700
2 725 874
2 394 891
1 267
1 156
1 166
2 534 766
1 779
2 798 805
2 682 856
1 137
2 475 720
2 473 502
2 302 623
2 822 850
2 150 832
1 719
1 756
2 800 813
1 772
1 474
2 479 540
1 437
2 94 222
1 707
2 880 884
1 378
1 453
2 589 641
1 517
1 483
1 371
1 201
1 199
2 596 600
1 509
1 552
1 881
2 789 863
2 362 514
2 10 398
1 28
2 459 880
2 625 764
2 773 845
2 580 702
1 392
1 372
1 342
2 693 693
2 657 877
1 428
1 298
1 794
1 739
1 375
2 192 209
1 11
2 380 858
1 552
1 839
1 464
1 848
2 666 812
2 575 728
2 456 458
1 25
2 467 489
1 345
2 861 872
2 347 850
2 138 607
2 64 277
1 492
2 114 422
2 656 748
2 407 407
2 16 734
2 491 556
2 508 605
2 889 891
2 753 765
2 99 816
1 69
2 764 864
1 512
1 173
2 619 650
2 71 487
1 620
1 101
2 656 730
2 733 772
1 656
2 834 837
1 235
2 23 715
2 124 163
1 311
1 592
2 287 650
1 277
1 718
2 227 478
1 731
1 659
2 523 739
1 440
2 546 726
2 232 555
2 119 665
2 417 701
2 255 323
1 779
1 607
2 689 809
1 343
2 181 673
2 466 651
1 755
1 754
2 500 812
2 888 890
2 755 786
2 361 395
1 455
1 781
2 405 595
2 47 52
1 846
2 683 827
1 177
2 722 747
1 720
2 63 318
1 618
2 335 547
2 317 594
1 571
1 826
1 388
1 491
1 169
1 618
2 190 538
2 22 825
2 839 877
2 264 602
2 746 859
1 790
1 508
2 330 446
1 67
1 327
1 304
1 108
1 762
2 596 622
1 327
2 457 523
1 456
1 688
1 369
2 532 633
2 490 722
1 427
2 149 763
1 274
2 21 663
2 876 888
1 758
1 550
2 287 552
2 539 889
2 469 528
1 652
2 52 456
2 40 510
2 180 474
2 524 853
1 873
1 24
1 276
1 825
1 46
2 243 529
2 806 869
1 204
2 268 583
1 873
1 263
2 813 884
2 687 848
2 382 674
2 293 445
1 636
1 654
1 514
1 869
1 285
1 352
1 147
1 635
2 601 659
1 146
1 68
2 825 877
1 393
2 679 758
2 495 853
2 65 759
1 452
2 292 779
1 844
2 828 836
1 763
2 25 839
2 282 415
1 435
1 651
2 699 793
1 424
1 868
1 878
1 36
1 581
1 794
1 477
1 461
2 646 751
2 569 867
2 89 548
2 114 418
2 54 703
2 361 412
2 718 791
1 200
1 680
2 664 863
2 626 747
1 415
2 266 435
1 729
2 17 768
2 14 588
2 830 850
2 820 871
1 768
1 257
2 585 607
2 631 682
2 752 794
2 636 779
2 319 779
1 462
2 119 405
2 467 675
2 364 510
2 118 283
1 300
1 656
