90 23
-651049087 91599117 321904105 -641697684 -734098613 672999322 821083801 857430103 733704266 -116532262 222134542 -699411167 -125580527 -928655469 -851465020 497716884 -198364213 -26024511 -97895017 550602605 -891362855 860541878 -215103103
-964291708 837823685 -504484595 -974844202 642635363 -226953005 567642794 610611120 -631428074 -271135855 118917585 51298348 -883310064 -272035006 -570510732 -614547585 -960224750 -632809088 704452837 -4746607 -519125406 878131135 -258362918
993039400 306213087 512718404 281307742 -931626432 682863208 -646321992 73798289 334614716 -891831123 239588948 501301690 -489129070 -426058079 318481843 458335998 150262673 856030265 266822031 612425742 567925112 -330103223 190226568
-144826770 -543894870 -549363970 -522306815 -600153566 -530239310 223149846 588173242 -29103234 53252257 -511630803 461458602 -453773613 -816829165 -875383323 -878842549 -67097393 47623496 -330423453 891942883 495386249 -188784107 326410281
-614304040 165007252 -947002834 835268695 -855582518 597372516 458984876 27777785 -25693456 454021613 152295076 303619342 925586933 534799976 8237533 -534217280 -20716053 423949599 946518024 -434519499 -705321390 -955652305 -507755252
628605754 893190239 -312768415 942237849 -176517564 386811868 263401389 -302748626 784662973 116071287 350728235 -999881136 874003017 -330285276 -412572957 -86349781 713792518 901248157 -601349848 460030012 -20468773 476369824 38112101
-537200786 693805010 -507277424 569500885 890424711 -454664469 -326350706 -541916022 112827554 13078795 -944889743 528114621 -554461399 -669943997 -87994908 568612638 -196476090 387842306 -4479360 -538547132 -403796889 -599584025 260109786
734265413 855115778 604340947 -747602258 449223638 111063181 -405375195 -716385894 -624386057 539444440 512846957 -149468263 -5392527 214233012 804806537 -606409542 -560054127 -688941799 -645753521 48092890 -731923043 -236327467 550656411
-934602754 643523465 604157910 607742891 -801151264 940723363 -533028619 -820851686 609011608 185824303 571300381 255152808 -902043315 -550838703 -372617955 -383854632 -482824139 454411876 -784620394 -864626298 -964717636 193247651 996149011
-980157101 438634820 788935686 686103036 -394989208 510743548 259306251 -609949956 -862657113 100356588 42877316 246500721 691233896 882280675 302396138 -273809172 -530983455 -22532408 -502424548 887358393 57137995 536655874 716274482
44019702 353876632 521595563 877519119 69747995 -370743732 813657482 823092400 -582653262 326880092 660704971 -971574067 -254321712 851796153 -681869926 675953467 27292411 618278403 68139828 -991306760 373256772 -421297317 -208470592
-118474839 -706008900 -80396334 765484392 -360389558 -592304710 -138574856 98049153 -740891073 -518282859 -789880566 -127862894 851542178 222370792 -262112809 694091382 946813108 -116584465 662253997 -228470507 -284576225 -142082609 -825836086
-351823133 -125456252 664771806 -501280979 989027127 -715484975 -301401431 -885266010 558202040 -970046043 -975459727 145608816 654809557 -345915071 -684434490 895927410 -829227619 -461791808 -807578952 454730816 443211667 740372492 -473077923
-71969134 -96898383 615196578 196940355 781557249 848019569 -186031172 561315668 -792661282 -419475248 -449944434 -717642846 271171085 -881084560 23227004 -352321866 47831513 -437105564 -15347494 -20445598 126554064 467335491 -50779330
493844271 831019556 -391147909 -69196886 -184113085 775690593 -610981270 93803757 693388598 -814506847 -877919693 417424810 496790179 -556341463 672235631 819509888 669470018 463207597 -442894283 -616959025 -197242396 -849978903 261860611
-979194806 -414119438 915662062 -203599676 -713385643 -576829161 673302016 -12467020 986773337 -904195821 535834668 717548581 54024953 -834737295 8239933 114189995 895603760 -341130327 48852621 240264039 -109723120 -626097437 386351536
20676310 -924059747 682871196 -75717799 194923094 95252852 -656688062 151432412 -691128786 463279277 394711240 -403866927 157973857 -723274038 -300597290 -156735396 -684290073 -656681646 -598139468 -722089121 941290754 243226360 167814393
-801872794 -18790193 955379894 894169515 -821819535 -15155503 718799652 555138157 883624411 -143099635 -799297349 941420555 -84515098 481817447 16233649 502426925 245963801 -296225805 538122647 625169768 -941869794 365930718 570663831
-484560387 647041588 -655245504 -979026747 710237669 -337960506 -499925201 -16154365 81102166 269128826 841945351 197890644 -18120109 -790687590 335044393 236416195 853326958 762583968 -661487276 951727009 751324078 -817461593 -657660046
-797153171 350549115 360662578 -144368945 -865324967 -89397673 -39262418 -444480199 562715984 823295878 593943920 -928478860 -340752472 -742792988 -236851207 -46777794 -233977787 -158671048 -964934803 142137421 -602216612 815391804 -138301792
151640800 995638114 460869036 -786078575 308198887 -788520098 867212407 -802372270 -24693675 -879814295 -298415188 -814172893 -500185782 -490674237 319552910 802840377 -928972861 121782177 -966486226 101819886 -79168205 395503538 -853812035
169500002 -458960842 -930281308 -525060558 245866331 -456276058 655901130 -718561027 -192059569 -974152408 54467601 -751999370 328176253 -474615100 -196147060 -901946666 -121563022 -334134805 -650058040 785674316 371730423 733068347 52922706
374441407 -209506110 -859760285 -328367418 681983149 721930021 -380668931 -848715813 -481557465 467961759 422717732 -182390173 -471583338 361356354 429921559 990457693 110911573 833822433 -89275835 68755321 191183004 -81232659 -383561556
766432961 517357630 585329511 -109101655 -39765918 -225734307 779527176 -220117150 986351327 -146303313 -901200052 586308929 -500437342 -35600684 -251560366 750127192 -447595301 -180177072 497100208 943361767 926443384 -363150269 -740025894
-481284585 -464374536 -509807622 -772568257 51213264 914530382 -498733818 -230970053 481266071 -172708933 -874680688 968656273 569185849 -755580629 893479742 355331788 -414946217 -714781959 -185981515 -196315878 -196205068 -303345865 608010528
460536998 -489312837 708397860 -630948279 82189186 -35153533 -363824319 -346159080 902589478 802144914 -244363718 -489453322 585681176 78873142 192629225 -567244008 361499683 177935789 862489816 115924471 -250994943 612255269 -947129046
502326005 -680391520 -716849910 520241173 -29720327 522720782 -847808307 313719723 -371229606 442909336 -672820767 -38966989 -103454844 494814337 -718058310 -187550794 297333108 -785182804 -177925954 922826546 -844448211 -958552268 174426373
-409820876 -681145744 271805138 -444441005 925779920 -537155395 -126546800 245352397 185579057 -416630119 -413717844 -21941143 -137326737 -945244850 -466536156 907059337 86339788 521725900 -333462253 -403485579 -198913731 921704078 127365452
-943043255 611890529 343544406 -283798167 -292312426 984615835 851814981 -637984927 -895438397 935919981 -455306831 -291468580 -41931293 909614025 -775313327 100481561 -251653511 96567219 589347338 -169295019 461393723 138357312 336560370
525848116 917407073 -559929744 454092102 -266208889 372300859 452219664 177597003 888142278 -414417470 167539731 -681595520 -392907131 838896643 -935070274 363774083 525436723 -356520493 -983069019 -11685703 -199677782 -947327809 139319993
198435673 980219289 -224433023 -807811930 79560526 -128245500 -670087367 -947787804 -86229310 -264248518 945989210 336231029 -981721504 -400706155 -549565409 483682982 -751529193 -786504922 239399242 -377711044 493080969 157651628 443016966
555095663 -164913546 -994194892 -512340886 389844227 -23195854 289332504 264308685 790611023 964497991 -963768353 432983282 495684626 -53676771 747361592 471223855 94802608 392854264 -282815896 -937508208 698316319 974678725 -791172410
164917550 -50735712 116589229 -177292813 490260043 732309193 -804824382 -9995374 -510890199 775591487 -118884110 157747586 338515118 905386726 904733773 890015096 328919081 -294974010 -713393677 -131504061 169621288 872145614 335075328
79584619 -185339033 980727205 164214142 162606401 -740327650 982784673 461786184 782191032 -383416092 -907708870 975218546 -750680705 -922617956 -771444577 -624679972 -320347368 -164339640 -470570566 208567556 -355692810 946380895 -655398361
245770099 903324775 284059344 -41375294 -488805432 949647986 247445923 -655907681 -686746229 419739053 -279237961 -54540797 343311102 -835745909 -224101967 495643215 956344699 -468715224 886548557 -914926313 -67657993 -871270599 111563525
-868834837 19341735 949341683 -604084337 588888621 -66358639 928574235 -597235288 444359505 535897123 135889846 123147677 -346206408 -311591214 -993343782 -222204922 282698290 10710921 393885109 -187724668 -988855376 -624923970 425641522
-295651136 -370477186 461037646 -569720894 -864262680 987930227 304058108 -335887916 25738059 -134095857 -390114689 359490313 -488011390 912662346 104907701 -70984923 -209881539 993334497 -19630997 271483550 -275272846 -72748931 272985940
-713441004 -238704034 -792115096 410939225 -262571884 400822813 269220597 764627183 415570702 -135064976 -146897617 -919329673 -244315540 -37620600 549209009 369198414 443197182 746019872 -427272821 211318976 910817323 641884343 -756290849
499477197 -415391892 -279523156 -823782333 -682847636 643406075 -865490201 -953423822 -480520044 -705254968 -71682584 -440304200 120978453 870635575 660184290 -614719813 -69541001 -748056181 -301814602 -770210363 252850949 266359760 600730171
821389080 -887239581 280353627 915127986 -141432407 677036843 -183236406 -545734401 -682583295 642813060 470885509 -593991038 410385555 930071507 851265330 -980820256 -791140038 -806226147 68967762 329684930 247863938 -178716141 -481260207
-792632788 -637020712 845935786 925393593 -874297212 -417788421 10650690 16167896 -751248372 30263599 -18473791 91760041 -90097531 -785340730 840661746 -914851288 -748066739 38751715 -417490601 -15896271 -132861686 -494776886 -141409963
-873577027 441785052 -734046136 -259723470 839867884 532802682 -141720854 372643419 -180955854 -142807966 -952811977 -72802191 -195224699 319688177 420790832 -849585545 342946505 766105016 962781189 403211248 442667276 559808560 -304037713
153033366 -320922749 -762752212 789532076 -130192650 666024723 -129466855 -396228600 -310565429 533146989 -935682175 205978029 583241431 -141736643 -764239666 140013441 302036802 -816963396 510148067 429532039 363193255 -936359727 909729971
-778168901 464839299 862227289 914082995 -937314436 -997406759 148725198 -131893448 125676257 710082918 -215953987 -590760660 -237159683 -958933890 821796604 112718242 655010874 809849529 547321067 -198524836 360247982 -521403597 -339914811
-827058841 153797929 -816796180 -410354570 -524554751 -981338542 -785221437 -946431602 -430831577 -690147963 -857945116 103290629 -859114616 -521845730 838839101 -206526925 -651849377 -881658019 201908800 956781001 660983130 900419726 -19867936
926887850 -670642836 -286625500 -571370556 530998761 -70173499 -83146002 134374074 -352120359 -249582680 -848793893 678214663 -94095807 612806709 -166090004 991172202 -655557490 -937824867 -247935638 923482407 -794657865 -156964960 870678438
886290565 433645708 483449011 -586141307 971587446 630546641 244855232 -217146369 -20965560 76024960 379439880 -191710448 -454484976 -216357802 183433459 -439711852 -716739932 65088102 -569395147 464025385 103923577 -404416304 -790634549
126097058 829341903 -747927733 -150576096 -656734862 -499469169 -899484121 257205801 603818905 -991709956 307793094 -616502442 243417093 316121338 -634713804 -825260120 473951267 893858314 545372513 306944168 -294811584 90139033 723768240
-354888011 796078077 180043497 -108193111 998917980 -107488053 118326663 -426177266 550878371 884199565 -929344916 -201310564 -85288035 -997029268 -798363162 -468100474 -316598745 235259367 844210570 382288163 -15371941 -217322346 -45256075
433906810 -278225875 228024854 891241863 663620094 932954597 -131758337 -190954290 922738991 -860236439 700548418 472051470 451031392 -503780840 -474103848 157211307 -535161572 660079976 -643415020 603277549 981604728 549259361 -368475177
37001864 -26987510 -583339181 60766368 -558549693 671110774 149909323 812980775 -59801051 -701343663 -83229869 -353985541 810017098 -830413423 756713146 560958544 -780068139 -664169322 679524145 -346738284 -469474436 -838167629 -921485875
-88043139 -126141800 -768892737 884955461 220237986 -72300408 -470523007 -389929678 280830255 -747615602 658427699 312083535 -994251039 -158622482 -479925437 447054681 -462273926 -517960924 38079723 -946843168 -914116104 -983961912 373756244
991581817 -123176182 488534319 -189525555 514292807 738098040 280039816 522642053 153704776 -21652493 -244222684 288905102 927458401 404630243 653491944 -198903183 -232436414 435021534 335016365 -18847694 -380300733 -817320432 877759528
-499263173 -758564165 -825255558 -543800686 -308473029 -606938995 312815641 -134508249 -210528803 600375595 559561007 131525124 456121500 47276942 -689278130 -998827537 -639131439 -86456739 -861625921 -863519297 -432349720 -552779538 -251909577
-810488348 -537435875 293277307 843266038 534110211 724200390 -662368112 -658236054 -265265291 300756517 561757294 -751618028 424464384 563127914 834938934 368939822 191001702 743624786 -944688425 29470494 -876904909 964653529 -828070110
-894023945 110543846 -371026596 621578171 535563762 -930693640 -102117310 -19270860 -628589806 771239592 -769766679 435820114 755222383 172349114 16066807 264463505 894689752 925176128 574726424 234970204 -120119676 -94150119 -197891216
509577304 107324920 -232902906 909241699 583293689 873255378 -988934095 -663589197 490692626 469148815 974627129 -926833591 525692115 900968150 -619882991 814309255 38347278 95491545 -698673634 -725790724 -229063512 334603169 -486027699
982783041 354785296 -392612486 489807577 -270647877 -771819315 288947314 24233500 257552211 -682599051 -455342939 -448275698 -568333704 875949006 369784798 56330525 633684364 930504249 -228815736 -601603360 522345906 143897073 261378877
-299341306 738588544 -320230019 -561758591 -40339039 710249033 -69973254 -427893379 -232603418 -359482033 964884755 571408678 -901186600 562395277 -592507207 -377415610 118570104 240621536 -192558464 673275090 -480094843 708517301 470065808
-260126465 437175438 655436637 580320110 886779936 -696117146 859603735 -220703960 -52269358 -902859677 44558490 -301430429 -37134524 67116295 219440009 -630212530 333950810 -817300514 69832469 -27772183 861414209 348050120 638884369
-137940036 -331088759 -105161272 908287243 741262662 497385137 -252263498 -4976292 -545904287 -431733878 -872475583 235949608 881253334 -581453293 972563477 591782885 -742043886 -281723116 415766967 -623391347 556912962 -751109927 -646763829
932449106 606798737 -877857009 68065667 -812347092 -792873353 -170110521 854289093 566477897 216562598 241697267 -209903204 -342048270 -264825357 626427107 232723998 -324458996 411581622 202106003 110949306 212612148 41455807 -890112329
935231034 -776492558 191091189 319495688 775671770 571171437 558157300 -475944344 -917198953 660241199 591796650 -534274677 -488874681 939499094 383882025 -907820997 -270378725 -284733263 562253005 -785825130 255402993 21319848 624901483
760984781 -459985626 -359647528 -675869777 -290756932 -646668685 747794288 101455800 -698527759 854301070 -511742854 -253324256 -852141534 -478940310 515500772 569950590 -151243079 -332476229 81790193 543238424 -157261775 -278493716 -158330590
562876896 706189617 750627363 516254464 -532572608 -315130269 -651338970 914654518 -375423911 505231565 -613892560 -53438187 -258032247 -554835279 30922902 428000818 121364136 618966584 833105013 297246652 910074837 64328929 -527330556
-746507671 337654743 685196064 -760564038 55684554 -14369744 834197745 -307793995 -710479166 -320319830 36341761 54846206 567292926 -844628765 -851431370 -398460315 888010361 938276238 578000571 -282701905 -620970464 -46256535 87297223
-211774198 696017335 -576388510 3131280 148706613 -837722047 -376697075 779922292 -346792261 697504841 269303239 105938851 979376630 -979205234 729290961 -707175568 554652312 528988120 200816552 268856924 980620959 503334124 57338077
-224899134 876540313 351576189 790961950 -66216907 -540792087 -111369080 656194070 -108724240 -973862625 -931161077 -306728848 -869014221 -507007676 823899010 88479910 493629726 582380117 -505194629 -790241592 -746324835 105787016 -912575390
30163276 -508985273 262649782 454149534 928345690 273200680 976268558 -978388381 -213496306 21828965 998962498 522072818 172052210 -905563478 232852955 888758009 -616382887 116866347 -751189414 -934155899 -475206379 -518075427 -733091633
-520484793 250522105 159240408 -769204420 864563390 -382502884 707223264 -19236428 -930515517 -955010078 500140615 -116062405 -899515404 51104410 -476705749 683872743 264092625 -503111410 617570841 52503788 -493549862 597945218 332513376
803470781 373578317 -508532502 -712346947 671335340 999471752 821807586 440449692 53168720 881807480 -601966936 -500960988 -723626126 -722210609 -247682385 12446884 -457331018 -853771176 -843761807 384008327 -460526421 544876240 -33150308
-248396082 -380879275 -453717968 978245209 -430265449 -33183178 -726638172 889477842 129166140 -905475583 -695449720 150625863 -319826079 -27768662 345841912 -299667591 562388014 -355348046 -947874756 -427076789 -76332951 -571513597 400426907
57920088 832331789 -258822276 20752194 -290040778 -857821171 -429558434 -970225031 -970990281 957767977 38851367 -111460535 -449999812 453942064 768920237 -28480622 -500124493 -569133878 -332928833 996032758 699147969 -736585399 535758438
33745433 198405912 -803015409 513864432 -507633335 -100984186 471917367 -988596755 130462323 -975615055 181233059 97840431 787219350 -821133976 -869479904 -890316244 943100552 398500543 844694125 376338002 -673524007 -935128372 -998573608
954366054 -939909128 -402300967 -601753513 -600787948 923954631 485002360 -727854395 -766130995 -145326937 -431669325 632193222 208920427 373235847 568689678 118147047 -585866155 -145476276 -115124123 663228143 70280301 -697296117 -476822473
849247579 441209726 326408257 897901900 -907859650 -156110276 505076032 986078383 961263196 -459635657 126520675 -660946967 -239307989 689769055 -741706369 621137789 -866779092 900569958 -785245882 -784711009 -317319534 629906921 129471055
-963362885 512411086 320827049 -746984044 186353844 -234819396 -364452564 -428159497 995638670 733918094 -428972006 -648760171 778431301 882998634 661530432 682331475 897986067 114522353 -858106600 231461483 14500886 -15566787 -58852520
41595147 -564498829 923099391 -90352466 -551855968 -231720790 -193941087 -648490736 376822489 -52156253 537668403 -435641391 -878941702 121120498 -924494343 -288212419 946117161 -557481933 753129004 -340351113 186659367 829245005 435758506
-473269628 -762655175 -568149592 354700997 -839163872 -220003935 768996446 295626267 -408528750 -725077270 -208671681 252397065 635172855 -995566238 494534506 -572841154 -114305697 -647126956 -290384280 919362376 370932316 234935618 -396858832
-448595317 -491497276 564567967 -37099090 -292079532 -134248027 700294707 -852080338 -767716305 -157501499 689971153 -524937683 66328984 468291363 -297981741 -779998285 -610282565 -147393507 -642895870 -405899228 -483550804 87363142 -526419084
-248600464 524070301 517005159 652775926 -947221241 -219428862 361476555 -657704614 -504851935 384556451 -422951754 -285250908 718535810 693636519 -320213612 775550795 905597676 -776681364 -988586039 361465247 -870430834 612829572 928853189
-665039938 -744594895 -85166835 279006131 917074047 -238027415 -777566940 -927476097 -961138368 -822024783 268272441 644612728 -64703145 809044123 715172101 -219982491 983105676 -470060289 -357572433 59977749 -165908499 -672974522 44261351
324869659 263045634 588080843 511754547 497505304 -163450957 292170021 -433563206 278176732 582663756 -708911960 558608650 546759151 -400483255 987270687 712089772 427358478 942269586 -91497512 673767508 -572670216 824036021 -210852753
822615603 517995653 -468244836 394864122 776078559 992813639 544000144 861569632 -305577924 752670394 448870304 957325842 445665661 -406570484 723045862 -206454236 -999869927 -184184058 389872588 203558473 445018465 434987717 239985411
-384280614 669406254 -958204665 -691774748 -142676457 -352944015 -337441263 623213160 -263583202 907534650 296327258 847503110 334430422 402306307 -358732035 -260644649 -10204617 178644819 470594991 750682441 661420149 -788235850 389890009
720295200 -171631659 -911567063 -932194073 753250813 934899756 734230066 -979866948 -890462628 -780119260 346817369 682068497 79009773 -869234939 -635315402 902233157 -681358668 928678610 660561343 -879780776 219110886 104799717 -998514907
123917102 -745275119 -182677659 -474790765 -440390984 -15996667 -41048191 626518204 -796639241 -562727387 882588119 216144921 -919395590 -600961580 656227837 -775080915 -402293439 -749692280 -701213537 -231976032 506332550 -990003821 341098114
-87633151 -923588663 426352424 -166413240 -137381185 193311651 -815757492 -234551163 -865376693 356605214 -402749331 -6611135 -636403772 387981348 308970131 -675235558 -568461968 729717420 -274492257 258657226 -348769534 222534351 99684965
-476220590 -505422517 -218649282 -876582763 692036189 192485019 22208996 -150383175 609971595 284873769 -926457460 -744627812 708420706 -103341396 951490198 678433975 579989804 489810393 -428918627 967825878 -687679411 -442991300 -583263430
628208597 -12425520 73787791 231817543 414341470 998079739 850252503 381732030 -228844874 -470479813 906323029 -323495187 371402759 939132322 -76588955 980181546 -923243181 369751605 653837557 -789769937 78263531 -439697792 688326952
