9 7
-793630255 885906113 6420785 94410005 -880353608 298895859 -31142966
587556452 -957076801 -915844864 -51433019 -392676679 -741879843 -228098881
-364043765 32711005 -745034175 478888636 -317136335 890807583 -110377007
971895663 -862244291 -534378015 487072553 213733847 216767345 857793610
-430080408 93002521 123666637 968647559 -798264300 978170909 236835680
-821517294 995648389 -403603925 -315878379 -979906636 433252869 808915841
-716966247 389795880 538300944 806862939 -378505152 -431496301 -606599543
-145686441 259526933 187175097 -956819364 -645793058 780135156 -205843162
-989916529 -685518708 455599934 223246209 -420162303 511264303 578817137
