10 5
716179948 719942744 -8980615 117716878 676173641
457882697 -746007609 547546835 374219920 249877984
-692151164 154000220 629114640 120660751 -772565147
-109520262 17049163 -431871151 -599854337 662654181
582519737 -20424613 -534961650 220702609 -709621184
-959649216 -303912494 326362138 -678575678 314465555
-522568460 324855674 -170021240 938315458 464197940
-33739755 -227962659 316543759 -61481028 937778816
498151584 -786797069 -870666796 431870609 402607539
440183867 -632974459 -548206889 -230874071 -723132883
